!  3-21G  EMSL  Basis Set Exchange Library   2/15/13 3:06 PM
! Elements                             References
! --------                             ----------
!  H - Ne: J.S. Binkley, J.A. Pople, W.J. Hehre, J. Am. Chem. Soc 102 939 (1980)
! Na - Ar: M.S. Gordon, J.S. Binkley, J.A. Pople, W.J. Pietro and W.J. Hehre, 
!          J. Am. Chem. Soc. 104, 2797 (1983).
!  K - Ca: K.D. Dobbs, W.J. Hehre, J. Comput. Chem. 7, 359 (1986). 
! Ga - Kr: K.D. Dobbs, W.J. Hehre, J. Comput. Chem. 7, 359 (1986).
! Sc - Zn: K.D. Dobbs, W.J. Hehre, J. Comput. Chem. 8, 861 (1987). 
!  Y - Cd: K.D. Dobbs, W.J. Hehre, J. Comput. Chem. 8, 880 (1987). 
! Cs     : A 3-21G quality set derived from the Huzinage MIDI basis sets.
!          E.D. Glendening and D. Feller, J. Phys. Chem. 99, 3060 (1995)
!   


H:3-21G
EMSL BASIS SET LIBRARY

  1
    0
    2
    3

     5.4471780     0.8245470     0.1831920

 0.1562850  0.0000000 
 0.9046910  0.0000000 
 0.0000000  1.0000000 

HE:3-21G
EMSL BASIS SET LIBRARY

  1
    0
    2
    3

    13.6267000     1.9993500     0.3829930

 0.1752300  0.0000000 
 0.8934830  0.0000000 
 0.0000000  1.0000000 

LI:3-21G
EMSL BASIS SET LIBRARY

  2
    0    1
    3    2
    6    3

    36.8382000     5.4817200     1.1132700     0.5402050     0.1022550
     0.0285650

 0.0696686  0.0000000  0.0000000 
 0.3813460  0.0000000  0.0000000 
 0.6817020  0.0000000  0.0000000 
 0.0000000 -0.2631270  0.0000000 
 0.0000000  1.1433900  0.0000000 
 0.0000000  0.0000000  1.0000000 

     0.5402050     0.1022550     0.0285650

 0.1615460  0.0000000 
 0.9156630  0.0000000 
 0.0000000  1.0000000 

BE:3-21G
EMSL BASIS SET LIBRARY

  2
    0    1
    3    2
    6    3

    71.8876000    10.7289000     2.2220500     1.2954800     0.2688810
     0.0773500

 0.0644263  0.0000000  0.0000000 
 0.3660960  0.0000000  0.0000000 
 0.6959340  0.0000000  0.0000000 
 0.0000000 -0.4210640  0.0000000 
 0.0000000  1.2240700  0.0000000 
 0.0000000  0.0000000  1.0000000 

     1.2954800     0.2688810     0.0773500

 0.2051320  0.0000000 
 0.8825280  0.0000000 
 0.0000000  1.0000000 

B:3-21G
EMSL BASIS SET LIBRARY

  2
    0    1
    3    2
    6    3

   116.4340000    17.4314000     3.6801600     2.2818700     0.4652480
     0.1243280

 0.0629605  0.0000000  0.0000000 
 0.3633040  0.0000000  0.0000000 
 0.6972550  0.0000000  0.0000000 
 0.0000000 -0.3686620  0.0000000 
 0.0000000  1.1994400  0.0000000 
 0.0000000  0.0000000  1.0000000 

     2.2818700     0.4652480     0.1243280

 0.2311520  0.0000000 
 0.8667640  0.0000000 
 0.0000000  1.0000000 

C:3-21G
EMSL BASIS SET LIBRARY

  2
    0    1
    3    2
    6    3

   172.2560000    25.9109000     5.5333500     3.6649800     0.7705450
     0.1958570

 0.0617669  0.0000000  0.0000000 
 0.3587940  0.0000000  0.0000000 
 0.7007130  0.0000000  0.0000000 
 0.0000000 -0.3958970  0.0000000 
 0.0000000  1.2158400  0.0000000 
 0.0000000  0.0000000  1.0000000 

     3.6649800     0.7705450     0.1958570

 0.2364600  0.0000000 
 0.8606190  0.0000000 
 0.0000000  1.0000000 

N:3-21G
EMSL BASIS SET LIBRARY

  2
    0    1
    3    2
    6    3

   242.7660000    36.4851000     7.8144900     5.4252200     1.1491500
     0.2832050

 0.0598657  0.0000000  0.0000000 
 0.3529550  0.0000000  0.0000000 
 0.7065130  0.0000000  0.0000000 
 0.0000000 -0.4133010  0.0000000 
 0.0000000  1.2244200  0.0000000 
 0.0000000  0.0000000  1.0000000 

     5.4252200     1.1491500     0.2832050

 0.2379720  0.0000000 
 0.8589530  0.0000000 
 0.0000000  1.0000000 

O:3-21G
EMSL BASIS SET LIBRARY

  2
    0    1
    3    2
    6    3

   322.0370000    48.4308000    10.4206000     7.4029400     1.5762000
     0.3736840

 0.0592394  0.0000000  0.0000000 
 0.3515000  0.0000000  0.0000000 
 0.7076580  0.0000000  0.0000000 
 0.0000000 -0.4044530  0.0000000 
 0.0000000  1.2215600  0.0000000 
 0.0000000  0.0000000  1.0000000 

     7.4029400     1.5762000     0.3736840

 0.2445860  0.0000000 
 0.8539550  0.0000000 
 0.0000000  1.0000000 

F:3-21G
EMSL BASIS SET LIBRARY

  2
    0    1
    3    2
    6    3

   413.8010000    62.2446000    13.4340000     9.7775900     2.0861700
     0.4823830

 0.0585483  0.0000000  0.0000000 
 0.3493080  0.0000000  0.0000000 
 0.7096320  0.0000000  0.0000000 
 0.0000000 -0.4073270  0.0000000 
 0.0000000  1.2231400  0.0000000 
 0.0000000  0.0000000  1.0000000 

     9.7775900     2.0861700     0.4823830

 0.2466800  0.0000000 
 0.8523210  0.0000000 
 0.0000000  1.0000000 

NE:3-21G
EMSL BASIS SET LIBRARY

  2
    0    1
    3    2
    6    3

   515.7240000    77.6538000    16.8136000    12.4830000     2.6645100
     0.6062500

 0.0581430  0.0000000  0.0000000 
 0.3479510  0.0000000  0.0000000 
 0.7107140  0.0000000  0.0000000 
 0.0000000 -0.4099220  0.0000000 
 0.0000000  1.2243100  0.0000000 
 0.0000000  0.0000000  1.0000000 

    12.4830000     2.6645100     0.6062500

 0.2474600  0.0000000 
 0.8517430  0.0000000 
 0.0000000  1.0000000 

NA:3-21G
EMSL BASIS SET LIBRARY

  2
    0    1
    4    3
    9    6

   547.6130000    82.0678000    17.6917000    17.5407000     3.7939800
     0.9064410     0.5018240     0.0609458     0.0244349

 0.0674911  0.0000000  0.0000000  0.0000000 
 0.3935050  0.0000000  0.0000000  0.0000000 
 0.6656050  0.0000000  0.0000000  0.0000000 
 0.0000000 -0.1119370  0.0000000  0.0000000 
 0.0000000  0.2546540  0.0000000  0.0000000 
 0.0000000  0.8444170  0.0000000  0.0000000 
 0.0000000  0.0000000 -0.2196600  0.0000000 
 0.0000000  0.0000000  1.0891200  0.0000000 
 0.0000000  0.0000000  0.0000000  1.0000000 

    17.5407000     3.7939800     0.9064410     0.5018240     0.0609458
     0.0244349

 0.1282330  0.0000000  0.0000000 
 0.4715330  0.0000000  0.0000000 
 0.6042730  0.0000000  0.0000000 
 0.0000000  0.0090665  0.0000000 
 0.0000000  0.9972020  0.0000000 
 0.0000000  0.0000000  1.0000000 

MG:3-21G
EMSL BASIS SET LIBRARY

  2
    0    1
    4    3
    9    6

   652.8410000    98.3805000    21.2996000    23.3727000     5.1995300
     1.3150800     0.6113490     0.1418410     0.0464011

 0.0675982  0.0000000  0.0000000  0.0000000 
 0.3917780  0.0000000  0.0000000  0.0000000 
 0.6666610  0.0000000  0.0000000  0.0000000 
 0.0000000 -0.1102460  0.0000000  0.0000000 
 0.0000000  0.1841190  0.0000000  0.0000000 
 0.0000000  0.8963990  0.0000000  0.0000000 
 0.0000000  0.0000000 -0.3611010  0.0000000 
 0.0000000  0.0000000  1.2150500  0.0000000 
 0.0000000  0.0000000  0.0000000  1.0000000 

    23.3727000     5.1995300     1.3150800     0.6113490     0.1418410
     0.0464011

 0.1210140  0.0000000  0.0000000 
 0.4628100  0.0000000  0.0000000 
 0.6069070  0.0000000  0.0000000 
 0.0000000  0.0242633  0.0000000 
 0.0000000  0.9866730  0.0000000 
 0.0000000  0.0000000  1.0000000 

AL:3-21G
EMSL BASIS SET LIBRARY

  2
    0    1
    4    3
    9    6

   775.7370000   116.9520000    25.3326000    29.4796000     6.6331400
     1.7267500     0.9461600     0.2025060     0.0639088

 0.0668347  0.0000000  0.0000000  0.0000000 
 0.3890610  0.0000000  0.0000000  0.0000000 
 0.6694680  0.0000000  0.0000000  0.0000000 
 0.0000000 -0.1079020  0.0000000  0.0000000 
 0.0000000  0.1462450  0.0000000  0.0000000 
 0.0000000  0.9237300  0.0000000  0.0000000 
 0.0000000  0.0000000 -0.3203270  0.0000000 
 0.0000000  0.0000000  1.1841200  0.0000000 
 0.0000000  0.0000000  0.0000000  1.0000000 

    29.4796000     6.6331400     1.7267500     0.9461600     0.2025060
     0.0639088

 0.1175740  0.0000000  0.0000000 
 0.4611740  0.0000000  0.0000000 
 0.6055350  0.0000000  0.0000000 
 0.0000000  0.0519383  0.0000000 
 0.0000000  0.9726600  0.0000000 
 0.0000000  0.0000000  1.0000000 

SI:3-21G
EMSL BASIS SET LIBRARY

  2
    0    1
    4    3
    9    6

   910.6550000   137.3360000    29.7601000    36.6716000     8.3172900
     2.2164500     1.0791300     0.3024220     0.0933392

 0.0660823  0.0000000  0.0000000  0.0000000 
 0.3862290  0.0000000  0.0000000  0.0000000 
 0.6723800  0.0000000  0.0000000  0.0000000 
 0.0000000 -0.1045110  0.0000000  0.0000000 
 0.0000000  0.1074100  0.0000000  0.0000000 
 0.0000000  0.9514460  0.0000000  0.0000000 
 0.0000000  0.0000000 -0.3761080  0.0000000 
 0.0000000  0.0000000  1.2516500  0.0000000 
 0.0000000  0.0000000  0.0000000  1.0000000 

    36.6716000     8.3172900     2.2164500     1.0791300     0.3024220
     0.0933392

 0.1133550  0.0000000  0.0000000 
 0.4575780  0.0000000  0.0000000 
 0.6074270  0.0000000  0.0000000 
 0.0000000  0.0671030  0.0000000 
 0.0000000  0.9568830  0.0000000 
 0.0000000  0.0000000  1.0000000 

P:3-21G
EMSL BASIS SET LIBRARY

  2
    0    1
    4    3
    9    6

  1054.9000000   159.1950000    34.5304000    44.2866000    10.1019000
     2.7399700     1.2186500     0.3955460     0.1228110

 0.0655410  0.0000000  0.0000000  0.0000000 
 0.3840360  0.0000000  0.0000000  0.0000000 
 0.6745410  0.0000000  0.0000000  0.0000000 
 0.0000000 -0.1021300  0.0000000  0.0000000 
 0.0000000  0.0815920  0.0000000  0.0000000 
 0.0000000  0.9697880  0.0000000  0.0000000 
 0.0000000  0.0000000 -0.3714950  0.0000000 
 0.0000000  0.0000000  1.2709900  0.0000000 
 0.0000000  0.0000000  0.0000000  1.0000000 

    44.2866000    10.1019000     2.7399700     1.2186500     0.3955460
     0.1228110

 0.1108510  0.0000000  0.0000000 
 0.4564950  0.0000000  0.0000000 
 0.6069360  0.0000000  0.0000000 
 0.0000000  0.0915820  0.0000000 
 0.0000000  0.9349240  0.0000000 
 0.0000000  0.0000000  1.0000000 

S:3-21G
EMSL BASIS SET LIBRARY

  2
    0    1
    4    3
    9    6

  1210.6200000   182.7470000    39.6673000    52.2236000    11.9629000
     3.2891100     1.2238400     0.4573030     0.1422690

 0.0650070  0.0000000  0.0000000  0.0000000 
 0.3820400  0.0000000  0.0000000  0.0000000 
 0.6765450  0.0000000  0.0000000  0.0000000 
 0.0000000 -0.1003100  0.0000000  0.0000000 
 0.0000000  0.0650880  0.0000000  0.0000000 
 0.0000000  0.9814550  0.0000000  0.0000000 
 0.0000000  0.0000000 -0.2860890  0.0000000 
 0.0000000  0.0000000  1.2280600  0.0000000 
 0.0000000  0.0000000  0.0000000  1.0000000 

    52.2236000    11.9629000     3.2891100     1.2238400     0.4573030
     0.1422690

 0.1096460  0.0000000  0.0000000 
 0.4576490  0.0000000  0.0000000 
 0.6042610  0.0000000  0.0000000 
 0.0000000  0.1647770  0.0000000 
 0.0000000  0.8708550  0.0000000 
 0.0000000  0.0000000  1.0000000 

CL:3-21G
EMSL BASIS SET LIBRARY

  2
    0    1
    4    3
    9    6

  1376.4000000   207.8570000    45.1554000    60.8014000    13.9765000
     3.8871000     1.3529900     0.5269550     0.1667140

 0.0645827  0.0000000  0.0000000  0.0000000 
 0.3803630  0.0000000  0.0000000  0.0000000 
 0.6781900  0.0000000  0.0000000  0.0000000 
 0.0000000 -0.0987639  0.0000000  0.0000000 
 0.0000000  0.0511338  0.0000000  0.0000000 
 0.0000000  0.9913370  0.0000000  0.0000000 
 0.0000000  0.0000000 -0.2224010  0.0000000 
 0.0000000  0.0000000  1.1825200  0.0000000 
 0.0000000  0.0000000  0.0000000  1.0000000 

    60.8014000    13.9765000     3.8871000     1.3529900     0.5269550
     0.1667140

 0.1085980  0.0000000  0.0000000 
 0.4586820  0.0000000  0.0000000 
 0.6019620  0.0000000  0.0000000 
 0.0000000  0.2192160  0.0000000 
 0.0000000  0.8223210  0.0000000 
 0.0000000  0.0000000  1.0000000 

AR:3-21G
EMSL BASIS SET LIBRARY

  2
    0    1
    4    3
    9    6

  1553.7100000   234.6780000    51.0121000    70.0453000    16.1473000
     4.5349200     1.5420900     0.6072670     0.1953730

 0.0641707  0.0000000  0.0000000  0.0000000 
 0.3787970  0.0000000  0.0000000  0.0000000 
 0.6797520  0.0000000  0.0000000  0.0000000 
 0.0000000 -0.0974661  0.0000000  0.0000000 
 0.0000000  0.0390569  0.0000000  0.0000000 
 0.0000000  0.9999160  0.0000000  0.0000000 
 0.0000000  0.0000000 -0.1768660  0.0000000 
 0.0000000  0.0000000  1.1469000  0.0000000 
 0.0000000  0.0000000  0.0000000  1.0000000 

    70.0453000    16.1473000     4.5349200     1.5420900     0.6072670
     0.1953730

 0.1076190  0.0000000  0.0000000 
 0.4595760  0.0000000  0.0000000 
 0.6000410  0.0000000  0.0000000 
 0.0000000  0.2556870  0.0000000 
 0.0000000  0.7898420  0.0000000 
 0.0000000  0.0000000  1.0000000 

K:3-21G
EMSL BASIS SET LIBRARY

  2
    0    1
    5    4
   12    9

  1721.1755000   260.0163300    56.6245540    71.5572000    15.4389400
     4.4745510     4.1212750     1.1886210     0.3756740     0.2445770
     0.0389720     0.0160630

 0.0648747  0.0000000  0.0000000  0.0000000  0.0000000 
 0.3808593  0.0000000  0.0000000  0.0000000  0.0000000 
 0.6773681  0.0000000  0.0000000  0.0000000  0.0000000 
 0.0000000 -0.1093429  0.0000000  0.0000000  0.0000000 
 0.0000000  0.1130640  0.0000000  0.0000000  0.0000000 
 0.0000000  0.9462575  0.0000000  0.0000000  0.0000000 
 0.0000000  0.0000000 -0.2699730  0.0000000  0.0000000 
 0.0000000  0.0000000  0.3646323  0.0000000  0.0000000 
 0.0000000  0.0000000  0.8107533  0.0000000  0.0000000 
 0.0000000  0.0000000  0.0000000 -0.2688250  0.0000000 
 0.0000000  0.0000000  0.0000000  1.1289830  0.0000000 
 0.0000000  0.0000000  0.0000000  0.0000000  1.0000000 

    71.5572000    15.4389400     4.4745510     4.1212750     1.1886210
     0.3756740     0.2445770     0.0389720     0.0160630

 0.1339654  0.0000000  0.0000000  0.0000000 
 0.5302673  0.0000000  0.0000000  0.0000000 
 0.5117992  0.0000000  0.0000000  0.0000000 
 0.0000000  0.0199492  0.0000000  0.0000000 
 0.0000000  0.4340213  0.0000000  0.0000000 
 0.0000000  0.6453226  0.0000000  0.0000000 
 0.0000000  0.0000000  0.0003081  0.0000000 
 0.0000000  0.0000000  0.9998787  0.0000000 
 0.0000000  0.0000000  0.0000000  1.0000000 

CA:3-21G
EMSL BASIS SET LIBRARY

  2
    0    1
    5    4
   12    9

  1915.4348000   289.5332400    63.1063520    80.3974400    17.3307500
     5.0836240     4.7822290     1.4625580     0.4792230     0.4396820
     0.0591300     0.0238970

 0.0646240  0.0000000  0.0000000  0.0000000  0.0000000 
 0.3798380  0.0000000  0.0000000  0.0000000  0.0000000 
 0.6783290  0.0000000  0.0000000  0.0000000  0.0000000 
 0.0000000 -0.1093030  0.0000000  0.0000000  0.0000000 
 0.0000000  0.1089000  0.0000000  0.0000000  0.0000000 
 0.0000000  0.9492770  0.0000000  0.0000000  0.0000000 
 0.0000000  0.0000000 -0.2816070  0.0000000  0.0000000 
 0.0000000  0.0000000  0.3410510  0.0000000  0.0000000 
 0.0000000  0.0000000  0.8381040  0.0000000  0.0000000 
 0.0000000  0.0000000  0.0000000 -0.2697050  0.0000000 
 0.0000000  0.0000000  0.0000000  1.1132930  0.0000000 
 0.0000000  0.0000000  0.0000000  0.0000000  1.0000000 

    80.3974400    17.3307500     5.0836240     4.7822290     1.4625580
     0.4792230     0.4396820     0.0591300     0.0238970

 0.1354330  0.0000000  0.0000000  0.0000000 
 0.5372220  0.0000000  0.0000000  0.0000000 
 0.5018040  0.0000000  0.0000000  0.0000000 
 0.0000000  0.0190090  0.0000000  0.0000000 
 0.0000000  0.4360380  0.0000000  0.0000000 
 0.0000000  0.6386710  0.0000000  0.0000000 
 0.0000000  0.0000000  0.0003080  0.0000000 
 0.0000000  0.0000000  0.9998960  0.0000000 
 0.0000000  0.0000000  0.0000000  1.0000000 

SC:3-21G
EMSL BASIS SET LIBRARY

  3
    0    1    2
    5    4    2
   12    9    3

  2119.8870000   320.4299000    69.8989300    89.7645000    19.3851000
     5.7314230     5.4919380     1.7437420     0.5662270     0.5168020
     0.0672140     0.0259850

 0.0644210  0.0000000  0.0000000  0.0000000  0.0000000 
 0.3791600  0.0000000  0.0000000  0.0000000  0.0000000 
 0.6789630  0.0000000  0.0000000  0.0000000  0.0000000 
 0.0000000 -0.1093840  0.0000000  0.0000000  0.0000000 
 0.0000000  0.1050700  0.0000000  0.0000000  0.0000000 
 0.0000000  0.9522050  0.0000000  0.0000000  0.0000000 
 0.0000000  0.0000000 -0.2852110  0.0000000  0.0000000 
 0.0000000  0.0000000  0.3241550  0.0000000  0.0000000 
 0.0000000  0.0000000  0.8565920  0.0000000  0.0000000 
 0.0000000  0.0000000  0.0000000 -0.2626780  0.0000000 
 0.0000000  0.0000000  0.0000000  1.1080790  0.0000000 
 0.0000000  0.0000000  0.0000000  0.0000000  1.0000000 

    89.7645000    19.3851000     5.7314230     5.4919380     1.7437420
     0.5662270     0.5168020     0.0672140     0.0259850

 0.1363280  0.0000000  0.0000000  0.0000000 
 0.5418600  0.0000000  0.0000000  0.0000000 
 0.4950550  0.0000000  0.0000000  0.0000000 
 0.0000000  0.0176140  0.0000000  0.0000000 
 0.0000000  0.4336450  0.0000000  0.0000000 
 0.0000000  0.6425510  0.0000000  0.0000000 
 0.0000000  0.0000000  0.0003270  0.0000000 
 0.0000000  0.0000000  0.9998930  0.0000000 
 0.0000000  0.0000000  0.0000000  1.0000000 

     5.7222150     1.3608490     0.3226520

 0.2652360  0.0000000 
 0.8558610  0.0000000 
 0.0000000  1.0000000 

TI:3-21G
EMSL BASIS SET LIBRARY

  3
    0    1    2
    5    4    2
   12    9    3

  2335.0200000   353.0441000    77.0584500    99.5738700    21.5467100
     6.4139650     6.2382790     1.9961080     0.6464900     0.5732850
     0.0731190     0.0265380

 0.0642170  0.0000000  0.0000000  0.0000000  0.0000000 
 0.3784120  0.0000000  0.0000000  0.0000000  0.0000000 
 0.6796810  0.0000000  0.0000000  0.0000000  0.0000000 
 0.0000000 -0.1094720  0.0000000  0.0000000  0.0000000 
 0.0000000  0.1019430  0.0000000  0.0000000  0.0000000 
 0.0000000  0.9546220  0.0000000  0.0000000  0.0000000 
 0.0000000  0.0000000 -0.2861370  0.0000000  0.0000000 
 0.0000000  0.0000000  0.3218280  0.0000000  0.0000000 
 0.0000000  0.0000000  0.8595510  0.0000000  0.0000000 
 0.0000000  0.0000000  0.0000000 -0.2424500  0.0000000 
 0.0000000  0.0000000  0.0000000  1.1000750  0.0000000 
 0.0000000  0.0000000  0.0000000  0.0000000  1.0000000 

    99.5738700    21.5467100     6.4139650     6.2382790     1.9961080
     0.6464900     0.5732850     0.0731190     0.0265380

 0.1372970  0.0000000  0.0000000  0.0000000 
 0.5458750  0.0000000  0.0000000  0.0000000 
 0.4890680  0.0000000  0.0000000  0.0000000 
 0.0000000  0.0192370  0.0000000  0.0000000 
 0.0000000  0.4404420  0.0000000  0.0000000 
 0.0000000  0.6356200  0.0000000  0.0000000 
 0.0000000  0.0000000  0.0002920  0.0000000 
 0.0000000  0.0000000  0.9999070  0.0000000 
 0.0000000  0.0000000  0.0000000  1.0000000 

     7.0836660     1.7096340     0.4141230

 0.2629210  0.0000000 
 0.8557720  0.0000000 
 0.0000000  1.0000000 

V:3-21G
EMSL BASIS SET LIBRARY

  3
    0    1    2
    5    4    2
   12    9    3

  2563.8770000   387.5340000    84.5982300   109.7938000    23.7692100
     7.1229610     6.9812040     2.2198390     0.7198030     0.6312620
     0.0800620     0.0288650

 0.0639480  0.0000000  0.0000000  0.0000000  0.0000000 
 0.3775940  0.0000000  0.0000000  0.0000000  0.0000000 
 0.6805420  0.0000000  0.0000000  0.0000000  0.0000000 
 0.0000000 -0.1098360  0.0000000  0.0000000  0.0000000 
 0.0000000  0.1007070  0.0000000  0.0000000  0.0000000 
 0.0000000  0.9556330  0.0000000  0.0000000  0.0000000 
 0.0000000  0.0000000 -0.2884590  0.0000000  0.0000000 
 0.0000000  0.0000000  0.3364360  0.0000000  0.0000000 
 0.0000000  0.0000000  0.8481900  0.0000000  0.0000000 
 0.0000000  0.0000000  0.0000000 -0.2364900  0.0000000 
 0.0000000  0.0000000  0.0000000  1.0977210  0.0000000 
 0.0000000  0.0000000  0.0000000  0.0000000  1.0000000 

   109.7938000    23.7692100     7.1229610     6.9812040     2.2198390
     0.7198030     0.6312620     0.0800620     0.0288650

 0.1384210  0.0000000  0.0000000  0.0000000 
 0.5504890  0.0000000  0.0000000  0.0000000 
 0.4824170  0.0000000  0.0000000  0.0000000 
 0.0000000  0.0218210  0.0000000  0.0000000 
 0.0000000  0.4567620  0.0000000  0.0000000 
 0.0000000  0.6186750  0.0000000  0.0000000 
 0.0000000  0.0000000  0.0001900  0.0000000 
 0.0000000  0.0000000  0.9999400  0.0000000 
 0.0000000  0.0000000  0.0000000  1.0000000 

     8.3429170     2.0329440     0.4957120

 0.2640620  0.0000000 
 0.8539660  0.0000000 
 0.0000000  1.0000000 

CR:3-21G
EMSL BASIS SET LIBRARY

  3
    0    1    2
    5    4    2
   12    9    3

  2798.2940000   423.1370000    92.4388600   120.2806000    26.0372700
     7.8441720     7.7932760     2.4971960     0.8051420     0.7039210
     0.0861620     0.0321990

 0.0638240  0.0000000  0.0000000  0.0000000  0.0000000 
 0.3770840  0.0000000  0.0000000  0.0000000  0.0000000 
 0.6809890  0.0000000  0.0000000  0.0000000  0.0000000 
 0.0000000 -0.1177790  0.0000000  0.0000000  0.0000000 
 0.0000000  0.1014310  0.0000000  0.0000000  0.0000000 
 0.0000000  0.9571980  0.0000000  0.0000000  0.0000000 
 0.0000000  0.0000000 -0.2888570  0.0000000  0.0000000 
 0.0000000  0.0000000  0.3351150  0.0000000  0.0000000 
 0.0000000  0.0000000  0.8502480  0.0000000  0.0000000 
 0.0000000  0.0000000  0.0000000 -0.2322510  0.0000000 
 0.0000000  0.0000000  0.0000000  1.0936710  0.0000000 
 0.0000000  0.0000000  0.0000000  0.0000000  1.0000000 

   120.2806000    26.0372700     7.8441720     7.7932760     2.4971960
     0.8051420     0.7039210     0.0861620     0.0321990

 0.1398780  0.0000000  0.0000000  0.0000000 
 0.5559830  0.0000000  0.0000000  0.0000000 
 0.4748180  0.0000000  0.0000000  0.0000000 
 0.0000000  0.0221850  0.0000000  0.0000000 
 0.0000000  0.4616250  0.0000000  0.0000000 
 0.0000000  0.6145390  0.0000000  0.0000000 
 0.0000000  0.0000000  0.0001800  0.0000000 
 0.0000000  0.0000000  0.9999450  0.0000000 
 0.0000000  0.0000000  0.0000000  1.0000000 

     9.6253390     2.3622640     0.5770940

 0.2655960  0.0000000 
 0.8521560  0.0000000 
 0.0000000  1.0000000 

MN:3-21G
EMSL BASIS SET LIBRARY

  3
    0    1    2
    5    4    2
   12    9    3

  3041.6860000   460.0901000   100.5958000   131.7673000    28.5691500
     8.6605010     8.5690810     2.7681780     0.8872880     0.7674430
     0.0920250     0.0332650

 0.0637450  0.0000000  0.0000000  0.0000000  0.0000000 
 0.3767490  0.0000000  0.0000000  0.0000000  0.0000000 
 0.6812470  0.0000000  0.0000000  0.0000000  0.0000000 
 0.0000000 -0.1102960  0.0000000  0.0000000  0.0000000 
 0.0000000  0.0981900  0.0000000  0.0000000  0.0000000 
 0.0000000  0.9576590  0.0000000  0.0000000  0.0000000 
 0.0000000  0.0000000 -0.2917140  0.0000000  0.0000000 
 0.0000000  0.0000000  0.3439630  0.0000000  0.0000000 
 0.0000000  0.0000000  0.8451980  0.0000000  0.0000000 
 0.0000000  0.0000000  0.0000000 -0.2300040  0.0000000 
 0.0000000  0.0000000  0.0000000  1.0914500  0.0000000 
 0.0000000  0.0000000  0.0000000  0.0000000  1.0000000 

   131.7673000    28.5691500     8.6605010     8.5690810     2.7681780
     0.8872880     0.7674430     0.0920250     0.0332650

 0.1404540  0.0000000  0.0000000  0.0000000 
 0.5578020  0.0000000  0.0000000  0.0000000 
 0.4715010  0.0000000  0.0000000  0.0000000 
 0.0000000  0.0242240  0.0000000  0.0000000 
 0.0000000  0.4686600  0.0000000  0.0000000 
 0.0000000  0.6074210  0.0000000  0.0000000 
 0.0000000  0.0000000  0.0003080  0.0000000 
 0.0000000  0.0000000  0.9999070  0.0000000 
 0.0000000  0.0000000  0.0000000  1.0000000 

    11.0688400     2.7307070     0.6685090

 0.2652720  0.0000000 
 0.8517950  0.0000000 
 0.0000000  1.0000000 

FE:3-21G
EMSL BASIS SET LIBRARY

  3
    0    1    2
    5    4    2
   12    9    3

  3299.1840000   499.0886000   109.1614000   143.4652000    31.1685800
     9.4836120     9.4645650     3.1003730     0.9864930     0.8534120
     0.0988120     0.0364420

 0.0635860  0.0000000  0.0000000  0.0000000  0.0000000 
 0.3762020  0.0000000  0.0000000  0.0000000  0.0000000 
 0.6817850  0.0000000  0.0000000  0.0000000  0.0000000 
 0.0000000 -0.1105520  0.0000000  0.0000000  0.0000000 
 0.0000000  0.0968470  0.0000000  0.0000000  0.0000000 
 0.0000000  0.9587970  0.0000000  0.0000000  0.0000000 
 0.0000000  0.0000000 -0.2920560  0.0000000  0.0000000 
 0.0000000  0.0000000  0.3375240  0.0000000  0.0000000 
 0.0000000  0.0000000  0.8519420  0.0000000  0.0000000 
 0.0000000  0.0000000  0.0000000 -0.2279440  0.0000000 
 0.0000000  0.0000000  0.0000000  1.0882870  0.0000000 
 0.0000000  0.0000000  0.0000000  0.0000000  1.0000000 

   143.4652000    31.1685800     9.4836120     9.4645650     3.1003730
     0.9864930     0.8534120     0.0988120     0.0364420

 0.1411010  0.0000000  0.0000000  0.0000000 
 0.5603870  0.0000000  0.0000000  0.0000000 
 0.4676440  0.0000000  0.0000000  0.0000000 
 0.0000000  0.0237620  0.0000000  0.0000000 
 0.0000000  0.4689110  0.0000000  0.0000000 
 0.0000000  0.6083110  0.0000000  0.0000000 
 0.0000000  0.0000000 -0.0004260  0.0000000 
 0.0000000  0.0000000  1.0001240  0.0000000 
 0.0000000  0.0000000  0.0000000  1.0000000 

    12.3544900     3.0556050     0.7385910

 0.2686110  0.0000000 
 0.8492720  0.0000000 
 0.0000000  1.0000000 

CO:3-21G
EMSL BASIS SET LIBRARY

  3
    0    1    2
    5    4    2
   12    9    3

  3564.7620000   539.3908000   118.0449000   155.4382000    33.8156100
    10.3332300    10.3815200     3.3827140     1.0769540     0.9090150
     0.1050410     0.0372570

 0.0634870  0.0000000  0.0000000  0.0000000  0.0000000 
 0.3758180  0.0000000  0.0000000  0.0000000  0.0000000 
 0.6821220  0.0000000  0.0000000  0.0000000  0.0000000 
 0.0000000 -0.1109870  0.0000000  0.0000000  0.0000000 
 0.0000000  0.0967670  0.0000000  0.0000000  0.0000000 
 0.0000000  0.9589920  0.0000000  0.0000000  0.0000000 
 0.0000000  0.0000000 -0.2922620  0.0000000  0.0000000 
 0.0000000  0.0000000  0.3432510  0.0000000  0.0000000 
 0.0000000  0.0000000  0.8469630  0.0000000  0.0000000 
 0.0000000  0.0000000  0.0000000 -0.2174600  0.0000000 
 0.0000000  0.0000000  0.0000000  1.0849980  0.0000000 
 0.0000000  0.0000000  0.0000000  0.0000000  1.0000000 

   155.4382000    33.8156100    10.3332300    10.3815200     3.3827140
     1.0769540     0.9090150     0.1050410     0.0372570

 0.1420640  0.0000000  0.0000000  0.0000000 
 0.5634440  0.0000000  0.0000000  0.0000000 
 0.4630240  0.0000000  0.0000000  0.0000000 
 0.0000000  0.0263130  0.0000000  0.0000000 
 0.0000000  0.4769170  0.0000000  0.0000000 
 0.0000000  0.5991540  0.0000000  0.0000000 
 0.0000000  0.0000000  0.0002280  0.0000000 
 0.0000000  0.0000000  0.9999340  0.0000000 
 0.0000000  0.0000000  0.0000000  1.0000000 

    13.7407000     3.4089830     0.8186410

 0.2709550  0.0000000 
 0.8473420  0.0000000 
 0.0000000  1.0000000 

NI:3-21G
EMSL BASIS SET LIBRARY

  3
    0    1    2
    5    4    2
   12    9    3

  3848.0050000   582.0307000   127.3674000   168.2896000    36.6563300
    11.2321200    11.3587700     3.7388460     1.1824630     0.9889040
     0.1110250     0.0392580

 0.0632660  0.0000000  0.0000000  0.0000000  0.0000000 
 0.3751710  0.0000000  0.0000000  0.0000000  0.0000000 
 0.6828240  0.0000000  0.0000000  0.0000000  0.0000000 
 0.0000000 -0.1111150  0.0000000  0.0000000  0.0000000 
 0.0000000  0.0953240  0.0000000  0.0000000  0.0000000 
 0.0000000  0.9601610  0.0000000  0.0000000  0.0000000 
 0.0000000  0.0000000 -0.2920600  0.0000000  0.0000000 
 0.0000000  0.0000000  0.3375410  0.0000000  0.0000000 
 0.0000000  0.0000000  0.8525330  0.0000000  0.0000000 
 0.0000000  0.0000000  0.0000000 -0.2136870  0.0000000 
 0.0000000  0.0000000  0.0000000  1.0819330  0.0000000 
 0.0000000  0.0000000  0.0000000  0.0000000  1.0000000 

   168.2896000    36.6563300    11.2321200    11.3587700     3.7388460
     1.1824630     0.9889040     0.1110250     0.0392580

 0.1424900  0.0000000  0.0000000  0.0000000 
 0.5655470  0.0000000  0.0000000  0.0000000 
 0.4599930  0.0000000  0.0000000  0.0000000 
 0.0000000  0.0261380  0.0000000  0.0000000 
 0.0000000  0.4765980  0.0000000  0.0000000 
 0.0000000  0.6003800  0.0000000  0.0000000 
 0.0000000  0.0000000  0.0002940  0.0000000 
 0.0000000  0.0000000  0.9999170  0.0000000 
 0.0000000  0.0000000  0.0000000  1.0000000 

    15.2206900     3.7860200     0.9045570

 0.2726060  0.0000000 
 0.8459280  0.0000000 
 0.0000000  1.0000000 

CU:3-21G
EMSL BASIS SET LIBRARY

  3
    0    1    2
    5    4    2
   12    9    3

  4134.3020000   625.4912000   136.9556000   181.4960000    39.5743100
    12.1624600    12.3511100     4.0496510     1.2792250     1.0498040
     0.1169330     0.0007510

 0.0631880  0.0000000  0.0000000  0.0000000  0.0000000 
 0.3748450  0.0000000  0.0000000  0.0000000  0.0000000 
 0.6831000  0.0000000  0.0000000  0.0000000  0.0000000 
 0.0000000 -0.1113200  0.0000000  0.0000000  0.0000000 
 0.0000000  0.0944870  0.0000000  0.0000000  0.0000000 
 0.0000000  0.9608790  0.0000000  0.0000000  0.0000000 
 0.0000000  0.0000000 -0.2922230  0.0000000  0.0000000 
 0.0000000  0.0000000  0.3429910  0.0000000  0.0000000 
 0.0000000  0.0000000  0.8479460  0.0000000  0.0000000 
 0.0000000  0.0000000  0.0000000 -0.2065080  0.0000000 
 0.0000000  0.0000000  0.0000000  1.0792730  0.0000000 
 0.0000000  0.0000000  0.0000000  0.0000000  1.0000000 

   181.4960000    39.5743100    12.1624600    12.3511100     4.0496510
     1.2792250     1.0498040     0.1169330     0.0007510

 0.1430840  0.0000000  0.0000000  0.0000000 
 0.5677560  0.0000000  0.0000000  0.0000000 
 0.4567140  0.0000000  0.0000000  0.0000000 
 0.0000000  0.0277270  0.0000000  0.0000000 
 0.0000000  0.4835240  0.0000000  0.0000000 
 0.0000000  0.5929780  0.0000000  0.0000000 
 0.0000000  0.0000000  0.0001390  0.0000000 
 0.0000000  0.0000000  0.9999610  0.0000000 
 0.0000000  0.0000000  0.0000000  1.0000000 

    16.7593800     4.1789770     0.9943270

 0.2741120  0.0000000 
 0.8446250  0.0000000 
 0.0000000  1.0000000 

ZN:3-21G
EMSL BASIS SET LIBRARY

  3
    0    1    2
    5    4    2
   12    9    3

  4432.2880000   670.6601000   146.9024000   195.0042000    42.5688900
    13.1214300    13.4023100     4.3999060     1.3851480     1.1215580
     0.1229440     0.0421930

 0.0630930  0.0000000  0.0000000  0.0000000  0.0000000 
 0.3745040  0.0000000  0.0000000  0.0000000  0.0000000 
 0.6834160  0.0000000  0.0000000  0.0000000  0.0000000 
 0.0000000 -0.1116280  0.0000000  0.0000000  0.0000000 
 0.0000000  0.0943360  0.0000000  0.0000000  0.0000000 
 0.0000000  0.9611000  0.0000000  0.0000000  0.0000000 
 0.0000000  0.0000000 -0.2917810  0.0000000  0.0000000 
 0.0000000  0.0000000  0.3426140  0.0000000  0.0000000 
 0.0000000  0.0000000  0.8482840  0.0000000  0.0000000 
 0.0000000  0.0000000  0.0000000 -0.2023710  0.0000000 
 0.0000000  0.0000000  0.0000000  1.0770350  0.0000000 
 0.0000000  0.0000000  0.0000000  0.0000000  1.0000000 

   195.0042000    42.5688900    13.1214300    13.4023100     4.3999060
     1.3851480     1.1215580     0.1229440     0.0421930

 0.1438060  0.0000000  0.0000000  0.0000000 
 0.5700020  0.0000000  0.0000000  0.0000000 
 0.4533120  0.0000000  0.0000000  0.0000000 
 0.0000000  0.0287050  0.0000000  0.0000000 
 0.0000000  0.4862520  0.0000000  0.0000000 
 0.0000000  0.5902350  0.0000000  0.0000000 
 0.0000000  0.0000000  0.0003440  0.0000000 
 0.0000000  0.0000000  0.9999050  0.0000000 
 0.0000000  0.0000000  0.0000000  1.0000000 

    18.3682000     4.5913040     1.0902030

 0.2753860  0.0000000 
 0.8434770  0.0000000 
 0.0000000  1.0000000 

GA:3-21G
EMSL BASIS SET LIBRARY

  3
    0    1    2
    5    4    1
   12    9    3

  4751.8979000   718.9205400   157.4459200   209.5834000    45.6917100
    14.1329700    14.5995400     4.8608420     1.5491110     1.2679430
     0.1883990     0.0572370

 0.0628400  0.0000000  0.0000000  0.0000000  0.0000000 
 0.3736110  0.0000000  0.0000000  0.0000000  0.0000000 
 0.6843630  0.0000000  0.0000000  0.0000000  0.0000000 
 0.0000000 -0.1115160  0.0000000  0.0000000  0.0000000 
 0.0000000  0.0926960  0.0000000  0.0000000  0.0000000 
 0.0000000  0.9622870  0.0000000  0.0000000  0.0000000 
 0.0000000  0.0000000  0.2910290  0.0000000  0.0000000 
 0.0000000  0.0000000 -0.3231880  0.0000000  0.0000000 
 0.0000000  0.0000000 -0.8643910  0.0000000  0.0000000 
 0.0000000  0.0000000  0.0000000 -0.2851310  0.0000000 
 0.0000000  0.0000000  0.0000000  1.1280220  0.0000000 
 0.0000000  0.0000000  0.0000000  0.0000000  1.0000000 

   209.5834000    45.6917100    14.1329700    14.5995400     4.8608420
     1.5491110     1.2679430     0.1883990     0.0572370

 0.1442660  0.0000000  0.0000000  0.0000000 
 0.5731780  0.0000000  0.0000000  0.0000000 
 0.4490860  0.0000000  0.0000000  0.0000000 
 0.0000000  0.0265620  0.0000000  0.0000000 
 0.0000000  0.4833140  0.0000000  0.0000000 
 0.0000000  0.5924300  0.0000000  0.0000000 
 0.0000000  0.0000000  0.0301830  0.0000000 
 0.0000000  0.0000000  0.9884660  0.0000000 
 0.0000000  0.0000000  0.0000000  1.0000000 

    21.2925300     5.3931660     1.3338830

 0.1619900 
 0.5116740 
 0.5898730 

GE:3-21G
EMSL BASIS SET LIBRARY

  3
    0    1    2
    5    4    1
   12    9    3

  5073.7499000   767.7241700   168.1888100   224.4360000    48.9554300
    15.1837000    15.9125700     5.4414370     1.7426030     1.4665380
     0.2630930     0.0848210

 0.0627250  0.0000000  0.0000000  0.0000000  0.0000000 
 0.3731670  0.0000000  0.0000000  0.0000000  0.0000000 
 0.6847870  0.0000000  0.0000000  0.0000000  0.0000000 
 0.0000000 -0.1115150  0.0000000  0.0000000  0.0000000 
 0.0000000  0.0912000  0.0000000  0.0000000  0.0000000 
 0.0000000  0.9634490  0.0000000  0.0000000  0.0000000 
 0.0000000  0.0000000 -0.2895650  0.0000000  0.0000000 
 0.0000000  0.0000000  0.2938830  0.0000000  0.0000000 
 0.0000000  0.0000000  0.8891990  0.0000000  0.0000000 
 0.0000000  0.0000000  0.0000000 -0.3967340  0.0000000 
 0.0000000  0.0000000  0.0000000  1.1906700  0.0000000 
 0.0000000  0.0000000  0.0000000  0.0000000  1.0000000 

   224.4360000    48.9554300    15.1837000    15.9125700     5.4414370
     1.7426030     1.4665380     0.2630930     0.0848210

 0.1446400  0.0000000  0.0000000  0.0000000 
 0.5753800  0.0000000  0.0000000  0.0000000 
 0.4459950  0.0000000  0.0000000  0.0000000 
 0.0000000  0.0229730  0.0000000  0.0000000 
 0.0000000  0.4732450  0.0000000  0.0000000 
 0.0000000  0.6032780  0.0000000  0.0000000 
 0.0000000  0.0000000  0.0278930  0.0000000 
 0.0000000  0.0000000  0.9874900  0.0000000 
 0.0000000  0.0000000  0.0000000  1.0000000 

    24.3214210     6.2238140     1.5887370

 0.1577990 
 0.5114920 
 0.5857700 

AS:3-21G
EMSL BASIS SET LIBRARY

  3
    0    1    2
    5    4    1
   12    9    3

  5407.6138000   818.1743600   179.2656900   237.7783000    54.2566200
    16.3280300    17.1018500     5.8051440     1.9020840     1.6754040
     0.3416560     0.1136300

 0.0626010  0.0000000  0.0000000  0.0000000  0.0000000 
 0.3727790  0.0000000  0.0000000  0.0000000  0.0000000 
 0.6851840  0.0000000  0.0000000  0.0000000  0.0000000 
 0.0000000 -0.1128380  0.0000000  0.0000000  0.0000000 
 0.0000000  0.0872270  0.0000000  0.0000000  0.0000000 
 0.0000000  0.9681880  0.0000000  0.0000000  0.0000000 
 0.0000000  0.0000000 -0.2914540  0.0000000  0.0000000 
 0.0000000  0.0000000  0.2969620  0.0000000  0.0000000 
 0.0000000  0.0000000  0.8865790  0.0000000  0.0000000 
 0.0000000  0.0000000  0.0000000 -0.5057610  0.0000000 
 0.0000000  0.0000000  0.0000000  1.2517640  0.0000000 
 0.0000000  0.0000000  0.0000000  0.0000000  1.0000000 

   237.7783000    54.2566200    16.3280300    17.1018500     5.8051440
     1.9020840     1.6754040     0.3416560     0.1136300

 0.1496800  0.0000000  0.0000000  0.0000000 
 0.5623220  0.0000000  0.0000000  0.0000000 
 0.4593230  0.0000000  0.0000000  0.0000000 
 0.0000000  0.0256860  0.0000000  0.0000000 
 0.0000000  0.4833970  0.0000000  0.0000000 
 0.0000000  0.5887850  0.0000000  0.0000000 
 0.0000000  0.0000000  0.0252820  0.0000000 
 0.0000000  0.0000000  0.9874330  0.0000000 
 0.0000000  0.0000000  0.0000000  1.0000000 

    27.4372090     7.0840440     1.8558230

 0.1544950 
 0.5114320 
 0.5821940 

SE:3-21G
EMSL BASIS SET LIBRARY

  3
    0    1    2
    5    4    1
   12    9    3

  5751.3215000   870.2572100   190.7294900   255.0164000    55.5765400
    17.3566100    18.4456800     6.3287590     2.0967580     1.8726330
     0.4174740     0.1370910

 0.0624930  0.0000000  0.0000000  0.0000000  0.0000000 
 0.3723680  0.0000000  0.0000000  0.0000000  0.0000000 
 0.6855800  0.0000000  0.0000000  0.0000000  0.0000000 
 0.0000000 -0.1119080  0.0000000  0.0000000  0.0000000 
 0.0000000  0.0909990  0.0000000  0.0000000  0.0000000 
 0.0000000  0.9636680  0.0000000  0.0000000  0.0000000 
 0.0000000  0.0000000 -0.2917930  0.0000000  0.0000000 
 0.0000000  0.0000000  0.2846210  0.0000000  0.0000000 
 0.0000000  0.0000000  0.8973050  0.0000000  0.0000000 
 0.0000000  0.0000000  0.0000000 -0.5677640  0.0000000 
 0.0000000  0.0000000  0.0000000  1.2941270  0.0000000 
 0.0000000  0.0000000  0.0000000  0.0000000  1.0000000 

   255.0164000    55.5765400    17.3566100    18.4456800     6.3287590
     2.0967580     1.8726330     0.4174740     0.1370910

 0.1461490  0.0000000  0.0000000  0.0000000 
 0.5813710  0.0000000  0.0000000  0.0000000 
 0.4374600  0.0000000  0.0000000  0.0000000 
 0.0000000  0.0244210  0.0000000  0.0000000 
 0.0000000  0.4833650  0.0000000  0.0000000 
 0.0000000  0.5879040  0.0000000  0.0000000 
 0.0000000  0.0000000  0.0282550  0.0000000 
 0.0000000  0.0000000  0.9849060  0.0000000 
 0.0000000  0.0000000  0.0000000  1.0000000 

    30.6274640     7.9712760     2.1348100

 0.1519860 
 0.5116400 
 0.5786940 

BR:3-21G
EMSL BASIS SET LIBRARY

  3
    0    1    2
    5    4    1
   12    9    3

  6103.2899000   923.6974300   202.5203100   270.6015000    58.2535700
    18.4693300    19.7614200     6.8217520     2.2916290     2.1312060
     0.4993540     0.1647640

 0.0624180  0.0000000  0.0000000  0.0000000  0.0000000 
 0.3720410  0.0000000  0.0000000  0.0000000  0.0000000 
 0.6858730  0.0000000  0.0000000  0.0000000  0.0000000 
 0.0000000 -0.1121490  0.0000000  0.0000000  0.0000000 
 0.0000000  0.0931450  0.0000000  0.0000000  0.0000000 
 0.0000000  0.9616790  0.0000000  0.0000000  0.0000000 
 0.0000000  0.0000000 -0.2938700  0.0000000  0.0000000 
 0.0000000  0.0000000  0.2802660  0.0000000  0.0000000 
 0.0000000  0.0000000  0.9020360  0.0000000  0.0000000 
 0.0000000  0.0000000  0.0000000 -0.6518030  0.0000000 
 0.0000000  0.0000000  0.0000000  1.3360120  0.0000000 
 0.0000000  0.0000000  0.0000000  0.0000000  1.0000000 

   270.6015000    58.2535700    18.4693300    19.7614200     6.8217520
     2.2916290     2.1312060     0.4993540     0.1647640

 0.1477510  0.0000000  0.0000000  0.0000000 
 0.6010560  0.0000000  0.0000000  0.0000000 
 0.4128700  0.0000000  0.0000000  0.0000000 
 0.0000000  0.0250070  0.0000000  0.0000000 
 0.0000000  0.4866100  0.0000000  0.0000000 
 0.0000000  0.5824230  0.0000000  0.0000000 
 0.0000000  0.0000000  0.0287080  0.0000000 
 0.0000000  0.0000000  0.9840700  0.0000000 
 0.0000000  0.0000000  0.0000000  1.0000000 

    33.9650970     8.9008310     2.4284360

 0.1496670 
 0.5117480 
 0.5759150 

KR:3-21G
EMSL BASIS SET LIBRARY

  3
    0    1    2
    5    4    1
   12    9    3

  6446.6307000   976.8757000   214.4795500   287.6446000    62.6200900
    19.6917400    21.1232100     7.3032860     2.4888500     2.3613740
     0.5860160     0.1944470

 0.0625400  0.0000000  0.0000000  0.0000000  0.0000000 
 0.3721070  0.0000000  0.0000000  0.0000000  0.0000000 
 0.6856110  0.0000000  0.0000000  0.0000000  0.0000000 
 0.0000000 -0.1120610  0.0000000  0.0000000  0.0000000 
 0.0000000  0.0901390  0.0000000  0.0000000  0.0000000 
 0.0000000  0.9643300  0.0000000  0.0000000  0.0000000 
 0.0000000  0.0000000 -0.2958170  0.0000000  0.0000000 
 0.0000000  0.0000000  0.2792170  0.0000000  0.0000000 
 0.0000000  0.0000000  0.9037300  0.0000000  0.0000000 
 0.0000000  0.0000000  0.0000000 -0.7202450  0.0000000 
 0.0000000  0.0000000  0.0000000  1.3768460  0.0000000 
 0.0000000  0.0000000  0.0000000  0.0000000  1.0000000 

   287.6446000    62.6200900    19.6917400    21.1232100     7.3032860
     2.4888500     2.3613740     0.5860160     0.1944470

 0.1475280  0.0000000  0.0000000  0.0000000 
 0.5868920  0.0000000  0.0000000  0.0000000 
 0.4295070  0.0000000  0.0000000  0.0000000 
 0.0000000  0.0260700  0.0000000  0.0000000 
 0.0000000  0.4922500  0.0000000  0.0000000 
 0.0000000  0.5742740  0.0000000  0.0000000 
 0.0000000  0.0000000  0.0287750  0.0000000 
 0.0000000  0.0000000  0.9833390  0.0000000 
 0.0000000  0.0000000  0.0000000  1.0000000 

    37.3681030     9.8543130     2.7327950

 0.1479470 
 0.5121720 
 0.5729500 

RB:3-21G
EMSL BASIS SET LIBRARY

  3
    0    1    2
    6    5    1
   15   12    3

  6816.7225000  1033.0007000   226.9086100   304.1283000    66.2605800
    20.9194500    22.4653300     7.8774680     2.7052710     2.6921160
     0.7230560     0.2598380     0.1897140     0.0339970     0.0147120

 0.0624960  0.0000000  0.0000000  0.0000000  0.0000000  0.0000000 
 0.3719500  0.0000000  0.0000000  0.0000000  0.0000000  0.0000000 
 0.6857290  0.0000000  0.0000000  0.0000000  0.0000000  0.0000000 
 0.0000000 -0.1123300  0.0000000  0.0000000  0.0000000  0.0000000 
 0.0000000  0.0907510  0.0000000  0.0000000  0.0000000  0.0000000 
 0.0000000  0.9639410  0.0000000  0.0000000  0.0000000  0.0000000 
 0.0000000  0.0000000 -0.3004850  0.0000000  0.0000000  0.0000000 
 0.0000000  0.0000000  0.2783570  0.0000000  0.0000000  0.0000000 
 0.0000000  0.0000000  0.9076100  0.0000000  0.0000000  0.0000000 
 0.0000000  0.0000000  0.0000000 -0.3311620  0.0000000  0.0000000 
 0.0000000  0.0000000  0.0000000  0.5096990  0.0000000  0.0000000 
 0.0000000  0.0000000  0.0000000  0.6982460  0.0000000  0.0000000 
 0.0000000  0.0000000  0.0000000  0.0000000 -0.2711930  0.0000000 
 0.0000000  0.0000000  0.0000000  0.0000000  1.1415500  0.0000000 
 0.0000000  0.0000000  0.0000000  0.0000000  0.0000000  1.0000000 

   304.1283000    66.2605800    20.9194500    22.4653300     7.8774680
     2.7052710     2.6921160     0.7230560     0.2598380     0.1897140
     0.0339970     0.0147120

 0.1484410  0.0000000  0.0000000  0.0000000  0.0000000 
 0.5891250  0.0000000  0.0000000  0.0000000  0.0000000 
 0.4258250  0.0000000  0.0000000  0.0000000  0.0000000 
 0.0000000  0.0244540  0.0000000  0.0000000  0.0000000 
 0.0000000  0.4944540  0.0000000  0.0000000  0.0000000 
 0.0000000  0.5718570  0.0000000  0.0000000  0.0000000 
 0.0000000  0.0000000  0.0119010  0.0000000  0.0000000 
 0.0000000  0.0000000  0.4951730  0.0000000  0.0000000 
 0.0000000  0.0000000  0.5737240  0.0000000  0.0000000 
 0.0000000  0.0000000  0.0000000  0.0003080  0.0000000 
 0.0000000  0.0000000  0.0000000  0.9998650  0.0000000 
 0.0000000  0.0000000  0.0000000  0.0000000  1.0000000 

    40.8660310    10.8408850     3.0508340

 0.1466040 
 0.5127250 
 0.5699800 

SR:3-21G
EMSL BASIS SET LIBRARY

  3
    0    1    2
    6    5    1
   15   12    3

  7215.4735000  1092.8519000   239.9818200   322.1246000    70.0904600
    22.1764100    23.9276300     8.4751140     2.9429340     2.9409660
     0.8523560     0.3215370     0.3480420     0.0481770     0.0218030

 0.0622820  0.0000000  0.0000000  0.0000000  0.0000000  0.0000000 
 0.3713100  0.0000000  0.0000000  0.0000000  0.0000000  0.0000000 
 0.6864440  0.0000000  0.0000000  0.0000000  0.0000000  0.0000000 
 0.0000000 -0.1122350  0.0000000  0.0000000  0.0000000  0.0000000 
 0.0000000  0.0895440  0.0000000  0.0000000  0.0000000  0.0000000 
 0.0000000  0.9648130  0.0000000  0.0000000  0.0000000  0.0000000 
 0.0000000  0.0000000 -0.3024720  0.0000000  0.0000000  0.0000000 
 0.0000000  0.0000000  0.2700840  0.0000000  0.0000000  0.0000000 
 0.0000000  0.0000000  0.9159200  0.0000000  0.0000000  0.0000000 
 0.0000000  0.0000000  0.0000000 -0.3519850  0.0000000  0.0000000 
 0.0000000  0.0000000  0.0000000  0.4972550  0.0000000  0.0000000 
 0.0000000  0.0000000  0.0000000  0.7238600  0.0000000  0.0000000 
 0.0000000  0.0000000  0.0000000  0.0000000 -0.2851470  0.0000000 
 0.0000000  0.0000000  0.0000000  0.0000000  1.1209390  0.0000000 
 0.0000000  0.0000000  0.0000000  0.0000000  0.0000000  1.0000000 

   322.1246000    70.0904600    22.1764100    23.9276300     8.4751140
     2.9429340     2.9409660     0.8523560     0.3215370     0.3480420
     0.0481770     0.0218030

 0.1488370  0.0000000  0.0000000  0.0000000  0.0000000 
 0.5919470  0.0000000  0.0000000  0.0000000  0.0000000 
 0.4221710  0.0000000  0.0000000  0.0000000  0.0000000 
 0.0000000  0.0248370  0.0000000  0.0000000  0.0000000 
 0.0000000  0.4934780  0.0000000  0.0000000  0.0000000 
 0.0000000  0.5709830  0.0000000  0.0000000  0.0000000 
 0.0000000  0.0000000  0.0097230  0.0000000  0.0000000 
 0.0000000  0.0000000  0.4983220  0.0000000  0.0000000 
 0.0000000  0.0000000  0.5650560  0.0000000  0.0000000 
 0.0000000  0.0000000  0.0000000  0.0003080  0.0000000 
 0.0000000  0.0000000  0.0000000  0.9998930  0.0000000 
 0.0000000  0.0000000  0.0000000  0.0000000  1.0000000 

    44.5661150    11.8814890     3.3875580

 0.1451270 
 0.5130680 
 0.5676640 

Y:3-21G
EMSL BASIS SET LIBRARY

  3
    0    1    2
    6    5    3
   15   12    6

  7646.4210000  1156.8630000   253.7152000   341.8540000    74.2098600
    23.5135200    18.8626000    16.4540500     3.4845000     3.2217330
     1.0507050     0.3925920     0.4327640     0.0570120     0.0237540

 0.0618910  0.0000000  0.0000000  0.0000000  0.0000000  0.0000000 
 0.3702070  0.0000000  0.0000000  0.0000000  0.0000000  0.0000000 
 0.6877560  0.0000000  0.0000000  0.0000000  0.0000000  0.0000000 
 0.0000000 -0.1119000  0.0000000  0.0000000  0.0000000  0.0000000 
 0.0000000  0.0868050  0.0000000  0.0000000  0.0000000  0.0000000 
 0.0000000  0.9667850  0.0000000  0.0000000  0.0000000  0.0000000 
 0.0000000  0.0000000 -1.4778730  0.0000000  0.0000000  0.0000000 
 0.0000000  0.0000000  1.3472590  0.0000000  0.0000000  0.0000000 
 0.0000000  0.0000000  1.0062310  0.0000000  0.0000000  0.0000000 
 0.0000000  0.0000000  0.0000000 -0.3699580  0.0000000  0.0000000 
 0.0000000  0.0000000  0.0000000  0.4308640  0.0000000  0.0000000 
 0.0000000  0.0000000  0.0000000  0.8020870  0.0000000  0.0000000 
 0.0000000  0.0000000  0.0000000  0.0000000 -0.3464580  0.0000000 
 0.0000000  0.0000000  0.0000000  0.0000000  1.1327770  0.0000000 
 0.0000000  0.0000000  0.0000000  0.0000000  0.0000000  1.0000000 

   341.8540000    74.2098600    23.5135200    18.8626000    16.4540500
     3.4845000     3.2217330     1.0507050     0.3925920     0.4327640
     0.0570120     0.0237540

 0.1485720  0.0000000  0.0000000  0.0000000  0.0000000 
 0.5943070  0.0000000  0.0000000  0.0000000  0.0000000 
 0.4196040  0.0000000  0.0000000  0.0000000  0.0000000 
 0.0000000 -0.7041410  0.0000000  0.0000000  0.0000000 
 0.0000000  1.0578620  0.0000000  0.0000000  0.0000000 
 0.0000000  0.7393820  0.0000000  0.0000000  0.0000000 
 0.0000000  0.0000000  0.0024940  0.0000000  0.0000000 
 0.0000000  0.0000000  0.4537620  0.0000000  0.0000000 
 0.0000000  0.0000000  0.6130680  0.0000000  0.0000000 
 0.0000000  0.0000000  0.0000000 -0.0013370  0.0000000 
 0.0000000  0.0000000  0.0000000  1.0004400  0.0000000 
 0.0000000  0.0000000  0.0000000  0.0000000  1.0000000 

    50.3537500    13.5307800     3.9449960     1.5301370     0.6300670
     0.2165880

 0.1367960  0.0000000  0.0000000 
 0.5019060  0.0000000  0.0000000 
 0.5788600  0.0000000  0.0000000 
 0.0000000  0.3384030  0.0000000 
 0.0000000  0.7293290  0.0000000 
 0.0000000  0.0000000  1.0000000 

ZR:3-21G
EMSL BASIS SET LIBRARY

  3
    0    1    2
    6    5    3
   15   12    6

  8084.5920000  1221.6680000   267.6917000   361.0212000    78.3049500
    24.8452300    20.0062800    17.5741500     3.7429850     3.5547880
     1.1789920     0.4446970     0.5050490     0.0621160     0.0255800

 0.0615780  0.0000000  0.0000000  0.0000000  0.0000000  0.0000000 
 0.3693990  0.0000000  0.0000000  0.0000000  0.0000000  0.0000000 
 0.6887280  0.0000000  0.0000000  0.0000000  0.0000000  0.0000000 
 0.0000000 -0.1119070  0.0000000  0.0000000  0.0000000  0.0000000 
 0.0000000  0.0858400  0.0000000  0.0000000  0.0000000  0.0000000 
 0.0000000  0.9675130  0.0000000  0.0000000  0.0000000  0.0000000 
 0.0000000  0.0000000 -1.5443490  0.0000000  0.0000000  0.0000000 
 0.0000000  0.0000000  1.4095960  0.0000000  0.0000000  0.0000000 
 0.0000000  0.0000000  1.0093490  0.0000000  0.0000000  0.0000000 
 0.0000000  0.0000000  0.0000000 -0.3793870  0.0000000  0.0000000 
 0.0000000  0.0000000  0.0000000  0.4232850  0.0000000  0.0000000 
 0.0000000  0.0000000  0.0000000  0.8140680  0.0000000  0.0000000 
 0.0000000  0.0000000  0.0000000  0.0000000 -0.3295120  0.0000000 
 0.0000000  0.0000000  0.0000000  0.0000000  1.1207090  0.0000000 
 0.0000000  0.0000000  0.0000000  0.0000000  0.0000000  1.0000000 

   361.0212000    78.3049500    24.8452300    20.0062800    17.5741500
     3.7429850     3.5547880     1.1789920     0.4446970     0.5050490
     0.0621160     0.0255800

 0.1487620  0.0000000  0.0000000  0.0000000  0.0000000 
 0.5965690  0.0000000  0.0000000  0.0000000  0.0000000 
 0.4167850  0.0000000  0.0000000  0.0000000  0.0000000 
 0.0000000 -0.7568480  0.0000000  0.0000000  0.0000000 
 0.0000000  1.1120900  0.0000000  0.0000000  0.0000000 
 0.0000000  0.7368020  0.0000000  0.0000000  0.0000000 
 0.0000000  0.0000000  0.0025990  0.0000000  0.0000000 
 0.0000000  0.0000000  0.4599760  0.0000000  0.0000000 
 0.0000000  0.0000000  0.6058490  0.0000000  0.0000000 
 0.0000000  0.0000000  0.0000000 -0.0012490  0.0000000 
 0.0000000  0.0000000  0.0000000  1.0003840  0.0000000 
 0.0000000  0.0000000  0.0000000  0.0000000  1.0000000 

    54.7232300    14.7741600     4.3589610     1.8628420     0.6433130
     0.1993950

 0.1348240  0.0000000  0.0000000 
 0.5005540  0.0000000  0.0000000 
 0.5787820  0.0000000  0.0000000 
 0.0000000  0.2850320  0.0000000 
 0.0000000  0.7972070  0.0000000 
 0.0000000  0.0000000  1.0000000 

NB:3-21G
EMSL BASIS SET LIBRARY

  3
    0    1    2
    6    5    3
   15   12    6

  8466.5170000  1281.2610000   281.2311000   379.4729000    82.3358900
    26.2224800    21.1629400    18.5897800     4.0099810     3.8363750
     1.3033250     0.4934310     0.5723730     0.0682030     0.0271570

 0.0618040  0.0000000  0.0000000  0.0000000  0.0000000  0.0000000 
 0.3698050  0.0000000  0.0000000  0.0000000  0.0000000  0.0000000 
 0.6880790  0.0000000  0.0000000  0.0000000  0.0000000  0.0000000 
 0.0000000 -0.1121060  0.0000000  0.0000000  0.0000000  0.0000000 
 0.0000000  0.0865030  0.0000000  0.0000000  0.0000000  0.0000000 
 0.0000000  0.9670570  0.0000000  0.0000000  0.0000000  0.0000000 
 0.0000000  0.0000000 -1.5551310  0.0000000  0.0000000  0.0000000 
 0.0000000  0.0000000  1.4179390  0.0000000  0.0000000  0.0000000 
 0.0000000  0.0000000  1.0106200  0.0000000  0.0000000  0.0000000 
 0.0000000  0.0000000  0.0000000 -0.3891040  0.0000000  0.0000000 
 0.0000000  0.0000000  0.0000000  0.4349700  0.0000000  0.0000000 
 0.0000000  0.0000000  0.0000000  0.8115900  0.0000000  0.0000000 
 0.0000000  0.0000000  0.0000000  0.0000000 -0.3156090  0.0000000 
 0.0000000  0.0000000  0.0000000  0.0000000  1.1140470  0.0000000 
 0.0000000  0.0000000  0.0000000  0.0000000  0.0000000  1.0000000 

   379.4729000    82.3358900    26.2224800    21.1629400    18.5897800
     4.0099810     3.8363750     1.3033250     0.4934310     0.5723730
     0.0682030     0.0271570

 0.1496670  0.0000000  0.0000000  0.0000000  0.0000000 
 0.5987180  0.0000000  0.0000000  0.0000000  0.0000000 
 0.4132380  0.0000000  0.0000000  0.0000000  0.0000000 
 0.0000000 -0.7554620  0.0000000  0.0000000  0.0000000 
 0.0000000  1.1139660  0.0000000  0.0000000  0.0000000 
 0.0000000  0.7327670  0.0000000  0.0000000  0.0000000 
 0.0000000  0.0000000  0.0032900  0.0000000  0.0000000 
 0.0000000  0.0000000  0.4716450  0.0000000  0.0000000 
 0.0000000  0.0000000  0.5936990  0.0000000  0.0000000 
 0.0000000  0.0000000  0.0000000 -0.0011330  0.0000000 
 0.0000000  0.0000000  0.0000000  1.0003380  0.0000000 
 0.0000000  0.0000000  0.0000000  0.0000000  1.0000000 

    59.0121900    16.0127900     4.7771850     1.9704430     0.6619350
     0.2059970

 0.1337100  0.0000000  0.0000000 
 0.5000390  0.0000000  0.0000000 
 0.5775380  0.0000000  0.0000000 
 0.0000000  0.3106810  0.0000000 
 0.0000000  0.7800690  0.0000000 
 0.0000000  0.0000000  1.0000000 

MO:3-21G
EMSL BASIS SET LIBRARY

  3
    0    1    2
    6    5    3
   15   12    6

  8899.4910000  1346.7640000   295.6352000   399.3139000    86.5935600
    27.6390400    22.5029200    19.4917100     4.2781800     4.1630210
     1.4353050     0.5437820     0.6318010     0.0732580     0.0280250

 0.0617060  0.0000000  0.0000000  0.0000000  0.0000000  0.0000000 
 0.3694540  0.0000000  0.0000000  0.0000000  0.0000000  0.0000000 
 0.6884340  0.0000000  0.0000000  0.0000000  0.0000000  0.0000000 
 0.0000000 -0.1121440  0.0000000  0.0000000  0.0000000  0.0000000 
 0.0000000  0.0860110  0.0000000  0.0000000  0.0000000  0.0000000 
 0.0000000  0.9674330  0.0000000  0.0000000  0.0000000  0.0000000 
 0.0000000  0.0000000 -1.4223060  0.0000000  0.0000000  0.0000000 
 0.0000000  0.0000000  1.2841850  0.0000000  0.0000000  0.0000000 
 0.0000000  0.0000000  1.0108660  0.0000000  0.0000000  0.0000000 
 0.0000000  0.0000000  0.0000000 -0.3964230  0.0000000  0.0000000 
 0.0000000  0.0000000  0.0000000  0.4370790  0.0000000  0.0000000 
 0.0000000  0.0000000  0.0000000  0.8148460  0.0000000  0.0000000 
 0.0000000  0.0000000  0.0000000  0.0000000 -0.3033620  0.0000000 
 0.0000000  0.0000000  0.0000000  0.0000000  1.1084130  0.0000000 
 0.0000000  0.0000000  0.0000000  0.0000000  0.0000000  1.0000000 

   399.3139000    86.5935600    27.6390400    22.5029200    19.4917100
     4.2781800     4.1630210     1.4353050     0.5437820     0.6318010
     0.0732580     0.0280250

 0.1500660  0.0000000  0.0000000  0.0000000  0.0000000 
 0.6007690  0.0000000  0.0000000  0.0000000  0.0000000 
 0.4103860  0.0000000  0.0000000  0.0000000  0.0000000 
 0.0000000 -0.6680660  0.0000000  0.0000000  0.0000000 
 0.0000000  1.0303460  0.0000000  0.0000000  0.0000000 
 0.0000000  0.7283480  0.0000000  0.0000000  0.0000000 
 0.0000000  0.0000000  0.0029630  0.0000000  0.0000000 
 0.0000000  0.0000000  0.4791470  0.0000000  0.0000000 
 0.0000000  0.0000000  0.5864870  0.0000000  0.0000000 
 0.0000000  0.0000000  0.0000000 -0.0010790  0.0000000 
 0.0000000  0.0000000  0.0000000  1.0003130  0.0000000 
 0.0000000  0.0000000  0.0000000  0.0000000  1.0000000 

    63.7804500    17.3735800     5.2307840     2.2709370     0.7546530
     0.2351420

 0.1317390  0.0000000  0.0000000 
 0.4985320  0.0000000  0.0000000 
 0.5781780  0.0000000  0.0000000 
 0.0000000  0.3112640  0.0000000 
 0.0000000  0.7810340  0.0000000 
 0.0000000  0.0000000  1.0000000 

TC:3-21G
EMSL BASIS SET LIBRARY

  3
    0    1    2
    6    5    3
   15   12    6

  9329.4820000  1412.5060000   310.2643000   418.8175000    91.2507800
    29.1121200    25.9106400    23.2677000     4.7070830     4.4411380
     1.5956390     0.5955600     0.6738810     0.0772410     0.0286960

 0.0617120  0.0000000  0.0000000  0.0000000  0.0000000  0.0000000 
 0.3693370  0.0000000  0.0000000  0.0000000  0.0000000  0.0000000 
 0.6884720  0.0000000  0.0000000  0.0000000  0.0000000  0.0000000 
 0.0000000 -0.1124030  0.0000000  0.0000000  0.0000000  0.0000000 
 0.0000000  0.0853180  0.0000000  0.0000000  0.0000000  0.0000000 
 0.0000000  0.9681770  0.0000000  0.0000000  0.0000000  0.0000000 
 0.0000000  0.0000000 -1.3804460  0.0000000  0.0000000  0.0000000 
 0.0000000  0.0000000  1.1979000  0.0000000  0.0000000  0.0000000 
 0.0000000  0.0000000  1.0526490  0.0000000  0.0000000  0.0000000 
 0.0000000  0.0000000  0.0000000 -0.4041140  0.0000000  0.0000000 
 0.0000000  0.0000000  0.0000000  0.4398380  0.0000000  0.0000000 
 0.0000000  0.0000000  0.0000000  0.8219360  0.0000000  0.0000000 
 0.0000000  0.0000000  0.0000000  0.0000000 -0.2700030  0.0000000 
 0.0000000  0.0000000  0.0000000  0.0000000  1.0991500  0.0000000 
 0.0000000  0.0000000  0.0000000  0.0000000  0.0000000  1.0000000 

   418.8175000    91.2507800    29.1121200    25.9106400    23.2677000
     4.7070830     4.4411380     1.5956390     0.5955600     0.6738810
     0.0772410     0.0286960

 0.1500720  0.0000000  0.0000000  0.0000000  0.0000000 
 0.6000570  0.0000000  0.0000000  0.0000000  0.0000000 
 0.4109860  0.0000000  0.0000000  0.0000000  0.0000000 
 0.0000000 -1.6552710  0.0000000  0.0000000  0.0000000 
 0.0000000  1.9860200  0.0000000  0.0000000  0.0000000 
 0.0000000  0.7290340  0.0000000  0.0000000  0.0000000 
 0.0000000  0.0000000  0.0122910  0.0000000  0.0000000 
 0.0000000  0.0000000  0.4632070  0.0000000  0.0000000 
 0.0000000  0.0000000  0.5983830  0.0000000  0.0000000 
 0.0000000  0.0000000  0.0000000 -0.0009200  0.0000000 
 0.0000000  0.0000000  0.0000000  1.0002640  0.0000000 
 0.0000000  0.0000000  0.0000000  0.0000000  1.0000000 

    68.7837500    18.8038900     5.7052280     2.5991640     0.8622760
     0.2706070

 0.1296930  0.0000000  0.0000000 
 0.4966190  0.0000000  0.0000000 
 0.5795470  0.0000000  0.0000000 
 0.0000000  0.3092190  0.0000000 
 0.0000000  0.7829060  0.0000000 
 0.0000000  0.0000000  1.0000000 

RU:3-21G
EMSL BASIS SET LIBRARY

  3
    0    1    2
    6    5    3
   15   12    6

  9786.1610000  1481.4770000   325.4122000   439.8665000    95.7627300
    30.6056600    27.2773700    24.5108200     5.0089460     4.7658120
     1.7345310     0.6466360     0.7406620     0.0821710     0.0300970

 0.0616050  0.0000000  0.0000000  0.0000000  0.0000000  0.0000000 
 0.3689820  0.0000000  0.0000000  0.0000000  0.0000000  0.0000000 
 0.6888450  0.0000000  0.0000000  0.0000000  0.0000000  0.0000000 
 0.0000000 -0.1123910  0.0000000  0.0000000  0.0000000  0.0000000 
 0.0000000  0.0846940  0.0000000  0.0000000  0.0000000  0.0000000 
 0.0000000  0.9686380  0.0000000  0.0000000  0.0000000  0.0000000 
 0.0000000  0.0000000 -1.3955530  0.0000000  0.0000000  0.0000000 
 0.0000000  0.0000000  1.2108520  0.0000000  0.0000000  0.0000000 
 0.0000000  0.0000000  1.0540450  0.0000000  0.0000000  0.0000000 
 0.0000000  0.0000000  0.0000000 -0.4103630  0.0000000  0.0000000 
 0.0000000  0.0000000  0.0000000  0.4480030  0.0000000  0.0000000 
 0.0000000  0.0000000  0.0000000  0.8198080  0.0000000  0.0000000 
 0.0000000  0.0000000  0.0000000  0.0000000 -0.2639660  0.0000000 
 0.0000000  0.0000000  0.0000000  0.0000000  1.0948570  0.0000000 
 0.0000000  0.0000000  0.0000000  0.0000000  0.0000000  1.0000000 

   439.8665000    95.7627300    30.6056600    27.2773700    24.5108200
     5.0089460     4.7658120     1.7345310     0.6466360     0.7406620
     0.0821710     0.0300970

 0.1503790  0.0000000  0.0000000  0.0000000  0.0000000 
 0.6019290  0.0000000  0.0000000  0.0000000  0.0000000 
 0.4084640  0.0000000  0.0000000  0.0000000  0.0000000 
 0.0000000 -1.6686180  0.0000000  0.0000000  0.0000000 
 0.0000000  2.0027900  0.0000000  0.0000000  0.0000000 
 0.0000000  0.7251440  0.0000000  0.0000000  0.0000000 
 0.0000000  0.0000000  0.0112740  0.0000000  0.0000000 
 0.0000000  0.0000000  0.4727030  0.0000000  0.0000000 
 0.0000000  0.0000000  0.5898430  0.0000000  0.0000000 
 0.0000000  0.0000000  0.0000000 -0.0007620  0.0000000 
 0.0000000  0.0000000  0.0000000  1.0002120  0.0000000 
 0.0000000  0.0000000  0.0000000  0.0000000  1.0000000 

    73.9833000    20.2814900     6.1942980     2.8891080     0.9539610
     0.2958810

 0.1277600  0.0000000  0.0000000 
 0.4951470  0.0000000  0.0000000 
 0.5806550  0.0000000  0.0000000 
 0.0000000  0.3159940  0.0000000 
 0.0000000  0.7780660  0.0000000 
 0.0000000  0.0000000  1.0000000 

RH:3-21G
EMSL BASIS SET LIBRARY

  3
    0    1    2
    6    5    3
   15   12    6

 10217.7100000  1548.4120000   340.4990000   460.7593000   100.3289000
    32.1397100    28.7932900    25.9176800     5.3206400     5.1097480
     1.8754140     0.6995580     0.8005710     0.0873210     0.0314070

 0.0617320  0.0000000  0.0000000  0.0000000  0.0000000  0.0000000 
 0.3691530  0.0000000  0.0000000  0.0000000  0.0000000  0.0000000 
 0.6885140  0.0000000  0.0000000  0.0000000  0.0000000  0.0000000 
 0.0000000 -0.1124460  0.0000000  0.0000000  0.0000000  0.0000000 
 0.0000000  0.0843810  0.0000000  0.0000000  0.0000000  0.0000000 
 0.0000000  0.9689020  0.0000000  0.0000000  0.0000000  0.0000000 
 0.0000000  0.0000000 -1.4040910  0.0000000  0.0000000  0.0000000 
 0.0000000  0.0000000  1.2161690  0.0000000  0.0000000  0.0000000 
 0.0000000  0.0000000  1.0565550  0.0000000  0.0000000  0.0000000 
 0.0000000  0.0000000  0.0000000 -0.4126470  0.0000000  0.0000000 
 0.0000000  0.0000000  0.0000000  0.4518850  0.0000000  0.0000000 
 0.0000000  0.0000000  0.0000000  0.8188990  0.0000000  0.0000000 
 0.0000000  0.0000000  0.0000000  0.0000000 -0.2553480  0.0000000 
 0.0000000  0.0000000  0.0000000  0.0000000  1.0913080  0.0000000 
 0.0000000  0.0000000  0.0000000  0.0000000  0.0000000  1.0000000 

   460.7593000   100.3289000    32.1397100    28.7932900    25.9176800
     5.3206400     5.1097480     1.8754140     0.6995580     0.8005710
     0.0873210     0.0314070

 0.1508580  0.0000000  0.0000000  0.0000000  0.0000000 
 0.6035140  0.0000000  0.0000000  0.0000000  0.0000000 
 0.4060250  0.0000000  0.0000000  0.0000000  0.0000000 
 0.0000000 -1.7122180  0.0000000  0.0000000  0.0000000 
 0.0000000  2.0476030  0.0000000  0.0000000  0.0000000 
 0.0000000  0.7229830  0.0000000  0.0000000  0.0000000 
 0.0000000  0.0000000  0.0093740  0.0000000  0.0000000 
 0.0000000  0.0000000  0.4815540  0.0000000  0.0000000 
 0.0000000  0.0000000  0.5822310  0.0000000  0.0000000 
 0.0000000  0.0000000  0.0000000 -0.0007760  0.0000000 
 0.0000000  0.0000000  0.0000000  1.0002120  0.0000000 
 0.0000000  0.0000000  0.0000000  0.0000000  1.0000000 

    79.2559700    21.7894500     6.6975180     3.1909080     1.0545750
     0.3260790

 0.1261900  0.0000000  0.0000000 
 0.4939540  0.0000000  0.0000000 
 0.5813300  0.0000000  0.0000000 
 0.0000000  0.3210400  0.0000000 
 0.0000000  0.7738520  0.0000000 
 0.0000000  0.0000000  1.0000000 

PD:3-21G
EMSL BASIS SET LIBRARY

  3
    0    1    2
    6    5    3
   15   12    6

 10728.7400000  1624.0740000   356.7937000   482.4783000   105.0590000
    33.6814500    30.1865400    27.1664200     5.6359340     5.4753740
     1.9976040     0.7439300     0.8901630     0.0928210     0.0337740

 0.0614290  0.0000000  0.0000000  0.0000000  0.0000000  0.0000000 
 0.3683280  0.0000000  0.0000000  0.0000000  0.0000000  0.0000000 
 0.6895030  0.0000000  0.0000000  0.0000000  0.0000000  0.0000000 
 0.0000000 -0.1126790  0.0000000  0.0000000  0.0000000  0.0000000 
 0.0000000  0.0846120  0.0000000  0.0000000  0.0000000  0.0000000 
 0.0000000  0.9687870  0.0000000  0.0000000  0.0000000  0.0000000 
 0.0000000  0.0000000 -1.4185470  0.0000000  0.0000000  0.0000000 
 0.0000000  0.0000000  1.2294440  0.0000000  0.0000000  0.0000000 
 0.0000000  0.0000000  1.0570830  0.0000000  0.0000000  0.0000000 
 0.0000000  0.0000000  0.0000000 -0.4172610  0.0000000  0.0000000 
 0.0000000  0.0000000  0.0000000  0.4705880  0.0000000  0.0000000 
 0.0000000  0.0000000  0.0000000  0.8046360  0.0000000  0.0000000 
 0.0000000  0.0000000  0.0000000  0.0000000 -0.2784320  0.0000000 
 0.0000000  0.0000000  0.0000000  0.0000000  1.0930280  0.0000000 
 0.0000000  0.0000000  0.0000000  0.0000000  0.0000000  1.0000000 

   482.4783000   105.0590000    33.6814500    30.1865400    27.1664200
     5.6359340     5.4753740     1.9976040     0.7439300     0.8901630
     0.0928210     0.0337740

 0.1510790  0.0000000  0.0000000  0.0000000  0.0000000 
 0.6050920  0.0000000  0.0000000  0.0000000  0.0000000 
 0.4039800  0.0000000  0.0000000  0.0000000  0.0000000 
 0.0000000 -1.7098170  0.0000000  0.0000000  0.0000000 
 0.0000000  2.0493080  0.0000000  0.0000000  0.0000000 
 0.0000000  0.7186300  0.0000000  0.0000000  0.0000000 
 0.0000000  0.0000000  0.0115840  0.0000000  0.0000000 
 0.0000000  0.0000000  0.4974550  0.0000000  0.0000000 
 0.0000000  0.0000000  0.5655270  0.0000000  0.0000000 
 0.0000000  0.0000000  0.0000000 -0.0012720  0.0000000 
 0.0000000  0.0000000  0.0000000  1.0003320  0.0000000 
 0.0000000  0.0000000  0.0000000  0.0000000  1.0000000 

    84.2369100    23.2491900     7.1967600     3.4730770     1.1480500
     0.3548110

 0.1256430  0.0000000  0.0000000 
 0.4937200  0.0000000  0.0000000 
 0.5803430  0.0000000  0.0000000 
 0.0000000  0.3281540  0.0000000 
 0.0000000  0.7680270  0.0000000 
 0.0000000  0.0000000  1.0000000 

AG:3-21G
EMSL BASIS SET LIBRARY

  3
    0    1    2
    6    5    3
   15   12    6

 11190.7800000  1695.0770000   372.6752000   504.6162000   109.8718000
    35.2951300    31.5687700    28.3439700     5.9451270     5.8002560
     2.1272560     0.7935510     0.9285440     0.0972550     0.0349330

 0.0614950  0.0000000  0.0000000  0.0000000  0.0000000  0.0000000 
 0.3684050  0.0000000  0.0000000  0.0000000  0.0000000  0.0000000 
 0.6893250  0.0000000  0.0000000  0.0000000  0.0000000  0.0000000 
 0.0000000 -0.1126580  0.0000000  0.0000000  0.0000000  0.0000000 
 0.0000000  0.0840280  0.0000000  0.0000000  0.0000000  0.0000000 
 0.0000000  0.9692340  0.0000000  0.0000000  0.0000000  0.0000000 
 0.0000000  0.0000000 -1.4220280  0.0000000  0.0000000  0.0000000 
 0.0000000  0.0000000  1.2340980  0.0000000  0.0000000  0.0000000 
 0.0000000  0.0000000  1.0556830  0.0000000  0.0000000  0.0000000 
 0.0000000  0.0000000  0.0000000 -0.4196170  0.0000000  0.0000000 
 0.0000000  0.0000000  0.0000000  0.4843500  0.0000000  0.0000000 
 0.0000000  0.0000000  0.0000000  0.7952030  0.0000000  0.0000000 
 0.0000000  0.0000000  0.0000000  0.0000000 -0.2523000  0.0000000 
 0.0000000  0.0000000  0.0000000  0.0000000  1.0873920  0.0000000 
 0.0000000  0.0000000  0.0000000  0.0000000  0.0000000  1.0000000 

   504.6162000   109.8718000    35.2951300    31.5687700    28.3439700
     5.9451270     5.8002560     2.1272560     0.7935510     0.9285440
     0.0972550     0.0349330

 0.1514800  0.0000000  0.0000000  0.0000000  0.0000000 
 0.6065140  0.0000000  0.0000000  0.0000000  0.0000000 
 0.4018300  0.0000000  0.0000000  0.0000000  0.0000000 
 0.0000000 -1.6733660  0.0000000  0.0000000  0.0000000 
 0.0000000  2.0189760  0.0000000  0.0000000  0.0000000 
 0.0000000  0.7126890  0.0000000  0.0000000  0.0000000 
 0.0000000  0.0000000  0.0143040  0.0000000  0.0000000 
 0.0000000  0.0000000  0.5071940  0.0000000  0.0000000 
 0.0000000  0.0000000  0.5539740  0.0000000  0.0000000 
 0.0000000  0.0000000  0.0000000 -0.0014810  0.0000000 
 0.0000000  0.0000000  0.0000000  1.0003880  0.0000000 
 0.0000000  0.0000000  0.0000000  0.0000000  1.0000000 

    89.9333500    24.8749600     7.7381910     3.7965570     1.2566440
     0.3881330

 0.1240160  0.0000000  0.0000000 
 0.4923830  0.0000000  0.0000000 
 0.5814970  0.0000000  0.0000000 
 0.0000000  0.3314260  0.0000000 
 0.0000000  0.7651630  0.0000000 
 0.0000000  0.0000000  1.0000000 

CD:3-21G
EMSL BASIS SET LIBRARY

  3
    0    1    2
    6    5    3
   15   12    6

 11686.0900000  1770.1110000   389.2090000   527.6004000   114.8329000
    36.9582900    33.0154800    29.5454300     6.2785080     6.1505960
     2.2597460     0.8414260     0.9490690     0.1014880     0.0359870

 0.0614270  0.0000000  0.0000000  0.0000000  0.0000000  0.0000000 
 0.3681570  0.0000000  0.0000000  0.0000000  0.0000000  0.0000000 
 0.6895720  0.0000000  0.0000000  0.0000000  0.0000000  0.0000000 
 0.0000000 -0.1125920  0.0000000  0.0000000  0.0000000  0.0000000 
 0.0000000  0.0832700  0.0000000  0.0000000  0.0000000  0.0000000 
 0.0000000  0.9697980  0.0000000  0.0000000  0.0000000  0.0000000 
 0.0000000  0.0000000 -1.4064710  0.0000000  0.0000000  0.0000000 
 0.0000000  0.0000000  1.2181560  0.0000000  0.0000000  0.0000000 
 0.0000000  0.0000000  1.0555200  0.0000000  0.0000000  0.0000000 
 0.0000000  0.0000000  0.0000000 -0.4229210  0.0000000  0.0000000 
 0.0000000  0.0000000  0.0000000  0.4987710  0.0000000  0.0000000 
 0.0000000  0.0000000  0.0000000  0.7850760  0.0000000  0.0000000 
 0.0000000  0.0000000  0.0000000  0.0000000 -0.2215550  0.0000000 
 0.0000000  0.0000000  0.0000000  0.0000000  1.0809440  0.0000000 
 0.0000000  0.0000000  0.0000000  0.0000000  0.0000000  1.0000000 

   527.6004000   114.8329000    36.9582900    33.0154800    29.5454300
     6.2785080     6.1505960     2.2597460     0.8414260     0.9490690
     0.1014880     0.0359870

 0.1518050  0.0000000  0.0000000  0.0000000  0.0000000 
 0.6077600  0.0000000  0.0000000  0.0000000  0.0000000 
 0.3999630  0.0000000  0.0000000  0.0000000  0.0000000 
 0.0000000 -1.6090240  0.0000000  0.0000000  0.0000000 
 0.0000000  1.9595680  0.0000000  0.0000000  0.0000000 
 0.0000000  0.7080270  0.0000000  0.0000000  0.0000000 
 0.0000000  0.0000000  0.0144820  0.0000000  0.0000000 
 0.0000000  0.0000000  0.5186610  0.0000000  0.0000000 
 0.0000000  0.0000000  0.5426660  0.0000000  0.0000000 
 0.0000000  0.0000000  0.0000000 -0.0015400  0.0000000 
 0.0000000  0.0000000  0.0000000  1.0004120  0.0000000 
 0.0000000  0.0000000  0.0000000  0.0000000  1.0000000 

    95.4727400    26.4819600     8.2828860     4.0821410     1.3572790
     0.4208310

 0.1230830  0.0000000  0.0000000 
 0.4916770  0.0000000  0.0000000 
 0.5815410  0.0000000  0.0000000 
 0.0000000  0.3379410  0.0000000 
 0.0000000  0.7591680  0.0000000 
 0.0000000  0.0000000  1.0000000 

IN:3-21G
EMSL BASIS SET LIBRARY

  3
    0    1    2
    6    5    2
   15   12    6

 12214.5470000  1848.9136000   406.3683300   550.4423000   119.7744000
    38.6692700    47.0293100    22.4964200     6.6971170     6.5723600
     2.5021580     0.9420250     1.0012210     0.1659700     0.0543400

 0.0612480  0.0000000  0.0000000  0.0000000  0.0000000  0.0000000 
 0.3676750  0.0000000  0.0000000  0.0000000  0.0000000  0.0000000 
 0.6901360  0.0000000  0.0000000  0.0000000  0.0000000  0.0000000 
 0.0000000 -0.1127090  0.0000000  0.0000000  0.0000000  0.0000000 
 0.0000000  0.0834440  0.0000000  0.0000000  0.0000000  0.0000000 
 0.0000000  0.9696880  0.0000000  0.0000000  0.0000000  0.0000000 
 0.0000000  0.0000000 -0.2758950  0.0000000  0.0000000  0.0000000 
 0.0000000  0.0000000  0.0597730  0.0000000  0.0000000  0.0000000 
 0.0000000  0.0000000  1.0821480  0.0000000  0.0000000  0.0000000 
 0.0000000  0.0000000  0.0000000 -0.4284830  0.0000000  0.0000000 
 0.0000000  0.0000000  0.0000000  0.4633640  0.0000000  0.0000000 
 0.0000000  0.0000000  0.0000000  0.8219680  0.0000000  0.0000000 
 0.0000000  0.0000000  0.0000000  0.0000000 -0.4364170  0.0000000 
 0.0000000  0.0000000  0.0000000  0.0000000  1.1898930  0.0000000 
 0.0000000  0.0000000  0.0000000  0.0000000  0.0000000  1.0000000 

   550.4423000   119.7744000    38.6692700    47.0293100    22.4964200
     6.6971170     6.5723600     2.5021580     0.9420250     1.0012210
     0.1659700     0.0543400

 0.1523700  0.0000000  0.0000000  0.0000000  0.0000000 
 0.6096510  0.0000000  0.0000000  0.0000000  0.0000000 
 0.3970250  0.0000000  0.0000000  0.0000000  0.0000000 
 0.0000000 -0.1408480  0.0000000  0.0000000  0.0000000 
 0.0000000  0.5290870  0.0000000  0.0000000  0.0000000 
 0.0000000  0.6620680  0.0000000  0.0000000  0.0000000 
 0.0000000  0.0000000  0.0109130  0.0000000  0.0000000 
 0.0000000  0.0000000  0.5036760  0.0000000  0.0000000 
 0.0000000  0.0000000  0.5581810  0.0000000  0.0000000 
 0.0000000  0.0000000  0.0000000  0.0231630  0.0000000 
 0.0000000  0.0000000  0.0000000  0.9903310  0.0000000 
 0.0000000  0.0000000  0.0000000  0.0000000  1.0000000 

   102.1735600    28.3946320     8.9248050     4.5353640     1.5371480
     0.4994920

 0.1205560  0.0000000 
 0.4884980  0.0000000 
 0.5850190  0.0000000 
 0.0000000  0.2508570 
 0.0000000  0.5693110 
 0.0000000  0.3840640 

SN:3-21G
EMSL BASIS SET LIBRARY

  3
    0    1    2
    6    5    2
   15   12    6

 12741.6740000  1928.4692000   423.8079700   574.2875000   124.9537000
    40.3957600    48.8066200    23.8358800     7.0482960     6.9733780
     2.6930400     1.0259580     1.1314630     0.2034090     0.0705640

 0.0611350  0.0000000  0.0000000  0.0000000  0.0000000  0.0000000 
 0.3672930  0.0000000  0.0000000  0.0000000  0.0000000  0.0000000 
 0.6905450  0.0000000  0.0000000  0.0000000  0.0000000  0.0000000 
 0.0000000 -0.1127460  0.0000000  0.0000000  0.0000000  0.0000000 
 0.0000000  0.0828630  0.0000000  0.0000000  0.0000000  0.0000000 
 0.0000000  0.9701510  0.0000000  0.0000000  0.0000000  0.0000000 
 0.0000000  0.0000000 -0.2824530  0.0000000  0.0000000  0.0000000 
 0.0000000  0.0000000  0.0660560  0.0000000  0.0000000  0.0000000 
 0.0000000  0.0000000  1.0819870  0.0000000  0.0000000  0.0000000 
 0.0000000  0.0000000  0.0000000 -0.4340360  0.0000000  0.0000000 
 0.0000000  0.0000000  0.0000000  0.4610290  0.0000000  0.0000000 
 0.0000000  0.0000000  0.0000000  0.8285580  0.0000000  0.0000000 
 0.0000000  0.0000000  0.0000000  0.0000000 -0.5252080  0.0000000 
 0.0000000  0.0000000  0.0000000  0.0000000  1.2292260  0.0000000 
 0.0000000  0.0000000  0.0000000  0.0000000  0.0000000  1.0000000 

   574.2875000   124.9537000    40.3957600    48.8066200    23.8358800
     7.0482960     6.9733780     2.6930400     1.0259580     1.1314630
     0.2034090     0.0705640

 0.1525800  0.0000000  0.0000000  0.0000000  0.0000000 
 0.6110110  0.0000000  0.0000000  0.0000000  0.0000000 
 0.3951550  0.0000000  0.0000000  0.0000000  0.0000000 
 0.0000000 -0.1509630  0.0000000  0.0000000  0.0000000 
 0.0000000  0.5399680  0.0000000  0.0000000  0.0000000 
 0.0000000  0.6604820  0.0000000  0.0000000  0.0000000 
 0.0000000  0.0000000  0.0119510  0.0000000  0.0000000 
 0.0000000  0.0000000  0.5067190  0.0000000  0.0000000 
 0.0000000  0.0000000  0.5529110  0.0000000  0.0000000 
 0.0000000  0.0000000  0.0000000  0.0210710  0.0000000 
 0.0000000  0.0000000  0.0000000  0.9905910  0.0000000 
 0.0000000  0.0000000  0.0000000  0.0000000  1.0000000 

   108.0563000    30.1315760     9.5300360     4.9626100     1.7120830
     0.5771950

 0.1198240  0.0000000 
 0.4875910  0.0000000 
 0.5849870  0.0000000 
 0.0000000  0.2529490 
 0.0000000  0.5727610 
 0.0000000  0.3690390 

SB:3-21G
EMSL BASIS SET LIBRARY

  3
    0    1    2
    6    5    2
   15   12    6

 13289.3830000  2010.5218000   441.6981500   598.8890000   130.0385000
    42.1328600    51.5133300    24.4359500     7.4209310     7.3142350
     2.8440530     1.1058550     1.2786370     0.2412320     0.0866300

 0.0609840  0.0000000  0.0000000  0.0000000  0.0000000  0.0000000 
 0.3668490  0.0000000  0.0000000  0.0000000  0.0000000  0.0000000 
 0.6910500  0.0000000  0.0000000  0.0000000  0.0000000  0.0000000 
 0.0000000 -0.1127200  0.0000000  0.0000000  0.0000000  0.0000000 
 0.0000000  0.0826440  0.0000000  0.0000000  0.0000000  0.0000000 
 0.0000000  0.9702580  0.0000000  0.0000000  0.0000000  0.0000000 
 0.0000000  0.0000000 -0.2770430  0.0000000  0.0000000  0.0000000 
 0.0000000  0.0000000  0.0575030  0.0000000  0.0000000  0.0000000 
 0.0000000  0.0000000  1.0847030  0.0000000  0.0000000  0.0000000 
 0.0000000  0.0000000  0.0000000 -0.4403810  0.0000000  0.0000000 
 0.0000000  0.0000000  0.0000000  0.4737340  0.0000000  0.0000000 
 0.0000000  0.0000000  0.0000000  0.8221350  0.0000000  0.0000000 
 0.0000000  0.0000000  0.0000000  0.0000000 -0.6016950  0.0000000 
 0.0000000  0.0000000  0.0000000  0.0000000  1.2586920  0.0000000 
 0.0000000  0.0000000  0.0000000  0.0000000  0.0000000  1.0000000 

   598.8890000   130.0385000    42.1328600    51.5133300    24.4359500
     7.4209310     7.3142350     2.8440530     1.1058550     1.2786370
     0.2412320     0.0866300

 0.1530670  0.0000000  0.0000000  0.0000000  0.0000000 
 0.6135970  0.0000000  0.0000000  0.0000000  0.0000000 
 0.3916990  0.0000000  0.0000000  0.0000000  0.0000000 
 0.0000000 -0.1378700  0.0000000  0.0000000  0.0000000 
 0.0000000  0.5363550  0.0000000  0.0000000  0.0000000 
 0.0000000  0.6508680  0.0000000  0.0000000  0.0000000 
 0.0000000  0.0000000  0.0153050  0.0000000  0.0000000 
 0.0000000  0.0000000  0.5160830  0.0000000  0.0000000 
 0.0000000  0.0000000  0.5387570  0.0000000  0.0000000 
 0.0000000  0.0000000  0.0000000  0.0222530  0.0000000 
 0.0000000  0.0000000  0.0000000  0.9896430  0.0000000 
 0.0000000  0.0000000  0.0000000  0.0000000  1.0000000 

   115.8095500    32.3058350    10.2503280     5.4862100     1.9216200
     0.6660630

 0.1166280  0.0000000 
 0.4834360  0.0000000 
 0.5901400  0.0000000 
 0.0000000  0.2483660 
 0.0000000  0.5743150 
 0.0000000  0.3643040 

TE:3-21G
EMSL BASIS SET LIBRARY

  3
    0    1    2
    6    5    2
   15   12    6

 13796.5600000  2088.8798000   459.3931900   623.2631000   135.3600000
    44.0004800    54.1907800    25.8203900     7.8095830     7.7642170
     3.0439320     1.1992530     1.3403640     0.2780880     0.0967260

 0.0610860  0.0000000  0.0000000  0.0000000  0.0000000  0.0000000 
 0.3669630  0.0000000  0.0000000  0.0000000  0.0000000  0.0000000 
 0.6907940  0.0000000  0.0000000  0.0000000  0.0000000  0.0000000 
 0.0000000 -0.1128200  0.0000000  0.0000000  0.0000000  0.0000000 
 0.0000000  0.0822520  0.0000000  0.0000000  0.0000000  0.0000000 
 0.0000000  0.9706010  0.0000000  0.0000000  0.0000000  0.0000000 
 0.0000000  0.0000000 -0.2744120  0.0000000  0.0000000  0.0000000 
 0.0000000  0.0000000  0.0518300  0.0000000  0.0000000  0.0000000 
 0.0000000  0.0000000  1.0876220  0.0000000  0.0000000  0.0000000 
 0.0000000  0.0000000  0.0000000 -0.4467310  0.0000000  0.0000000 
 0.0000000  0.0000000  0.0000000  0.4694700  0.0000000  0.0000000 
 0.0000000  0.0000000  0.0000000  0.8298110  0.0000000  0.0000000 
 0.0000000  0.0000000  0.0000000  0.0000000 -0.5904700  0.0000000 
 0.0000000  0.0000000  0.0000000  0.0000000  1.2819680  0.0000000 
 0.0000000  0.0000000  0.0000000  0.0000000  0.0000000  1.0000000 

   623.2631000   135.3600000    44.0004800    54.1907800    25.8203900
     7.8095830     7.7642170     3.0439320     1.1992530     1.3403640
     0.2780880     0.0967260

 0.1534190  0.0000000  0.0000000  0.0000000  0.0000000 
 0.6149000  0.0000000  0.0000000  0.0000000  0.0000000 
 0.3895160  0.0000000  0.0000000  0.0000000  0.0000000 
 0.0000000 -0.1433310  0.0000000  0.0000000  0.0000000 
 0.0000000  0.5391880  0.0000000  0.0000000  0.0000000 
 0.0000000  0.6522850  0.0000000  0.0000000  0.0000000 
 0.0000000  0.0000000  0.0127460  0.0000000  0.0000000 
 0.0000000  0.0000000  0.5221230  0.0000000  0.0000000 
 0.0000000  0.0000000  0.5326610  0.0000000  0.0000000 
 0.0000000  0.0000000  0.0000000  0.0255880  0.0000000 
 0.0000000  0.0000000  0.0000000  0.9871020  0.0000000 
 0.0000000  0.0000000  0.0000000  0.0000000  1.0000000 

   121.4083000    34.0152170    10.8691380     5.8031110     2.0580660
     0.7328300

 0.1169140  0.0000000 
 0.4835560  0.0000000 
 0.5883860  0.0000000 
 0.0000000  0.2601940 
 0.0000000  0.5797760 
 0.0000000  0.3405580 

I:3-21G
EMSL BASIS SET LIBRARY

  3
    0    1    2
    6    5    2
   15   12    6

 14351.1860000  2173.0741000   477.8720500   648.1887000   140.3064000
    45.6988000    56.6946900    27.4887500     8.2090960     8.1916790
     3.2445960     1.3004890     1.4513800     0.3281030     0.1150760

 0.0610030  0.0000000  0.0000000  0.0000000  0.0000000  0.0000000 
 0.3666400  0.0000000  0.0000000  0.0000000  0.0000000  0.0000000 
 0.6911310  0.0000000  0.0000000  0.0000000  0.0000000  0.0000000 
 0.0000000 -0.1128510  0.0000000  0.0000000  0.0000000  0.0000000 
 0.0000000  0.0832280  0.0000000  0.0000000  0.0000000  0.0000000 
 0.0000000  0.9697520  0.0000000  0.0000000  0.0000000  0.0000000 
 0.0000000  0.0000000 -0.2736970  0.0000000  0.0000000  0.0000000 
 0.0000000  0.0000000  0.0465000  0.0000000  0.0000000  0.0000000 
 0.0000000  0.0000000  1.0915760  0.0000000  0.0000000  0.0000000 
 0.0000000  0.0000000  0.0000000 -0.4508280  0.0000000  0.0000000 
 0.0000000  0.0000000  0.0000000  0.4632090  0.0000000  0.0000000 
 0.0000000  0.0000000  0.0000000  0.8386360  0.0000000  0.0000000 
 0.0000000  0.0000000  0.0000000  0.0000000 -0.6658520  0.0000000 
 0.0000000  0.0000000  0.0000000  0.0000000  1.3285840  0.0000000 
 0.0000000  0.0000000  0.0000000  0.0000000  0.0000000  1.0000000 

   648.1887000   140.3064000    45.6988000    56.6946900    27.4887500
     8.2090960     8.1916790     3.2445960     1.3004890     1.4513800
     0.3281030     0.1150760

 0.1541140  0.0000000  0.0000000  0.0000000  0.0000000 
 0.6194620  0.0000000  0.0000000  0.0000000  0.0000000 
 0.3837580  0.0000000  0.0000000  0.0000000  0.0000000 
 0.0000000 -0.1523220  0.0000000  0.0000000  0.0000000 
 0.0000000  0.5437690  0.0000000  0.0000000  0.0000000 
 0.0000000  0.6561680  0.0000000  0.0000000  0.0000000 
 0.0000000  0.0000000  0.0118700  0.0000000  0.0000000 
 0.0000000  0.0000000  0.5265250  0.0000000  0.0000000 
 0.0000000  0.0000000  0.5266080  0.0000000  0.0000000 
 0.0000000  0.0000000  0.0000000  0.0275410  0.0000000 
 0.0000000  0.0000000  0.0000000  0.9851370  0.0000000 
 0.0000000  0.0000000  0.0000000  0.0000000  1.0000000 

   128.0902600    35.9823780    11.5511160     6.1461520     2.2209370
     0.8099120

 0.1158640  0.0000000 
 0.4820490  0.0000000 
 0.5894450  0.0000000 
 0.0000000  0.2681820 
 0.0000000  0.5800610 
 0.0000000  0.3262260 

XE:3-21G
EMSL BASIS SET LIBRARY

  3
    0    1    2
    6    5    2
   15   12    6

 14902.2360000  2256.5383000   496.3731700   673.6611000   145.8491000
    47.5770800    59.1675200    28.6115900     8.5965960     8.6386760
     3.4628180     1.4010400     1.5784740     0.3750810     0.1331790

 0.0609970  0.0000000  0.0000000  0.0000000  0.0000000  0.0000000 
 0.3666290  0.0000000  0.0000000  0.0000000  0.0000000  0.0000000 
 0.6911150  0.0000000  0.0000000  0.0000000  0.0000000  0.0000000 
 0.0000000 -0.1129130  0.0000000  0.0000000  0.0000000  0.0000000 
 0.0000000  0.0829050  0.0000000  0.0000000  0.0000000  0.0000000 
 0.0000000  0.9700290  0.0000000  0.0000000  0.0000000  0.0000000 
 0.0000000  0.0000000 -0.2739770  0.0000000  0.0000000  0.0000000 
 0.0000000  0.0000000  0.0455300  0.0000000  0.0000000  0.0000000 
 0.0000000  0.0000000  1.0925280  0.0000000  0.0000000  0.0000000 
 0.0000000  0.0000000  0.0000000 -0.4558410  0.0000000  0.0000000 
 0.0000000  0.0000000  0.0000000  0.4617360  0.0000000  0.0000000 
 0.0000000  0.0000000  0.0000000  0.8442880  0.0000000  0.0000000 
 0.0000000  0.0000000  0.0000000  0.0000000 -0.7277720  0.0000000 
 0.0000000  0.0000000  0.0000000  0.0000000  1.3627970  0.0000000 
 0.0000000  0.0000000  0.0000000  0.0000000  0.0000000  1.0000000 

   673.6611000   145.8491000    47.5770800    59.1675200    28.6115900
     8.5965960     8.6386760     3.4628180     1.4010400     1.5784740
     0.3750810     0.1331790

 0.1544270  0.0000000  0.0000000  0.0000000  0.0000000 
 0.6206170  0.0000000  0.0000000  0.0000000  0.0000000 
 0.3820040  0.0000000  0.0000000  0.0000000  0.0000000 
 0.0000000 -0.1518570  0.0000000  0.0000000  0.0000000 
 0.0000000  0.5471510  0.0000000  0.0000000  0.0000000 
 0.0000000  0.6519540  0.0000000  0.0000000  0.0000000 
 0.0000000  0.0000000  0.0095850  0.0000000  0.0000000 
 0.0000000  0.0000000  0.5298190  0.0000000  0.0000000 
 0.0000000  0.0000000  0.5235980  0.0000000  0.0000000 
 0.0000000  0.0000000  0.0000000  0.0280720  0.0000000 
 0.0000000  0.0000000  0.0000000  0.9842640  0.0000000 
 0.0000000  0.0000000  0.0000000  0.0000000  1.0000000 

   134.9133100    37.9563870    12.2274750     6.6004930     2.3980510
     0.8864820

 0.1150110  0.0000000 
 0.4815950  0.0000000 
 0.5896130  0.0000000 
 0.0000000  0.2718840 
 0.0000000  0.5855570 
 0.0000000  0.3127460 

CS:3-21G
EMSL BASIS SET LIBRARY

  3
    0    1    2
    7    6    2
   18   12    6

 15525.8660000  2349.0055000   516.2355500   687.5050500    67.1911570
    27.9920030    60.1681880    10.8686940     4.7407050     9.8871630
     2.3693430     1.1416760     1.7690780     0.3836200     0.1713060
     0.2118490     0.0403240     0.0170580

 0.0607240  0.0000000  0.0000000  0.0000000  0.0000000  0.0000000  0.0000000 
 0.3658420  0.0000000  0.0000000  0.0000000  0.0000000  0.0000000  0.0000000 
 0.6920470  0.0000000  0.0000000  0.0000000  0.0000000  0.0000000  0.0000000 
 0.0000000 -0.1102130  0.0000000  0.0000000  0.0000000  0.0000000  0.0000000 
 0.0000000  0.7272030  0.0000000  0.0000000  0.0000000  0.0000000  0.0000000 
 0.0000000  0.3401430  0.0000000  0.0000000  0.0000000  0.0000000  0.0000000 
 0.0000000  0.0000000 -0.2753150  0.0000000  0.0000000  0.0000000  0.0000000 
 0.0000000  0.0000000  0.8901280  0.0000000  0.0000000  0.0000000  0.0000000 
 0.0000000  0.0000000  0.2648630  0.0000000  0.0000000  0.0000000  0.0000000 
 0.0000000  0.0000000  0.0000000 -0.3688270  0.0000000  0.0000000  0.0000000 
 0.0000000  0.0000000  0.0000000  0.8325820  0.0000000  0.0000000  0.0000000 
 0.0000000  0.0000000  0.0000000  0.3887890  0.0000000  0.0000000  0.0000000 
 0.0000000  0.0000000  0.0000000  0.0000000 -0.3409420  0.0000000  0.0000000 
 0.0000000  0.0000000  0.0000000  0.0000000  0.7000970  0.0000000  0.0000000 
 0.0000000  0.0000000  0.0000000  0.0000000  0.4934520  0.0000000  0.0000000 
 0.0000000  0.0000000  0.0000000  0.0000000  0.0000000 -0.2750220  0.0000000 
 0.0000000  0.0000000  0.0000000  0.0000000  0.0000000  0.1936040  0.0000000 
 0.0000000  0.0000000  0.0000000  0.0000000  0.0000000  0.0000000  1.0000000 

  1024.2833000   239.6488900    71.2555480   139.4586400    25.8108100
    10.1394520     4.3242440     1.9364150     0.8145050     0.5945840
     0.2749920     0.1115530

 0.0791850  0.0000000  0.0000000  0.0000000  0.0000000  0.0000000 
 0.4199330  0.0000000  0.0000000  0.0000000  0.0000000  0.0000000 
 0.6432510  0.0000000  0.0000000  0.0000000  0.0000000  0.0000000 
 0.0000000 -0.0331230  0.0000000  0.0000000  0.0000000  0.0000000 
 0.0000000  0.3891080  0.0000000  0.0000000  0.0000000  0.0000000 
 0.0000000  0.6790330  0.0000000  0.0000000  0.0000000  0.0000000 
 0.0000000  0.0000000  0.3816690  0.0000000  0.0000000  0.0000000 
 0.0000000  0.0000000  0.5769760  0.0000000  0.0000000  0.0000000 
 0.0000000  0.0000000  0.1154050  0.0000000  0.0000000  0.0000000 
 0.0000000  0.0000000  0.0000000  1.0000000  0.0000000  0.0000000 
 0.0000000  0.0000000  0.0000000  0.0000000  1.0000000  0.0000000 
 0.0000000  0.0000000  0.0000000  0.0000000  0.0000000  1.0000000 

   144.0513900    40.5051460    13.0862440     7.3715780     2.7248240
     1.0266780

 0.1118300  0.0000000 
 0.4768350  0.0000000 
 0.5954170  0.0000000 
 0.0000000  0.2537250 
 0.0000000  0.5788860 
 0.0000000  0.3325980 

