!  3-21G*  EMSL  Basis Set Exchange Library   3/18/13 5:19 PM
! Elements                             References
! --------                             ----------
!  H - Ne: J.S. Binkley, J.A. Pople, W.J. Hehre, J. Am. Chem. Soc 102 939 (1980)
! Na - Ar: M.S. Gordon, J.S. Binkley, J.A. Pople, W.J. Pietro and W.J. Hehre, 
!          J. Am. Chem. Soc. 104, 2797 (1983).
!  K - Ca: K.D. Dobbs, W.J. Hehre, J. Comput. Chem. 7, 359 (1986). 
! Ga - Kr: K.D. Dobbs, W.J. Hehre, J. Comput. Chem. 7, 359 (1986).
! Sc - Zn: K.D. Dobbs, W.J. Hehre, J. Comput. Chem. 8, 861 (1987). 
!  Y - Cd: K.D. Dobbs, W.J. Hehre, J. Comput. Chem. 8, 880 (1987). 
! Cs     : A 3-21G quality set derived from the Huzinage MIDI basis sets.
!          E.D. Glendening and D. Feller, J. Phys. Chem. 99, 3060 (1995)
!   

! Elements                             Reference
! --------                             ----------
! Na - Ar:  W.J. Pietro, M.M. Francl, W.J. Hehre, D.J. DeFrees, J.A. Pople and 
!           J.S. Binkley, J. Am. Chem. Soc. 104, 5039 (1982)
!   


NA:3-21G*
EMSL BASIS SET LIBRARY

  3
    0    1    2
    4    3    1
    9    6    1

   547.6130000    82.0678000    17.6917000    17.5407000     3.7939800
     0.9064410     0.5018240     0.0609458     0.0244349

 0.0674911  0.0000000  0.0000000  0.0000000 
 0.3935050  0.0000000  0.0000000  0.0000000 
 0.6656050  0.0000000  0.0000000  0.0000000 
 0.0000000 -0.1119370  0.0000000  0.0000000 
 0.0000000  0.2546540  0.0000000  0.0000000 
 0.0000000  0.8444170  0.0000000  0.0000000 
 0.0000000  0.0000000 -0.2196600  0.0000000 
 0.0000000  0.0000000  1.0891200  0.0000000 
 0.0000000  0.0000000  0.0000000  1.0000000 

    17.5407000     3.7939800     0.9064410     0.5018240     0.0609458
     0.0244349

 0.1282330  0.0000000  0.0000000 
 0.4715330  0.0000000  0.0000000 
 0.6042730  0.0000000  0.0000000 
 0.0000000  0.0090665  0.0000000 
 0.0000000  0.9972020  0.0000000 
 0.0000000  0.0000000  1.0000000 

     0.1750000

 1.0000000 

MG:3-21G*
EMSL BASIS SET LIBRARY

  3
    0    1    2
    4    3    1
    9    6    1

   652.8410000    98.3805000    21.2996000    23.3727000     5.1995300
     1.3150800     0.6113490     0.1418410     0.0464011

 0.0675982  0.0000000  0.0000000  0.0000000 
 0.3917780  0.0000000  0.0000000  0.0000000 
 0.6666610  0.0000000  0.0000000  0.0000000 
 0.0000000 -0.1102460  0.0000000  0.0000000 
 0.0000000  0.1841190  0.0000000  0.0000000 
 0.0000000  0.8963990  0.0000000  0.0000000 
 0.0000000  0.0000000 -0.3611010  0.0000000 
 0.0000000  0.0000000  1.2150500  0.0000000 
 0.0000000  0.0000000  0.0000000  1.0000000 

    23.3727000     5.1995300     1.3150800     0.6113490     0.1418410
     0.0464011

 0.1210140  0.0000000  0.0000000 
 0.4628100  0.0000000  0.0000000 
 0.6069070  0.0000000  0.0000000 
 0.0000000  0.0242633  0.0000000 
 0.0000000  0.9866730  0.0000000 
 0.0000000  0.0000000  1.0000000 

     0.1750000

 1.0000000 

AL:3-21G*
EMSL BASIS SET LIBRARY

  3
    0    1    2
    4    3    1
    9    6    1

   775.7370000   116.9520000    25.3326000    29.4796000     6.6331400
     1.7267500     0.9461600     0.2025060     0.0639088

 0.0668347  0.0000000  0.0000000  0.0000000 
 0.3890610  0.0000000  0.0000000  0.0000000 
 0.6694680  0.0000000  0.0000000  0.0000000 
 0.0000000 -0.1079020  0.0000000  0.0000000 
 0.0000000  0.1462450  0.0000000  0.0000000 
 0.0000000  0.9237300  0.0000000  0.0000000 
 0.0000000  0.0000000 -0.3203270  0.0000000 
 0.0000000  0.0000000  1.1841200  0.0000000 
 0.0000000  0.0000000  0.0000000  1.0000000 

    29.4796000     6.6331400     1.7267500     0.9461600     0.2025060
     0.0639088

 0.1175740  0.0000000  0.0000000 
 0.4611740  0.0000000  0.0000000 
 0.6055350  0.0000000  0.0000000 
 0.0000000  0.0519383  0.0000000 
 0.0000000  0.9726600  0.0000000 
 0.0000000  0.0000000  1.0000000 

     0.3250000

 1.0000000 

SI:3-21G*
EMSL BASIS SET LIBRARY

  3
    0    1    2
    4    3    1
    9    6    1

   910.6550000   137.3360000    29.7601000    36.6716000     8.3172900
     2.2164500     1.0791300     0.3024220     0.0933392

 0.0660823  0.0000000  0.0000000  0.0000000 
 0.3862290  0.0000000  0.0000000  0.0000000 
 0.6723800  0.0000000  0.0000000  0.0000000 
 0.0000000 -0.1045110  0.0000000  0.0000000 
 0.0000000  0.1074100  0.0000000  0.0000000 
 0.0000000  0.9514460  0.0000000  0.0000000 
 0.0000000  0.0000000 -0.3761080  0.0000000 
 0.0000000  0.0000000  1.2516500  0.0000000 
 0.0000000  0.0000000  0.0000000  1.0000000 

    36.6716000     8.3172900     2.2164500     1.0791300     0.3024220
     0.0933392

 0.1133550  0.0000000  0.0000000 
 0.4575780  0.0000000  0.0000000 
 0.6074270  0.0000000  0.0000000 
 0.0000000  0.0671030  0.0000000 
 0.0000000  0.9568830  0.0000000 
 0.0000000  0.0000000  1.0000000 

     0.4500000

 1.0000000 

P:3-21G*
EMSL BASIS SET LIBRARY

  3
    0    1    2
    4    3    1
    9    6    1

  1054.9000000   159.1950000    34.5304000    44.2866000    10.1019000
     2.7399700     1.2186500     0.3955460     0.1228110

 0.0655410  0.0000000  0.0000000  0.0000000 
 0.3840360  0.0000000  0.0000000  0.0000000 
 0.6745410  0.0000000  0.0000000  0.0000000 
 0.0000000 -0.1021300  0.0000000  0.0000000 
 0.0000000  0.0815920  0.0000000  0.0000000 
 0.0000000  0.9697880  0.0000000  0.0000000 
 0.0000000  0.0000000 -0.3714950  0.0000000 
 0.0000000  0.0000000  1.2709900  0.0000000 
 0.0000000  0.0000000  0.0000000  1.0000000 

    44.2866000    10.1019000     2.7399700     1.2186500     0.3955460
     0.1228110

 0.1108510  0.0000000  0.0000000 
 0.4564950  0.0000000  0.0000000 
 0.6069360  0.0000000  0.0000000 
 0.0000000  0.0915820  0.0000000 
 0.0000000  0.9349240  0.0000000 
 0.0000000  0.0000000  1.0000000 

     0.5500000

 1.0000000 

S:3-21G*
EMSL BASIS SET LIBRARY

  3
    0    1    2
    4    3    1
    9    6    1

  1210.6200000   182.7470000    39.6673000    52.2236000    11.9629000
     3.2891100     1.2238400     0.4573030     0.1422690

 0.0650070  0.0000000  0.0000000  0.0000000 
 0.3820400  0.0000000  0.0000000  0.0000000 
 0.6765450  0.0000000  0.0000000  0.0000000 
 0.0000000 -0.1003100  0.0000000  0.0000000 
 0.0000000  0.0650880  0.0000000  0.0000000 
 0.0000000  0.9814550  0.0000000  0.0000000 
 0.0000000  0.0000000 -0.2860890  0.0000000 
 0.0000000  0.0000000  1.2280600  0.0000000 
 0.0000000  0.0000000  0.0000000  1.0000000 

    52.2236000    11.9629000     3.2891100     1.2238400     0.4573030
     0.1422690

 0.1096460  0.0000000  0.0000000 
 0.4576490  0.0000000  0.0000000 
 0.6042610  0.0000000  0.0000000 
 0.0000000  0.1647770  0.0000000 
 0.0000000  0.8708550  0.0000000 
 0.0000000  0.0000000  1.0000000 

     0.6500000

 1.0000000 

CL:3-21G*
EMSL BASIS SET LIBRARY

  3
    0    1    2
    4    3    1
    9    6    1

  1376.4000000   207.8570000    45.1554000    60.8014000    13.9765000
     3.8871000     1.3529900     0.5269550     0.1667140

 0.0645827  0.0000000  0.0000000  0.0000000 
 0.3803630  0.0000000  0.0000000  0.0000000 
 0.6781900  0.0000000  0.0000000  0.0000000 
 0.0000000 -0.0987639  0.0000000  0.0000000 
 0.0000000  0.0511338  0.0000000  0.0000000 
 0.0000000  0.9913370  0.0000000  0.0000000 
 0.0000000  0.0000000 -0.2224010  0.0000000 
 0.0000000  0.0000000  1.1825200  0.0000000 
 0.0000000  0.0000000  0.0000000  1.0000000 

    60.8014000    13.9765000     3.8871000     1.3529900     0.5269550
     0.1667140

 0.1085980  0.0000000  0.0000000 
 0.4586820  0.0000000  0.0000000 
 0.6019620  0.0000000  0.0000000 
 0.0000000  0.2192160  0.0000000 
 0.0000000  0.8223210  0.0000000 
 0.0000000  0.0000000  1.0000000 

     0.7500000

 1.0000000 

AR:3-21G*
EMSL BASIS SET LIBRARY

  3
    0    1    2
    4    3    1
    9    6    1

  1553.7100000   234.6780000    51.0121000    70.0453000    16.1473000
     4.5349200     1.5420900     0.6072670     0.1953730

 0.0641707  0.0000000  0.0000000  0.0000000 
 0.3787970  0.0000000  0.0000000  0.0000000 
 0.6797520  0.0000000  0.0000000  0.0000000 
 0.0000000 -0.0974661  0.0000000  0.0000000 
 0.0000000  0.0390569  0.0000000  0.0000000 
 0.0000000  0.9999160  0.0000000  0.0000000 
 0.0000000  0.0000000 -0.1768660  0.0000000 
 0.0000000  0.0000000  1.1469000  0.0000000 
 0.0000000  0.0000000  0.0000000  1.0000000 

    70.0453000    16.1473000     4.5349200     1.5420900     0.6072670
     0.1953730

 0.1076190  0.0000000  0.0000000 
 0.4595760  0.0000000  0.0000000 
 0.6000410  0.0000000  0.0000000 
 0.0000000  0.2556870  0.0000000 
 0.0000000  0.7898420  0.0000000 
 0.0000000  0.0000000  1.0000000 

     0.8500000

 1.0000000 




