!  4-31G  EMSL  Basis Set Exchange Library   3/18/13 5:21 PM
! Elements                             References
! --------                             ----------
! H, C - F: R. Ditchfield, W.J. Hehre and J.A. Pople, J. Chem. Phys. 54, 724 
!           (1971).
! He, Ne:   Gaussian 90 
! Li, Be:   These are actually 5-21G basis sets.
! Na - Ar:  M.S. Gordon, J.S. Binkley, J.A. Pople, W.J. Pietro and W.J. Hehre,
!           J. Am. Chem. Soc. 104, 2797 (1983).
!   


H:4-31G
EMSL BASIS SET LIBRARY

  1
    0
    2
    4

    18.7311370     2.8253944     0.6401217     0.1612778

 0.0334946  0.0000000 
 0.2347269  0.0000000 
 0.8137573  0.0000000 
 0.0000000  1.0000000 

HE:4-31G
EMSL BASIS SET LIBRARY

  1
    0
    2
    4

    38.4216340     5.7780300     1.2417740     0.2979640

 0.0237660  0.0000000 
 0.1546790  0.0000000 
 0.4696300  0.0000000 
 0.0000000  1.0000000 

LI:4-31G
EMSL BASIS SET LIBRARY

  2
    0    1
    3    2
    8    3

   275.3944400    41.4351750     9.3669938     2.5377253     0.7466365
     0.7345643     0.0871980     0.0404387

 0.0061218  0.0000000  0.0000000 
 0.0451129  0.0000000  0.0000000 
 0.1926941  0.0000000  0.0000000 
 0.4685442  0.0000000  0.0000000 
 0.4406075  0.0000000  0.0000000 
 0.0000000 -0.2525368  0.0000000 
 0.0000000  1.0973408  0.0000000 
 0.0000000  0.0000000  1.0000000 

     0.7345643     0.0871980     0.0404387

 0.1435917  0.0000000 
 0.9478030  0.0000000 
 0.0000000  1.0000000 

BE:4-31G
EMSL BASIS SET LIBRARY

  2
    0    1
    3    2
    8    3

   554.0100000    83.2631000    18.8635000     5.1778200     1.5560200
  1.4417524910  0.3018610597  0.1009613875

 0.0054099  0.0000000  0.0000000 
 0.0402515  0.0000000  0.0000000 
 0.1768580  0.0000000  0.0000000 
 0.4525590  0.0000000  0.0000000 
 0.4702930  0.0000000  0.0000000 
 0.0000000 -0.4774290  0.0000000 
 0.0000000  1.2474500  0.0000000 
 0.0000000  0.0000000  1.0000000 

  1.4417524910  0.3018610597  0.1009613875

 0.2011420  0.0000000 
 0.8844830  0.0000000 
 0.0000000  1.0000000 

B:4-31G
EMSL BASIS SET LIBRARY

  2
    0    1
    3    2
    8    4

   330.7528500    49.8438650    11.1170540     2.9227243     5.6812646
     1.4544046     0.4283786     0.1442192

 0.0179942  0.0000000  0.0000000 
 0.1246937  0.0000000  0.0000000 
 0.4343354  0.0000000  0.0000000 
 0.5609794  0.0000000  0.0000000 
 0.0000000 -0.1303871  0.0000000 
 0.0000000 -0.2514344  0.0000000 
 0.0000000  1.2051292  0.0000000 
 0.0000000  0.0000000  1.0000000 

     5.6812646     1.4544046     0.4283786     0.1442192

 0.0637429  0.0000000 
 0.2761331  0.0000000 
 0.7773866  0.0000000 
 0.0000000  1.0000000 

C:4-31G
EMSL BASIS SET LIBRARY

  2
    0    1
    3    2
    8    4

   486.9669300    73.3710940    16.4134580     4.3449836     8.6735253
     2.0966193     0.6046513     0.1835578

 0.0177258  0.0000000  0.0000000 
 0.1234787  0.0000000  0.0000000 
 0.4338754  0.0000000  0.0000000 
 0.5615042  0.0000000  0.0000000 
 0.0000000 -0.1213837  0.0000000 
 0.0000000 -0.2273385  0.0000000 
 0.0000000  1.1851739  0.0000000 
 0.0000000  0.0000000  1.0000000 

     8.6735253     2.0966193     0.6046513     0.1835578

 0.0635454  0.0000000 
 0.2982678  0.0000000 
 0.7621032  0.0000000 
 0.0000000  1.0000000 

N:4-31G
EMSL BASIS SET LIBRARY

  2
    0    1
    3    2
    8    4

   671.2795000   101.2017000    22.6999700     6.0406090    12.3935997
     2.9223828    0.83252808     0.2259640

 0.0175982  0.0000000  0.0000000 
 0.1228462  0.0000000  0.0000000 
 0.4337821  0.0000000  0.0000000 
 0.5614182  0.0000000  0.0000000 
 0.0000000 -0.1174892  0.0000000 
 0.0000000 -0.2139940  0.0000000 
 0.0000000  1.1745021  0.0000000 
 0.0000000  0.0000000  1.0000000 

    12.3935997     2.9223828    0.83252808     0.2259640

 0.0640203  0.0000000 
 0.3112025  0.0000000 
 0.7527482  0.0000000 
 0.0000000  1.0000000 

O:4-31G
EMSL BASIS SET LIBRARY

  2
    0    1
    3    2
    8    4

   883.2728600   133.1292800    29.9064080     7.9786772    16.1944470
     3.7800860     1.0709836     0.2838798

 0.0175506  0.0000000  0.0000000 
 0.1228292  0.0000000  0.0000000 
 0.4348836  0.0000000  0.0000000 
 0.5600108  0.0000000  0.0000000 
 0.0000000 -0.1134010  0.0000000 
 0.0000000 -0.1772865  0.0000000 
 0.0000000  1.1504079  0.0000000 
 0.0000000  0.0000000  1.0000000 

    16.1944470     3.7800860     1.0709836     0.2838798

 0.0685453  0.0000000 
 0.3312254  0.0000000 
 0.7346079  0.0000000 
 0.0000000  1.0000000 

F:4-31G
EMSL BASIS SET LIBRARY

  2
    0    1
    3    2
    8    4

  1126.1630000   169.7432000    38.1815100    10.2120400    21.4953700
     4.9897780     1.4035740     0.3730318

 0.0174758  0.0000000  0.0000000 
 0.1225230  0.0000000  0.0000000 
 0.4349990  0.0000000  0.0000000 
 0.5598120  0.0000000  0.0000000 
 0.0000000 -0.1110570  0.0000000 
 0.0000000 -0.1683220  0.0000000 
 0.0000000  1.1436260  0.0000000 
 0.0000000  0.0000000  1.0000000 

    21.4953700     4.9897780     1.4035740     0.3730318

 0.0698880  0.0000000 
 0.3393880  0.0000000 
 0.7279590  0.0000000 
 0.0000000  1.0000000 

NE:4-31G
EMSL BASIS SET LIBRARY

  2
    0    1
    3    2
    8    4

  1397.9321000   210.7697800    47.4672570    12.7226260    27.2130330
     6.2941344     1.7600513     0.4618670

 0.0174238  0.0000000  0.0000000 
 0.1222727  0.0000000  0.0000000 
 0.4350142  0.0000000  0.0000000 
 0.5597146  0.0000000  0.0000000 
 0.0000000 -0.1096094  0.0000000 
 0.0000000 -0.1641248  0.0000000 
 0.0000000  1.1401515  0.0000000 
 0.0000000  0.0000000  1.0000000 

    27.2130330     6.2941344     1.7600513     0.4618670

 0.0704403  0.0000000 
 0.3439930  0.0000000 
 0.7245149  0.0000000 
 0.0000000  1.0000000 

P:4-31G
EMSL BASIS SET LIBRARY

  2
    0    1
    4    3
   12    8

  3018.6718000   455.1271210   102.3147300   27.61784730   114.4294010
   26.58229590   7.871888900   2.487857250   50.75061900   1.672862420
   0.621097412   0.167016007

 0.0185213  0.0000000  0.0000000  0.0000000 
 0.1299048  0.0000000  0.0000000  0.0000000 
 0.4551002  0.0000000  0.0000000  0.0000000 
 0.5331318  0.0000000  0.0000000  0.0000000 
 0.0000000 -0.0247502  0.0000000  0.0000000 
 0.0000000 -0.1350924  0.0000000  0.0000000 
 0.0000000  0.2277360  0.0000000  0.0000000 
 0.0000000  0.8755931  0.0000000  0.0000000 
 0.0000000  0.0000000 -0.0451192  0.0000000 
 0.0000000  0.0000000 -0.8504729  0.0000000 
 0.0000000  0.0000000  1.5962858  0.0000000 
 0.0000000  0.0000000  0.0000000  1.0000000 

   114.4294010   26.58229590   7.871888900   2.487857250   50.75061900
   1.672862420   0.621097412   0.167016007

 0.0274140  0.0000000  0.0000000 
 0.1690791  0.0000000  0.0000000 
 0.4691020  0.0000000  0.0000000 
 0.5181530  0.0000000  0.0000000 
 0.0000000  0.0037790  0.0000000 
 0.0000000 -0.0463438  0.0000000 
 0.0000000  1.0339442  0.0000000 
 0.0000000  0.0000000  1.0000000 

S:4-31G
EMSL BASIS SET LIBRARY

  2
    0    1
    4    3
   12    8

  3442.1244000   518.9131000   116.6909000    31.5716470   127.4405800
    29.7476670     8.8346642     2.8173898     3.7291854     1.4067702
     0.5481100     0.1703809

 0.0184921  0.0000000  0.0000000  0.0000000 
 0.1298220  0.0000000  0.0000000  0.0000000 
 0.4550418  0.0000000  0.0000000  0.0000000 
 0.5330084  0.0000000  0.0000000  0.0000000 
 0.0000000 -0.0272646  0.0000000  0.0000000 
 0.0000000 -0.1424834  0.0000000  0.0000000 
 0.0000000  0.2597043  0.0000000  0.0000000 
 0.0000000  0.8525473  0.0000000  0.0000000 
 0.0000000  0.0000000 -0.2775315  0.0000000 
 0.0000000  0.0000000 -0.4576435  0.0000000 
 0.0000000  0.0000000  1.4316843  0.0000000 
 0.0000000  0.0000000  0.0000000  1.0000000 

   127.4405800    29.7476670     8.8346642     2.8173898     3.7291854
     1.4067702     0.5481100     0.1703809

 0.0291520  0.0000000  0.0000000 
 0.1779597  0.0000000  0.0000000 
 0.4836237  0.0000000  0.0000000 
 0.4942553  0.0000000  0.0000000 
 0.0000000 -0.0337509  0.0000000 
 0.0000000  0.1457110  0.0000000 
 0.0000000  0.8982887  0.0000000 
 0.0000000  0.0000000  1.0000000 

CL:4-31G
EMSL BASIS SET LIBRARY

  2
    0    1
    4    3
   12    8

  3910.3026000   589.5518000   132.5939200    35.9035420   147.7653500
    34.5060750    10.2864710     3.3111473   4.280284910   1.641016670
   0.614478503   0.195659411

 0.0183794  0.0000000  0.0000000  0.0000000 
 0.1291401  0.0000000  0.0000000  0.0000000 
 0.4540448  0.0000000  0.0000000  0.0000000 
 0.5344394  0.0000000  0.0000000  0.0000000 
 0.0000000 -0.0267433  0.0000000  0.0000000 
 0.0000000 -0.1446911  0.0000000  0.0000000 
 0.0000000  0.2517035  0.0000000  0.0000000 
 0.0000000  0.8598203  0.0000000  0.0000000 
 0.0000000  0.0000000 -0.2703963  0.0000000 
 0.0000000  0.0000000 -0.3416297  0.0000000 
 0.0000000  0.0000000  1.3500245  0.0000000 
 0.0000000  0.0000000  0.0000000  1.0000000 

   147.7653500    34.5060750    10.2864710     3.3111473   4.280284910
   1.641016670   0.614478503   0.195659411

 0.0288645  0.0000000  0.0000000 
 0.1779647  0.0000000  0.0000000 
 0.4869998  0.0000000  0.0000000 
 0.4890184  0.0000000  0.0000000 
 0.0000000 -0.0367028  0.0000000 
 0.0000000  0.1918492  0.0000000 
 0.0000000  0.8643376  0.0000000 
 0.0000000  0.0000000  1.0000000 




