!  6-311G(2df,2pd)  EMSL  Basis Set Exchange Library   3/18/13 5:32 PM
! Elements                             References
! --------                             ----------
! H, Li - Ne: R. Krishnan, J.S. Binkley, R. Seeger and J.A. Pople,
!             J. Chem. Phys. 72, 650 (1980)
! Na - Ar:    A.D. McLean and G.S. Chandler J. Chem. Phys. 72, 5639, (1980).
! K  - Ca:    J-P. Blaudeau, M. P. McGrath, L.A. Curtiss and L. Radom,
!             J. Chem. Phys. 107, 5016 (1997).
! Ga - Kr:    L. A. Curtiss, M. P. McGrath, J-P. Blandeau, N. E. Davis, 
!             R. C. Binning, Jr. L. Radom, J. Chem. Phys. 103, 6104 (1995).
! I      :    M.N. Glukhovstev, A. pross, M.P. McGrath, L. Radom, J. Chem. Phys.
!             103, 1878 (1995)
!   

! Elements                             References
! --------                             ----------
! H-Ne: M.J. Frisch, J.A. Pople and J.S. Binkley, J. Chem. Phys. 80, 3265 (1984)
!   


H:6-311G(2df,2pd)
EMSL BASIS SET LIBRARY

  3
    0    1    2
    3    2    1
    5    2    1

    33.8650000     5.0947900     1.1587900     0.3258400     0.1027410

 0.0254938  0.0000000  0.0000000 
 0.1903730  0.0000000  0.0000000 
 0.8521610  0.0000000  0.0000000 
 0.0000000  1.0000000  0.0000000 
 0.0000000  0.0000000  1.0000000 

     1.5000000     0.3750000

 1.0000000  0.0000000 
 0.0000000  1.0000000 

     1.0000000

 1.0000000 

HE:6-311G(2df,2pd)
EMSL BASIS SET LIBRARY

  3
    0    1    2
    3    2    1
    5    2    1

    98.1243000    14.7689000     3.3188300     0.8740470     0.2445640

 0.0287452  0.0000000  0.0000000 
 0.2080610  0.0000000  0.0000000 
 0.8376350  0.0000000  0.0000000 
 0.0000000  1.0000000  0.0000000 
 0.0000000  0.0000000  1.0000000 

     1.5000000     0.3750000

 1.0000000  0.0000000 
 0.0000000  1.0000000 

     2.0000000

 1.0000000 

LI:6-311G(2df,2pd)
EMSL BASIS SET LIBRARY

  4
    0    1    2    3
    4    3    2    1
   11    5    2    1

   900.4600000   134.4330000    30.4365000     8.6263900     2.4833200
     0.3031790     4.8689000     0.8569240     0.2432270     0.0635070
     0.0243683

 0.0022870  0.0000000  0.0000000  0.0000000 
 0.0176350  0.0000000  0.0000000  0.0000000 
 0.0873434  0.0000000  0.0000000  0.0000000 
 0.2809770  0.0000000  0.0000000  0.0000000 
 0.6587410  0.0000000  0.0000000  0.0000000 
 0.1187120  0.0000000  0.0000000  0.0000000 
 0.0000000  0.0933293  0.0000000  0.0000000 
 0.0000000  0.9430450  0.0000000  0.0000000 
 0.0000000 -0.0027982  0.0000000  0.0000000 
 0.0000000  0.0000000  1.0000000  0.0000000 
 0.0000000  0.0000000  0.0000000  1.0000000 

     4.8689000     0.8569240     0.2432270     0.0635070     0.0243683

 0.0327661  0.0000000  0.0000000 
 0.1597920  0.0000000  0.0000000 
 0.8856670  0.0000000  0.0000000 
 0.0000000  1.0000000  0.0000000 
 0.0000000  0.0000000  1.0000000 

     0.4000000     0.1000000

 1.0000000  0.0000000 
 0.0000000  1.0000000 

     0.1500000

 1.0000000 

BE:6-311G(2df,2pd)
EMSL BASIS SET LIBRARY

  4
    0    1    2    3
    4    3    2    1
   11    5    2    1

  1682.8000000   251.7150000    57.4116000    16.5171000     4.8536400
     0.6268630     8.3093800     1.7407500     0.4858160     0.1636130
     0.0567285

 0.0022857  0.0000000  0.0000000  0.0000000 
 0.0175938  0.0000000  0.0000000  0.0000000 
 0.0863315  0.0000000  0.0000000  0.0000000 
 0.2818350  0.0000000  0.0000000  0.0000000 
 0.6405940  0.0000000  0.0000000  0.0000000 
 0.1444670  0.0000000  0.0000000  0.0000000 
 0.0000000  0.1086210  0.0000000  0.0000000 
 0.0000000  0.9273010  0.0000000  0.0000000 
 0.0000000 -0.0029716  0.0000000  0.0000000 
 0.0000000  0.0000000  1.0000000  0.0000000 
 0.0000000  0.0000000  0.0000000  1.0000000 

     8.3093800     1.7407500     0.4858160     0.1636130     0.0567285

 0.0361344  0.0000000  0.0000000 
 0.2169580  0.0000000  0.0000000 
 0.8418390  0.0000000  0.0000000 
 0.0000000  1.0000000  0.0000000 
 0.0000000  0.0000000  1.0000000 

     0.5100000     0.1275000

 1.0000000  0.0000000 
 0.0000000  1.0000000 

     0.2600000

 1.0000000 

B:6-311G(2df,2pd)
EMSL BASIS SET LIBRARY

  4
    0    1    2    3
    4    3    2    1
   11    5    2    1

  2858.8900000   428.1400000    97.5282000    27.9693000     8.2157700
     1.1127800    13.2415000     3.0016600     0.9128560     0.3154540
     0.0988563

 0.0021537  0.0000000  0.0000000  0.0000000 
 0.0165823  0.0000000  0.0000000  0.0000000 
 0.0821870  0.0000000  0.0000000  0.0000000 
 0.2766180  0.0000000  0.0000000  0.0000000 
 0.6293160  0.0000000  0.0000000  0.0000000 
 0.1737700  0.0000000  0.0000000  0.0000000 
 0.0000000  0.1174430  0.0000000  0.0000000 
 0.0000000  0.9180020  0.0000000  0.0000000 
 0.0000000 -0.0026510  0.0000000  0.0000000 
 0.0000000  0.0000000  1.0000000  0.0000000 
 0.0000000  0.0000000  0.0000000  1.0000000 

    13.2415000     3.0016600     0.9128560     0.3154540     0.0988563

 0.0418100  0.0000000  0.0000000 
 0.2365750  0.0000000  0.0000000 
 0.8162140  0.0000000  0.0000000 
 0.0000000  1.0000000  0.0000000 
 0.0000000  0.0000000  1.0000000 

     0.8020000     0.2005000

 1.0000000  0.0000000 
 0.0000000  1.0000000 

     0.5000000

 1.0000000 

C:6-311G(2df,2pd)
EMSL BASIS SET LIBRARY

  4
    0    1    2    3
    4    3    2    1
   11    5    2    1

  4563.2400000   682.0240000   154.9730000    44.4553000    13.0290000
     1.8277300    20.9642000     4.8033100     1.4593300     0.4834560
     0.1455850

 0.0019666  0.0000000  0.0000000  0.0000000 
 0.0152306  0.0000000  0.0000000  0.0000000 
 0.0761269  0.0000000  0.0000000  0.0000000 
 0.2608010  0.0000000  0.0000000  0.0000000 
 0.6164620  0.0000000  0.0000000  0.0000000 
 0.2210060  0.0000000  0.0000000  0.0000000 
 0.0000000  0.1146600  0.0000000  0.0000000 
 0.0000000  0.9199990  0.0000000  0.0000000 
 0.0000000 -0.0030306  0.0000000  0.0000000 
 0.0000000  0.0000000  1.0000000  0.0000000 
 0.0000000  0.0000000  0.0000000  1.0000000 

    20.9642000     4.8033100     1.4593300     0.4834560     0.1455850

 0.0402487  0.0000000  0.0000000 
 0.2375940  0.0000000  0.0000000 
 0.8158540  0.0000000  0.0000000 
 0.0000000  1.0000000  0.0000000 
 0.0000000  0.0000000  1.0000000 

     1.2520000     0.3130000

 1.0000000  0.0000000 
 0.0000000  1.0000000 

     0.8000000

 1.0000000 

N:6-311G(2df,2pd)
EMSL BASIS SET LIBRARY

  4
    0    1    2    3
    4    3    2    1
   11    5    2    1

  6293.4800000   949.0440000   218.7760000    63.6916000    18.8282000
     2.7202300    30.6331000     7.0261400     2.1120500     0.6840090
     0.2008780

 0.0019697  0.0000000  0.0000000  0.0000000 
 0.0149613  0.0000000  0.0000000  0.0000000 
 0.0735006  0.0000000  0.0000000  0.0000000 
 0.2489370  0.0000000  0.0000000  0.0000000 
 0.6024600  0.0000000  0.0000000  0.0000000 
 0.2562020  0.0000000  0.0000000  0.0000000 
 0.0000000  0.1119060  0.0000000  0.0000000 
 0.0000000  0.9216660  0.0000000  0.0000000 
 0.0000000 -0.0025691  0.0000000  0.0000000 
 0.0000000  0.0000000  1.0000000  0.0000000 
 0.0000000  0.0000000  0.0000000  1.0000000 

    30.6331000     7.0261400     2.1120500     0.6840090     0.2008780

 0.0383119  0.0000000  0.0000000 
 0.2374030  0.0000000  0.0000000 
 0.8175920  0.0000000  0.0000000 
 0.0000000  1.0000000  0.0000000 
 0.0000000  0.0000000  1.0000000 

     1.8260000     0.4565000

 1.0000000  0.0000000 
 0.0000000  1.0000000 

     1.0000000

 1.0000000 

O:6-311G(2df,2pd)
EMSL BASIS SET LIBRARY

  4
    0    1    2    3
    4    3    2    1
   11    5    2    1

  8588.5000000  1297.2300000   299.2960000    87.3771000    25.6789000
     3.7400400    42.1175000     9.6283700     2.8533200     0.9056610
     0.2556110

 0.0018951  0.0000000  0.0000000  0.0000000 
 0.0143859  0.0000000  0.0000000  0.0000000 
 0.0707320  0.0000000  0.0000000  0.0000000 
 0.2400010  0.0000000  0.0000000  0.0000000 
 0.5947970  0.0000000  0.0000000  0.0000000 
 0.2808020  0.0000000  0.0000000  0.0000000 
 0.0000000  0.1138890  0.0000000  0.0000000 
 0.0000000  0.9208110  0.0000000  0.0000000 
 0.0000000 -0.0032744  0.0000000  0.0000000 
 0.0000000  0.0000000  1.0000000  0.0000000 
 0.0000000  0.0000000  0.0000000  1.0000000 

    42.1175000     9.6283700     2.8533200     0.9056610     0.2556110

 0.0365114  0.0000000  0.0000000 
 0.2371530  0.0000000  0.0000000 
 0.8197020  0.0000000  0.0000000 
 0.0000000  1.0000000  0.0000000 
 0.0000000  0.0000000  1.0000000 

     2.5840000     0.6460000

 1.0000000  0.0000000 
 0.0000000  1.0000000 

     1.4000000

 1.0000000 

F:6-311G(2df,2pd)
EMSL BASIS SET LIBRARY

  4
    0    1    2    3
    4    3    2    1
   11    5    2    1

 11427.1000000  1722.3500000   395.7460000   115.1390000    33.6026000
     4.9190100    55.4441000    12.6323000     3.7175600     1.1654500
     0.3218920

 0.0018009  0.0000000  0.0000000  0.0000000 
 0.0137419  0.0000000  0.0000000  0.0000000 
 0.0681334  0.0000000  0.0000000  0.0000000 
 0.2333250  0.0000000  0.0000000  0.0000000 
 0.5890860  0.0000000  0.0000000  0.0000000 
 0.2995050  0.0000000  0.0000000  0.0000000 
 0.0000000  0.1145360  0.0000000  0.0000000 
 0.0000000  0.9205120  0.0000000  0.0000000 
 0.0000000 -0.0033780  0.0000000  0.0000000 
 0.0000000  0.0000000  1.0000000  0.0000000 
 0.0000000  0.0000000  0.0000000  1.0000000 

    55.4441000    12.6323000     3.7175600     1.1654500     0.3218920

 0.0354609  0.0000000  0.0000000 
 0.2374510  0.0000000  0.0000000 
 0.8204580  0.0000000  0.0000000 
 0.0000000  1.0000000  0.0000000 
 0.0000000  0.0000000  1.0000000 

     2.3960000     0.8750000

 1.0000000  0.0000000 
 0.0000000  1.0000000 

     1.8500000

 1.0000000 

NE:6-311G(2df,2pd)
EMSL BASIS SET LIBRARY

  4
    0    1    2    3
    4    3    2    1
   11    5    2    1

 13995.7000000  2117.1000000   490.4250000   143.8330000    41.9265000
     6.1568400    69.1211000    15.8350000     4.6732600     1.4575600
     0.3970570

 0.0018327  0.0000000  0.0000000  0.0000000 
 0.0138827  0.0000000  0.0000000  0.0000000 
 0.0680687  0.0000000  0.0000000  0.0000000 
 0.2313280  0.0000000  0.0000000  0.0000000 
 0.5858900  0.0000000  0.0000000  0.0000000 
 0.3058830  0.0000000  0.0000000  0.0000000 
 0.0000000  0.1191490  0.0000000  0.0000000 
 0.0000000  0.9173750  0.0000000  0.0000000 
 0.0000000 -0.0040583  0.0000000  0.0000000 
 0.0000000  0.0000000  1.0000000  0.0000000 
 0.0000000  0.0000000  0.0000000  1.0000000 

    69.1211000    15.8350000     4.6732600     1.4575600     0.3970570

 0.0356574  0.0000000  0.0000000 
 0.2394770  0.0000000  0.0000000 
 0.8184610  0.0000000  0.0000000 
 0.0000000  1.0000000  0.0000000 
 0.0000000  0.0000000  1.0000000 

     4.6080000     1.1520000

 1.0000000  0.0000000 
 0.0000000  1.0000000 

     2.5000000

 1.0000000 

K:6-311G(2df,2pd)
EMSL BASIS SET LIBRARY

  4
    0    1    2    3
    8    7    3    1
   14   11    5    1

 182594.000000 27369.0000000  6229.1700000  1764.5800000   577.0510000
   210.2490000    82.6178000    33.2332000     8.1064900     3.3340300
     0.8455440     0.3282160     0.0364035     0.0176463

 0.0002277  0.0000000  0.0000000  0.0000000  0.0000000  0.0000000  0.0000000 
 0.0000000 
 0.0017664  0.0000000  0.0000000  0.0000000  0.0000000  0.0000000  0.0000000 
 0.0000000 
 0.0091949  0.0000000  0.0000000  0.0000000  0.0000000  0.0000000  0.0000000 
 0.0000000 
 0.0374551  0.0000000  0.0000000  0.0000000  0.0000000  0.0000000  0.0000000 
 0.0000000 
 0.1220450  0.0000000  0.0000000  0.0000000  0.0000000  0.0000000  0.0000000 
 0.0000000 
 0.2989900  0.0000000  0.0000000  0.0000000  0.0000000  0.0000000  0.0000000 
 0.0000000 
 0.0000000  0.4051470  0.0000000  0.0000000  0.0000000  0.0000000  0.0000000 
 0.0000000 
 0.0000000  0.2925320  0.0000000  0.0000000  0.0000000  0.0000000  0.0000000 
 0.0000000 
 0.0000000  0.0000000  1.0000000  0.0000000  0.0000000  0.0000000  0.0000000 
 0.0000000 
 0.0000000  0.0000000  0.0000000  1.0000000  0.0000000  0.0000000  0.0000000 
 0.0000000 
 0.0000000  0.0000000  0.0000000  0.0000000  1.0000000  0.0000000  0.0000000 
 0.0000000 
 0.0000000  0.0000000  0.0000000  0.0000000  0.0000000  1.0000000  0.0000000 
 0.0000000 
 0.0000000  0.0000000  0.0000000  0.0000000  0.0000000  0.0000000  1.0000000 
 0.0000000 
 0.0000000  0.0000000  0.0000000  0.0000000  0.0000000  0.0000000  0.0000000 
 1.0000000 

   891.0540000   211.0160000    67.6714000    25.2715000    10.1390000
     4.2018600     1.6250700     0.6437700     0.2461300     0.0454400
     0.0161600

 0.0021842  0.0000000  0.0000000  0.0000000  0.0000000  0.0000000  0.0000000 
 0.0175891  0.0000000  0.0000000  0.0000000  0.0000000  0.0000000  0.0000000 
 0.0817775  0.0000000  0.0000000  0.0000000  0.0000000  0.0000000  0.0000000 
 0.0000000  0.2456560  0.0000000  0.0000000  0.0000000  0.0000000  0.0000000 
 0.0000000  0.4339840  0.0000000  0.0000000  0.0000000  0.0000000  0.0000000 
 0.0000000  0.3623770  0.0000000  0.0000000  0.0000000  0.0000000  0.0000000 
 0.0000000  0.0000000  1.0000000  0.0000000  0.0000000  0.0000000  0.0000000 
 0.0000000  0.0000000  0.0000000  1.0000000  0.0000000  0.0000000  0.0000000 
 0.0000000  0.0000000  0.0000000  0.0000000  1.0000000  0.0000000  0.0000000 
 0.0000000  0.0000000  0.0000000  0.0000000  0.0000000  1.0000000  0.0000000 
 0.0000000  0.0000000  0.0000000  0.0000000  0.0000000  0.0000000  1.0000000 

    13.3700000     3.4210000     1.0630000     0.4580000     0.1145000

 0.0316016  0.0000000  0.0000000 
 0.1568790  0.0000000  0.0000000 
 0.3905820  0.0000000  0.0000000 
 0.0000000  1.0000000  0.0000000 
 0.0000000  0.0000000  1.0000000 

     1.1100000

 1.0000000 

CA:6-311G(2df,2pd)
EMSL BASIS SET LIBRARY

  4
    0    1    2    3
    8    7    3    1
   14   11    5    1

 202699.000000 30382.5000000  6915.0800000  1959.0200000   640.9360000
   233.9770000    92.2892000    37.2545000     9.1319800     3.8177900
     1.0493500     0.4286600     0.0628226     0.0260162

 0.0002229  0.0000000  0.0000000  0.0000000  0.0000000  0.0000000  0.0000000 
 0.0000000 
 0.0017293  0.0000000  0.0000000  0.0000000  0.0000000  0.0000000  0.0000000 
 0.0000000 
 0.0090022  0.0000000  0.0000000  0.0000000  0.0000000  0.0000000  0.0000000 
 0.0000000 
 0.0366699  0.0000000  0.0000000  0.0000000  0.0000000  0.0000000  0.0000000 
 0.0000000 
 0.1194100  0.0000000  0.0000000  0.0000000  0.0000000  0.0000000  0.0000000 
 0.0000000 
 0.2918250  0.0000000  0.0000000  0.0000000  0.0000000  0.0000000  0.0000000 
 0.0000000 
 0.0000000  0.4044150  0.0000000  0.0000000  0.0000000  0.0000000  0.0000000 
 0.0000000 
 0.0000000  0.2963130  0.0000000  0.0000000  0.0000000  0.0000000  0.0000000 
 0.0000000 
 0.0000000  0.0000000  1.0000000  0.0000000  0.0000000  0.0000000  0.0000000 
 0.0000000 
 0.0000000  0.0000000  0.0000000  1.0000000  0.0000000  0.0000000  0.0000000 
 0.0000000 
 0.0000000  0.0000000  0.0000000  0.0000000  1.0000000  0.0000000  0.0000000 
 0.0000000 
 0.0000000  0.0000000  0.0000000  0.0000000  0.0000000  1.0000000  0.0000000 
 0.0000000 
 0.0000000  0.0000000  0.0000000  0.0000000  0.0000000  0.0000000  1.0000000 
 0.0000000 
 0.0000000  0.0000000  0.0000000  0.0000000  0.0000000  0.0000000  0.0000000 
 1.0000000 

  1019.7600000   241.5960000    77.6370000    29.1154000    11.7626000
     4.9228900     1.9064500     0.7369000     0.2764200     0.0602700
     0.0179100

 0.0020598  0.0000000  0.0000000  0.0000000  0.0000000  0.0000000  0.0000000 
 0.0166501  0.0000000  0.0000000  0.0000000  0.0000000  0.0000000  0.0000000 
 0.0777646  0.0000000  0.0000000  0.0000000  0.0000000  0.0000000  0.0000000 
 0.0000000  0.2418060  0.0000000  0.0000000  0.0000000  0.0000000  0.0000000 
 0.0000000  0.4325780  0.0000000  0.0000000  0.0000000  0.0000000  0.0000000 
 0.0000000  0.3673250  0.0000000  0.0000000  0.0000000  0.0000000  0.0000000 
 0.0000000  0.0000000  1.0000000  0.0000000  0.0000000  0.0000000  0.0000000 
 0.0000000  0.0000000  0.0000000  1.0000000  0.0000000  0.0000000  0.0000000 
 0.0000000  0.0000000  0.0000000  0.0000000  1.0000000  0.0000000  0.0000000 
 0.0000000  0.0000000  0.0000000  0.0000000  0.0000000  1.0000000  0.0000000 
 0.0000000  0.0000000  0.0000000  0.0000000  0.0000000  0.0000000  1.0000000 

    15.0800000     3.9260000     1.2330000     0.5200000     0.1300000

 0.0368947  0.0000000  0.0000000 
 0.1778200  0.0000000  0.0000000 
 0.4255130  0.0000000  0.0000000 
 0.0000000  1.0000000  0.0000000 
 0.0000000  0.0000000  1.0000000 

     1.3300000

 1.0000000 




