!  6-31G*-Blaudeau  EMSL  Basis Set Exchange Library   3/18/13 5:41 PM
! Elements                             References
! --------                             ----------
! K  - Ca: J-P. Blaudeau, M. P. McGrath, L.A. Curtiss and L. Radom,
!          J. Chem. Phys. 107, 5016 (1997).
!   

! Elements                             References
! --------                             ----------
! K  - Ca: J-P. Blaudeau, M. P. McGrath, L.A. Curtiss and L. Radom, J. Chem. Phys.
!          107, 5016 (1997)
!   


K:6-31G*-Blaudeau
EMSL BASIS SET LIBRARY

  3
    0    1    2
    5    3    2
   14    9    4

 31478.7000000  4726.8900000  1075.4300000   303.3980000    98.3271000
    33.6362000    65.6392000     7.3162600     2.8902600     4.5459700
     0.7040410     0.2826690     0.0290582     0.0121116

 0.0039838  0.0000000  0.0000000  0.0000000  0.0000000 
 0.0305018  0.0000000  0.0000000  0.0000000  0.0000000 
 0.1507380  0.0000000  0.0000000  0.0000000  0.0000000 
 0.5191290  0.0000000  0.0000000  0.0000000  0.0000000 
 1.0367000  0.0000000  0.0000000  0.0000000  0.0000000 
 0.7639900  0.0000000  0.0000000  0.0000000  0.0000000 
 0.0000000 -0.2824260  0.0000000  0.0000000  0.0000000 
 0.0000000  1.6914900  0.0000000  0.0000000  0.0000000 
 0.0000000  1.2965300  0.0000000  0.0000000  0.0000000 
 0.0000000  0.0000000 -0.0076343  0.0000000  0.0000000 
 0.0000000  0.0000000  0.0256357  0.0000000  0.0000000 
 0.0000000  0.0000000  0.0166069  0.0000000  0.0000000 
 0.0000000  0.0000000  0.0000000  1.0000000  0.0000000 
 0.0000000  0.0000000  0.0000000  0.0000000  1.0000000 

   361.2250000    84.6702000    26.4691000     9.2658100     3.3423400
     1.6354600     0.8319680     0.4368420     0.1798370

 0.0209065  0.0000000  0.0000000 
 0.1504360  0.0000000  0.0000000 
 0.5544010  0.0000000  0.0000000 
 1.0409000  0.0000000  0.0000000 
 0.6782530  0.0000000  0.0000000 
 0.0000000  0.2409020  0.0000000 
 0.0000000  0.2994240  0.0000000 
 0.0000000  0.4460790  0.0000000 
 0.0000000  0.0000000  1.0000000 

    10.0700000     2.5580000     0.7968000     0.2350000

 0.0480790  0.0000000 
 0.2162930  0.0000000 
 0.4236910  0.0000000 
 0.0000000  1.0000000 

CA:6-31G*-Blaudeau
EMSL BASIS SET LIBRARY

  3
    0    1    2
    5    3    2
   14    9    4

 35138.7000000  5276.4100000  1200.4700000   338.7180000   109.8540000
    37.6089000    73.1080000     8.2407700     3.2959800     5.2341800
     0.8418720     0.3651030     0.0512224     0.0198250

 0.0039482  0.0000000  0.0000000  0.0000000  0.0000000 
 0.0302342  0.0000000  0.0000000  0.0000000  0.0000000 
 0.1495200  0.0000000  0.0000000  0.0000000  0.0000000 
 0.5159730  0.0000000  0.0000000  0.0000000  0.0000000 
 1.0339500  0.0000000  0.0000000  0.0000000  0.0000000 
 0.7693790  0.0000000  0.0000000  0.0000000  0.0000000 
 0.0000000 -0.2826850  0.0000000  0.0000000  0.0000000 
 0.0000000  1.6796100  0.0000000  0.0000000  0.0000000 
 0.0000000  1.2803800  0.0000000  0.0000000  0.0000000 
 0.0000000  0.0000000 -0.0076868  0.0000000  0.0000000 
 0.0000000  0.0000000  0.0253824  0.0000000  0.0000000 
 0.0000000  0.0000000  0.0165122  0.0000000  0.0000000 
 0.0000000  0.0000000  0.0000000  1.0000000  0.0000000 
 0.0000000  0.0000000  0.0000000  0.0000000  1.0000000 

   413.1130000    96.9358000    30.3722000    10.6848000     3.8821300
     1.9099100     0.9793250     0.5497690     0.2312330

 0.0203270  0.0000000  0.0000000 
 0.1473030  0.0000000  0.0000000 
 0.5488720  0.0000000  0.0000000 
 1.0440700  0.0000000  0.0000000 
 0.6865350  0.0000000  0.0000000 
 0.0000000  0.2686680  0.0000000 
 0.0000000  0.2901870  0.0000000 
 0.0000000  0.4429810  0.0000000 
 0.0000000  0.0000000  1.0000000 

    10.9700000     2.7680000     0.8281000     0.2160000

 0.0600080  0.0000000 
 0.2610100  0.0000000 
 0.5086920  0.0000000 
 0.0000000  1.0000000 




