!  Ahlrichs TZV  EMSL  Basis Set Exchange Library   3/18/13 5:48 PM
! Elements                             References
! --------                             ----------
! Li - Kr: A. Schafer, C. Huber and R. Ahlrichs, J. Chem. Phys. 100, 5829 (1994).
!   


LI:Ahlrichs TZV
EMSL BASIS SET LIBRARY

  1
    0
    5
   11

  6269.2628010  940.31612431  214.22107528  60.759840184  19.915152032
  7.3171509797  2.9724674216  1.2639852314 0.51427489953 0.07703088590
 0.02893889643

 .20541E-3  0.0000000  0.0000000  0.0000000  0.0000000 
 .15917E-2  0.0000000  0.0000000  0.0000000  0.0000000 
  .8287E-2  0.0000000  0.0000000  0.0000000  0.0000000 
 .33856E-1  0.0000000  0.0000000  0.0000000  0.0000000 
 0.1110322  0.0000000  0.0000000  0.0000000  0.0000000 
 0.2744938  0.0000000  0.0000000  0.0000000  0.0000000 
 0.0000000  0.2379245  0.0000000  0.0000000  0.0000000 
 0.0000000  0.3076541  0.0000000  0.0000000  0.0000000 
 0.0000000  0.0000000  1.0000000  0.0000000  0.0000000 
 0.0000000  0.0000000  0.0000000  1.0000000  0.0000000 
 0.0000000  0.0000000  0.0000000  0.0000000  1.0000000 

BE:Ahlrichs TZV
EMSL BASIS SET LIBRARY

  1
    0
    5
   11

  4700.2365626  704.82845622  160.43110478  45.425347336  14.798334125
  5.3512452537  2.1542044819  0.9336374440 0.18791432989 0.74648267947
 0.03265048459

 .23584E-3  0.0000000  0.0000000  0.0000000  0.0000000 
 .18244E-2  0.0000000  0.0000000  0.0000000  0.0000000 
 .93966E-2  0.0000000  0.0000000  0.0000000  0.0000000 
 .36909E-1  0.0000000  0.0000000  0.0000000  0.0000000 
 0.1089756  0.0000000  0.0000000  0.0000000  0.0000000 
 0.2169428  0.0000000  0.0000000  0.0000000  0.0000000 
 0.0000000  0.4469540  0.0000000  0.0000000  0.0000000 
 0.0000000  0.2086698  0.0000000  0.0000000  0.0000000 
 0.0000000  0.0000000  1.0000000  0.0000000  0.0000000 
 0.0000000  0.0000000  0.0000000  1.0000000  0.0000000 
 0.0000000  0.0000000  0.0000000  0.0000000  1.0000000 

B:Ahlrichs TZV
EMSL BASIS SET LIBRARY

  2
    0    1
    5    3
   11    6

  8564.8660687  1284.1516263  292.27871604  82.775469176  27.017939269
  9.8149619660  3.9318559059  1.6595599712 0.35762965239 0.14246277496
 0.06056059476

 .22837E-3  0.0000000  0.0000000  0.0000000  0.0000000 
 .17683E-2  0.0000000  0.0000000  0.0000000  0.0000000 
 .91407E-2  0.0000000  0.0000000  0.0000000  0.0000000 
 .36343E-1  0.0000000  0.0000000  0.0000000  0.0000000 
 0.1106345  0.0000000  0.0000000  0.0000000  0.0000000 
 0.2336734  0.0000000  0.0000000  0.0000000  0.0000000 
 0.0000000  0.4181877  0.0000000  0.0000000  0.0000000 
 0.0000000  0.2232547  0.0000000  0.0000000  0.0000000 
 0.0000000  0.0000000  1.0000000  0.0000000  0.0000000 
 0.0000000  0.0000000  0.0000000  1.0000000  0.0000000 
 0.0000000  0.0000000  0.0000000  0.0000000  1.0000000 

  22.453875803  5.1045058330  1.4986081344 0.50927831315 0.18147077798
 0.06462189390

 .50266E-2  0.0000000  0.0000000 
 .32802E-1  0.0000000  0.0000000 
 0.1315123  0.0000000  0.0000000 
 0.3319716  0.0000000  0.0000000 
 0.0000000  1.0000000  0.0000000 
 0.0000000  0.0000000  1.0000000 

C:Ahlrichs TZV
EMSL BASIS SET LIBRARY

  2
    0    1
    5    3
   11    6

 13575.3496820  2035.2333680  463.22562359  131.20019598  42.853015891
  15.584185766  6.2067138508  2.5764896527 0.57696339419 0.22972831358
 0.09516444002

 .22246E-3  0.0000000  0.0000000  0.0000000  0.0000000 
 .17233E-2  0.0000000  0.0000000  0.0000000  0.0000000 
 .89256E-2  0.0000000  0.0000000  0.0000000  0.0000000 
 .35728E-1  0.0000000  0.0000000  0.0000000  0.0000000 
 0.1107625  0.0000000  0.0000000  0.0000000  0.0000000 
 0.2429562  0.0000000  0.0000000  0.0000000  0.0000000 
 0.0000000  0.4144026  0.0000000  0.0000000  0.0000000 
 0.0000000  0.2374496  0.0000000  0.0000000  0.0000000 
 0.0000000  0.0000000  1.0000000  0.0000000  0.0000000 
 0.0000000  0.0000000  0.0000000  1.0000000  0.0000000 
 0.0000000  0.0000000  0.0000000  0.0000000  1.0000000 

  34.697232244  7.9582622826  2.3780826883 0.81433208183 0.28887547253
 0.10056823671

 .53334E-2  0.0000000  0.0000000 
 .35864E-1  0.0000000  0.0000000 
 0.1421587  0.0000000  0.0000000 
 0.3427047  0.0000000  0.0000000 
 0.0000000  1.0000000  0.0000000 
 0.0000000  0.0000000  1.0000000 

N:Ahlrichs TZV
EMSL BASIS SET LIBRARY

  2
    0    1
    5    3
   11    6

 19730.8006470  2957.8958745  673.22133595  190.68249494  62.295441898
  22.654161182  8.9791477428  3.6863002370 0.84660076805 0.33647133771
 0.13647653675

 .21888E-3  0.0000000  0.0000000  0.0000000  0.0000000 
 .16961E-2  0.0000000  0.0000000  0.0000000  0.0000000 
 .87955E-2  0.0000000  0.0000000  0.0000000  0.0000000 
 .35359E-1  0.0000000  0.0000000  0.0000000  0.0000000 
 0.1109578  0.0000000  0.0000000  0.0000000  0.0000000 
 0.2498297  0.0000000  0.0000000  0.0000000  0.0000000 
 0.0000000  0.4062389  0.0000000  0.0000000  0.0000000 
 0.0000000  0.2433821  0.0000000  0.0000000  0.0000000 
 0.0000000  0.0000000  1.0000000  0.0000000  0.0000000 
 0.0000000  0.0000000  0.0000000  1.0000000  0.0000000 
 0.0000000  0.0000000  0.0000000  0.0000000  1.0000000 

  49.200380510  11.346790537  3.4273972411  1.1785525134 0.41642204972
 0.14260826011

 .55552E-2  0.0000000  0.0000000 
 .38052E-1  0.0000000  0.0000000 
 0.1495367  0.0000000  0.0000000 
 0.3494930  0.0000000  0.0000000 
 0.0000000  1.0000000  0.0000000 
 0.0000000  0.0000000  1.0000000 

O:Ahlrichs TZV
EMSL BASIS SET LIBRARY

  2
    0    1
    5    3
   11    6

 27032.3826310  4052.3871392  922.32722710  261.24070989  85.354641351
  31.035035245  12.260860728  4.9987076005  1.1703108158 0.46474740994
 0.18504536357

 .21726E-3  0.0000000  0.0000000  0.0000000  0.0000000 
 .16839E-2  0.0000000  0.0000000  0.0000000  0.0000000 
 .87396E-2  0.0000000  0.0000000  0.0000000  0.0000000 
  .3524E-1  0.0000000  0.0000000  0.0000000  0.0000000 
 0.1115351  0.0000000  0.0000000  0.0000000  0.0000000 
 0.2558895  0.0000000  0.0000000  0.0000000  0.0000000 
 0.0000000  0.3976873  0.0000000  0.0000000  0.0000000 
 0.0000000  0.2462784  0.0000000  0.0000000  0.0000000 
 0.0000000  0.0000000  1.0000000  0.0000000  0.0000000 
 0.0000000  0.0000000  0.0000000  1.0000000  0.0000000 
 0.0000000  0.0000000  0.0000000  0.0000000  1.0000000 

  63.274954801  14.627049379  4.4501223456  1.5275799647 0.52935117943
 0.17478421270

 .60685E-2  0.0000000  0.0000000 
 .41913E-1  0.0000000  0.0000000 
 0.1615384  0.0000000  0.0000000 
 0.3570695  0.0000000  0.0000000 
 0.0000000  1.0000000  0.0000000 
 0.0000000  0.0000000  1.0000000 

F:Ahlrichs TZV
EMSL BASIS SET LIBRARY

  2
    0    1
    5    3
   11    6

 35479.1004410  5318.4728983  1210.4810975  342.85518140  112.01943181
  40.714740248  16.039678111  6.5038186740  1.5440477509 0.61223452862
 0.24027979698

 .21545E-3  0.0000000  0.0000000  0.0000000  0.0000000 
 .16701E-2  0.0000000  0.0000000  0.0000000  0.0000000 
 .86733E-2  0.0000000  0.0000000  0.0000000  0.0000000 
  .3505E-1  0.0000000  0.0000000  0.0000000  0.0000000 
 0.1116532  0.0000000  0.0000000  0.0000000  0.0000000 
 0.2598850  0.0000000  0.0000000  0.0000000  0.0000000 
 0.0000000  0.3942296  0.0000000  0.0000000  0.0000000 
 0.0000000  0.2499823  0.0000000  0.0000000  0.0000000 
 0.0000000  0.0000000  1.0000000  0.0000000  0.0000000 
 0.0000000  0.0000000  0.0000000  1.0000000  0.0000000 
 0.0000000  0.0000000  0.0000000  0.0000000  1.0000000 

  80.233900483  18.594010743  5.6867902653  1.9511006294 0.66970211298
 0.21651300410

 .63686E-2  0.0000000  0.0000000 
 .44303E-1  0.0000000  0.0000000 
 0.1686724  0.0000000  0.0000000 
 0.3616634  0.0000000  0.0000000 
 0.0000000  1.0000000  0.0000000 
 0.0000000  0.0000000  1.0000000 

NE:Ahlrichs TZV
EMSL BASIS SET LIBRARY

  2
    0    1
    5    3
   11    6

 45069.4640220  6755.9768656  1537.6502864  435.51697667  142.28655638
  51.692153804  20.315870490  8.2021942646  1.9681276278 0.77904756001
 0.30229502043

 .21687E-3  0.0000000  0.0000000  0.0000000  0.0000000 
 .16813E-2  0.0000000  0.0000000  0.0000000  0.0000000 
 .87356E-2  0.0000000  0.0000000  0.0000000  0.0000000 
 .35361E-1  0.0000000  0.0000000  0.0000000  0.0000000 
 0.1132152  0.0000000  0.0000000  0.0000000  0.0000000 
 0.2665465  0.0000000  0.0000000  0.0000000  0.0000000 
 0.0000000  0.3963195  0.0000000  0.0000000  0.0000000 
 0.0000000  0.2558281  0.0000000  0.0000000  0.0000000 
 0.0000000  0.0000000  1.0000000  0.0000000  0.0000000 
 0.0000000  0.0000000  0.0000000  1.0000000  0.0000000 
 0.0000000  0.0000000  0.0000000  0.0000000  1.0000000 

  99.782996032  23.176124101  7.1163945872  2.4418711435 0.83389605766
 0.26607311301

 .65569E-2  0.0000000  0.0000000 
 .45888E-1  0.0000000  0.0000000 
 0.1733128  0.0000000  0.0000000 
 0.3647526  0.0000000  0.0000000 
 0.0000000  1.0000000  0.0000000 
 0.0000000  0.0000000  1.0000000 

NA:Ahlrichs TZV
EMSL BASIS SET LIBRARY

  2
    0    1
    5    2
   14    6

 26041.1099270  3906.1268548  888.97454993  251.45497961  81.650143512
  28.904158401  10.625782932  53.769410179  16.308243025  2.3730384125
 0.95730772603 0.40806460959 0.04996758232 0.01926861625

 .61806E-3  0.0000000  0.0000000  0.0000000  0.0000000 
 .47749E-2  0.0000000  0.0000000  0.0000000  0.0000000 
 .24472E-1  0.0000000  0.0000000  0.0000000  0.0000000 
 .94755E-1  0.0000000  0.0000000  0.0000000  0.0000000 
 0.2686749  0.0000000  0.0000000  0.0000000  0.0000000 
 0.4792547  0.0000000  0.0000000  0.0000000  0.0000000 
 0.3324859  0.0000000  0.0000000  0.0000000  0.0000000 
 0.0000000  .19528E-1  0.0000000  0.0000000  0.0000000 
 0.0000000  .92648E-1  0.0000000  0.0000000  0.0000000 
 0.0000000 -0.3993867  0.0000000  0.0000000  0.0000000 
 0.0000000  0.0000000  1.6428595  0.0000000  0.0000000 
 0.0000000  0.0000000  0.5569259  0.0000000  0.0000000 
 0.0000000  0.0000000  0.0000000  1.0000000  0.0000000 
 0.0000000  0.0000000  0.0000000  0.0000000  1.0000000 

  138.07979989  32.232700393  9.9816075360  3.4822033928  1.2299134620
 0.41743959423

 .57952E-2  0.0000000 
 .41621E-1  0.0000000 
 0.1628191  0.0000000 
 0.3601178  0.0000000 
 0.4485897  0.0000000 
 0.0000000  1.0000000 

MG:Ahlrichs TZV
EMSL BASIS SET LIBRARY

  2
    0    1
    5    2
   14    6

 31438.3495550  4715.5153354  1073.1629247  303.57238768  98.626251042
  34.943808417  12.859785199  64.876913004  19.725520777  2.8951804339
  1.1960454710 0.54329451156 0.10099104092 0.03686572808

 .60912E-3  0.0000000  0.0000000  0.0000000  0.0000000 
 .47066E-2  0.0000000  0.0000000  0.0000000  0.0000000 
 .24136E-1  0.0000000  0.0000000  0.0000000  0.0000000 
 .93629E-1  0.0000000  0.0000000  0.0000000  0.0000000 
 0.2664674  0.0000000  0.0000000  0.0000000  0.0000000 
 0.4789092  0.0000000  0.0000000  0.0000000  0.0000000 
 0.3369849  0.0000000  0.0000000  0.0000000  0.0000000 
 0.0000000  .19181E-1  0.0000000  0.0000000  0.0000000 
 0.0000000  .90914E-1  0.0000000  0.0000000  0.0000000 
 0.0000000 -0.3956375  0.0000000  0.0000000  0.0000000 
 0.0000000  0.0000000  1.6827603  0.0000000  0.0000000 
 0.0000000  0.0000000  0.5214109  0.0000000  0.0000000 
 0.0000000  0.0000000  0.0000000  1.0000000  0.0000000 
 0.0000000  0.0000000  0.0000000  0.0000000  1.0000000 

  179.87189612  42.120069376  13.120503032  4.6257503609  1.6695211016
 0.58551012105

   .538E-2  0.0000000 
 .39318E-1  0.0000000 
 0.1574012  0.0000000 
 0.3591909  0.0000000 
 0.4553337  0.0000000 
 0.0000000  1.0000000 

AL:Ahlrichs TZV
EMSL BASIS SET LIBRARY

  2
    0    1
    5    4
   14    9

 37792.5507720  5668.0682165  1289.8582841  364.86596028  118.57631515
  42.024867605  15.499501629  75.208026598  23.031408972  3.6348797649
  1.6065049957 0.76103394581 0.16556708849 0.06004157711

 .57048E-3  0.0000000  0.0000000  0.0000000  0.0000000 
 .44093E-2  0.0000000  0.0000000  0.0000000  0.0000000 
 .22631E-1  0.0000000  0.0000000  0.0000000  0.0000000 
 .88026E-1  0.0000000  0.0000000  0.0000000  0.0000000 
 0.2522370  0.0000000  0.0000000  0.0000000  0.0000000 
 0.4596054  0.0000000  0.0000000  0.0000000  0.0000000 
 0.3327788  0.0000000  0.0000000  0.0000000  0.0000000 
 0.0000000  .19251E-1  0.0000000  0.0000000  0.0000000 
 0.0000000  .87907E-1  0.0000000  0.0000000  0.0000000 
 0.0000000 -0.3424670  0.0000000  0.0000000  0.0000000 
 0.0000000  0.0000000  1.5106266  0.0000000  0.0000000 
 0.0000000  0.0000000  0.5807101  0.0000000  0.0000000 
 0.0000000  0.0000000  0.0000000  1.0000000  0.0000000 
 0.0000000  0.0000000  0.0000000  0.0000000  1.0000000 

  452.52303192  107.08195049  34.131021255  12.587037428  4.9811919704
  2.0070350900 0.80083714374 0.20178927472 0.05789555039

 .23111E-2  0.0000000  0.0000000  0.0000000 
 .18569E-1  0.0000000  0.0000000  0.0000000 
 .87216E-1  0.0000000  0.0000000  0.0000000 
 0.2690210  0.0000000  0.0000000  0.0000000 
 0.5212832  0.0000000  0.0000000  0.0000000 
 0.6027168  0.0000000  0.0000000  0.0000000 
 0.0000000  1.0000000  0.0000000  0.0000000 
 0.0000000  0.0000000  1.0000000  0.0000000 
 0.0000000  0.0000000  0.0000000  1.0000000 

SI:Ahlrichs TZV
EMSL BASIS SET LIBRARY

  2
    0    1
    5    4
   14    9

 44773.3580780  6717.1992104  1528.8960325  432.54746585  140.61505226
  49.857636724  18.434974885  86.533886111  26.624606846  4.4953057159
  2.1035045710  1.0106094922 0.23701751489 0.08570340536

 .55915E-3  0.0000000  0.0000000  0.0000000  0.0000000 
 .43206E-2  0.0000000  0.0000000  0.0000000  0.0000000 
 .22187E-1  0.0000000  0.0000000  0.0000000  0.0000000 
 .86489E-1  0.0000000  0.0000000  0.0000000  0.0000000 
 0.2493988  0.0000000  0.0000000  0.0000000  0.0000000 
 0.4601719  0.0000000  0.0000000  0.0000000  0.0000000 
 0.3425023  0.0000000  0.0000000  0.0000000  0.0000000 
 0.0000000    .213E-1  0.0000000  0.0000000  0.0000000 
 0.0000000  .94676E-1  0.0000000  0.0000000  0.0000000 
 0.0000000 -0.3261626  0.0000000  0.0000000  0.0000000 
 0.0000000  0.0000000  1.3980803  0.0000000  0.0000000 
 0.0000000  0.0000000  0.6386578  0.0000000  0.0000000 
 0.0000000  0.0000000  0.0000000  1.0000000  0.0000000 
 0.0000000  0.0000000  0.0000000  0.0000000  1.0000000 

  394.47503628  93.137683104  29.519608742  10.781663791  4.1626574778
  1.6247972989 0.54306660493 0.20582073956 0.07005348730

 .26286E-2  0.0000000  0.0000000  0.0000000 
 .20556E-1  0.0000000  0.0000000  0.0000000 
  .9207E-1  0.0000000  0.0000000  0.0000000 
 0.2556588  0.0000000  0.0000000  0.0000000 
 0.4211170  0.0000000  0.0000000  0.0000000 
 0.3440174  0.0000000  0.0000000  0.0000000 
 0.0000000  1.0000000  0.0000000  0.0000000 
 0.0000000  0.0000000  1.0000000  0.0000000 
 0.0000000  0.0000000  0.0000000  1.0000000 

P:Ahlrichs TZV
EMSL BASIS SET LIBRARY

  2
    0    1
    5    4
   14    9

 52426.9992330  7863.2660552  1789.5227333  506.27300165  164.60698546
  58.391918722  21.643663201  99.013837620  30.550439817  5.4537087661
  2.6503362563  1.2726688867 0.31645005203 0.11417466938

 .55207E-3  0.0000000  0.0000000  0.0000000  0.0000000 
 .42679E-2  0.0000000  0.0000000  0.0000000  0.0000000 
 .21932E-1  0.0000000  0.0000000  0.0000000  0.0000000 
 .85667E-1  0.0000000  0.0000000  0.0000000  0.0000000 
 0.2484068  0.0000000  0.0000000  0.0000000  0.0000000 
 0.4633675  0.0000000  0.0000000  0.0000000  0.0000000 
 0.3535055  0.0000000  0.0000000  0.0000000  0.0000000 
 0.0000000  .21896E-1  0.0000000  0.0000000  0.0000000 
 0.0000000   .9565E-1  0.0000000  0.0000000  0.0000000 
 0.0000000 -0.2945427  0.0000000  0.0000000  0.0000000 
 0.0000000  0.0000000  1.3294381  0.0000000  0.0000000 
 0.0000000  0.0000000  0.6610939  0.0000000  0.0000000 
 0.0000000  0.0000000  0.0000000  1.0000000  0.0000000 
 0.0000000  0.0000000  0.0000000  0.0000000  1.0000000 

  472.27219248  111.58882756  35.445936418  12.990776875  5.0486221658
  1.9934049566 0.66527284430 0.25516832128 0.09035776225

 .25711E-2  0.0000000  0.0000000  0.0000000 
  .2025E-1  0.0000000  0.0000000  0.0000000 
 .91581E-1  0.0000000  0.0000000  0.0000000 
 0.2574945  0.0000000  0.0000000  0.0000000 
 0.4286289  0.0000000  0.0000000  0.0000000 
 0.3435981  0.0000000  0.0000000  0.0000000 
 0.0000000  1.0000000  0.0000000  0.0000000 
 0.0000000  0.0000000  1.0000000  0.0000000 
 0.0000000  0.0000000  0.0000000  1.0000000 

S:Ahlrichs TZV
EMSL BASIS SET LIBRARY

  2
    0    1
    5    4
   14    9

 60700.9281040  9102.6106854  2071.4166009  586.02476821  190.55395021
  67.630384260  25.127306905  112.57463010  34.795554217  6.5115556215
  3.2399032261  1.5477160881 0.40541030112 0.14550651059

 .54696E-3  0.0000000  0.0000000  0.0000000  0.0000000 
 .42297E-2  0.0000000  0.0000000  0.0000000  0.0000000 
 .21748E-1  0.0000000  0.0000000  0.0000000  0.0000000 
   .851E-1  0.0000000  0.0000000  0.0000000  0.0000000 
 0.2479912  0.0000000  0.0000000  0.0000000  0.0000000 
 0.4670364  0.0000000  0.0000000  0.0000000  0.0000000 
 0.3643458  0.0000000  0.0000000  0.0000000  0.0000000 
 0.0000000   .2167E-1  0.0000000  0.0000000  0.0000000 
 0.0000000  .93602E-1  0.0000000  0.0000000  0.0000000 
 0.0000000 -0.2606800  0.0000000  0.0000000  0.0000000 
 0.0000000  0.0000000  1.2842089  0.0000000  0.0000000 
 0.0000000  0.0000000  0.6603641  0.0000000  0.0000000 
 0.0000000  0.0000000  0.0000000  1.0000000  0.0000000 
 0.0000000  0.0000000  0.0000000  0.0000000  1.0000000 

  564.36716027  133.42624379  42.468271189  15.616527580  6.1093988469
  2.4404160198 0.83882201296 0.31288746900 0.10770109004

 .24797E-2  0.0000000  0.0000000  0.0000000 
 .19678E-1  0.0000000  0.0000000  0.0000000 
  .8998E-1  0.0000000  0.0000000  0.0000000 
 0.2570588  0.0000000  0.0000000  0.0000000 
 0.4351516  0.0000000  0.0000000  0.0000000 
 0.3488324  0.0000000  0.0000000  0.0000000 
 0.0000000  1.0000000  0.0000000  0.0000000 
 0.0000000  0.0000000  1.0000000  0.0000000 
 0.0000000  0.0000000  0.0000000  1.0000000 

CL:Ahlrichs TZV
EMSL BASIS SET LIBRARY

  2
    0    1
    5    4
   14    9

 69507.9909450 10426.1568800  2373.2334061  671.56420071  218.41999790
  77.572249714  28.888815277  127.10527185  39.339582961  7.6740679989
  3.8745627630  1.8385832573 0.50229057542 0.17962723420

 .54315E-3  0.0000000  0.0000000  0.0000000  0.0000000 
  .4199E-2  0.0000000  0.0000000  0.0000000  0.0000000 
 .21592E-1  0.0000000  0.0000000  0.0000000  0.0000000 
 .84599E-1  0.0000000  0.0000000  0.0000000  0.0000000 
 0.2475724  0.0000000  0.0000000  0.0000000  0.0000000 
 0.4701693  0.0000000  0.0000000  0.0000000  0.0000000 
 0.3743637  0.0000000  0.0000000  0.0000000  0.0000000 
 0.0000000  .25182E-1  0.0000000  0.0000000  0.0000000 
 0.0000000  0.1078611  0.0000000  0.0000000  0.0000000 
 0.0000000 -0.2740882  0.0000000  0.0000000  0.0000000 
 0.0000000  0.0000000  1.3213875  0.0000000  0.0000000 
 0.0000000  0.0000000  0.6863695  0.0000000  0.0000000 
 0.0000000  0.0000000  0.0000000  1.0000000  0.0000000 
 0.0000000  0.0000000  0.0000000  0.0000000  1.0000000 

  666.50423284  157.64241690  50.262520978  18.536078105  7.2940532777
  2.9433248995  1.0404970818 0.38456415080 0.13069642732

 .23633E-2  0.0000000  0.0000000  0.0000000 
 .18879E-1  0.0000000  0.0000000  0.0000000 
 .87206E-1  0.0000000  0.0000000  0.0000000 
 0.2528561  0.0000000  0.0000000  0.0000000 
 0.4350715  0.0000000  0.0000000  0.0000000 
 0.3502651  0.0000000  0.0000000  0.0000000 
 0.0000000  1.0000000  0.0000000  0.0000000 
 0.0000000  0.0000000  1.0000000  0.0000000 
 0.0000000  0.0000000  0.0000000  1.0000000 

AR:Ahlrichs TZV
EMSL BASIS SET LIBRARY

  2
    0    1
    5    4
   14    9

 79111.4229980 11864.7460090  2700.1642973  763.95943485  248.45150561
  88.283581000  32.948607069  142.55358000  44.163688009  8.9524995000
  4.5546920941  2.1444079001 0.60708777004 0.21651431999

 .51029E-3  0.0000000  0.0000000  0.0000000  0.0000000 
 .39463E-2  0.0000000  0.0000000  0.0000000  0.0000000 
 .20307E-1  0.0000000  0.0000000  0.0000000  0.0000000 
 .79692E-1  0.0000000  0.0000000  0.0000000  0.0000000 
 0.2342062  0.0000000  0.0000000  0.0000000  0.0000000 
 0.4483384  0.0000000  0.0000000  0.0000000  0.0000000 
 0.3640816  0.0000000  0.0000000  0.0000000  0.0000000 
 0.0000000  .26387E-1  0.0000000  0.0000000  0.0000000 
 0.0000000  0.1122643  0.0000000  0.0000000  0.0000000 
 0.0000000 -0.2617892  0.0000000  0.0000000  0.0000000 
 0.0000000  0.0000000  1.3002484  0.0000000  0.0000000 
 0.0000000  0.0000000  0.6719723  0.0000000  0.0000000 
 0.0000000  0.0000000  0.0000000  1.0000000  0.0000000 
 0.0000000  0.0000000  0.0000000  0.0000000  1.0000000 

  776.77541998  183.80107018  58.694003175  21.701591695  8.5821489635
  3.4922679161  1.2637426998 0.46607870005 0.15766003000

 .22028E-2  0.0000000  0.0000000  0.0000000 
 .17694E-1  0.0000000  0.0000000  0.0000000 
 .82431E-1  0.0000000  0.0000000  0.0000000 
 0.2420727  0.0000000  0.0000000  0.0000000 
 0.4226355  0.0000000  0.0000000  0.0000000 
 0.3415180  0.0000000  0.0000000  0.0000000 
 0.0000000  1.0000000  0.0000000  0.0000000 
 0.0000000  0.0000000  1.0000000  0.0000000 
 0.0000000  0.0000000  0.0000000  1.0000000 

K:Ahlrichs TZV
EMSL BASIS SET LIBRARY

  2
    0    1
    6    3
   17   10

 153976.183250 23082.4976720  5253.2344745  1486.9550133  484.06333726
  173.56653980  67.116381464  26.339502054  172.87693567  53.058649063
  7.9212753964  3.2108880472  4.5662070895 0.70209907282 0.28258942635
 0.03580582461 0.01581921324

 .23663E-3  0.0000000  0.0000000  0.0000000  0.0000000  0.0000000 
 .18343E-2  0.0000000  0.0000000  0.0000000  0.0000000  0.0000000 
 .95311E-2  0.0000000  0.0000000  0.0000000  0.0000000  0.0000000 
 .38638E-1  0.0000000  0.0000000  0.0000000  0.0000000  0.0000000 
 0.1248076  0.0000000  0.0000000  0.0000000  0.0000000  0.0000000 
 0.2927886  0.0000000  0.0000000  0.0000000  0.0000000  0.0000000 
 0.4063342  0.0000000  0.0000000  0.0000000  0.0000000  0.0000000 
 0.2007721  0.0000000  0.0000000  0.0000000  0.0000000  0.0000000 
 0.0000000 -.24201E-1  0.0000000  0.0000000  0.0000000  0.0000000 
 0.0000000 -0.1155309  0.0000000  0.0000000  0.0000000  0.0000000 
 0.0000000  0.5745554  0.0000000  0.0000000  0.0000000  0.0000000 
 0.0000000  0.5702318  0.0000000  0.0000000  0.0000000  0.0000000 
 0.0000000  0.0000000 -0.2261576  0.0000000  0.0000000  0.0000000 
 0.0000000  0.0000000  0.7552839  0.0000000  0.0000000  0.0000000 
 0.0000000  0.0000000  0.0000000  1.0000000  0.0000000  0.0000000 
 0.0000000  0.0000000  0.0000000  0.0000000  1.0000000  0.0000000 
 0.0000000  0.0000000  0.0000000  0.0000000  0.0000000  1.0000000 

  728.18449873  172.13265061  54.829847075  20.166266494  7.8610728806
  3.1105213132  11.757337492  1.5139617411 0.58328591795 0.21570478076

 .26151E-2  0.0000000  0.0000000 
 .20674E-1  0.0000000  0.0000000 
 .93206E-1  0.0000000  0.0000000 
 0.2543651  0.0000000  0.0000000 
 0.3913113  0.0000000  0.0000000 
 0.2248134  0.0000000  0.0000000 
 0.0000000 -.25777E-1  0.0000000 
 0.0000000  0.5735942  0.0000000 
 0.0000000  1.0798320  0.0000000 
 0.0000000  0.0000000  1.0000000 

CA:Ahlrichs TZV
EMSL BASIS SET LIBRARY

  2
    0    1
    6    3
   17   10

 172517.326850 25861.5192750  5885.6618668  1665.9730031  542.36718148
  194.57803492  75.303597636  29.574062589  191.20074660  58.840299883
  8.9642540845  3.6856960541  5.2464289726 0.84862621528 0.36743300538
 0.06682158261 0.02675973044

 .23318E-3  0.0000000  0.0000000  0.0000000  0.0000000  0.0000000 
 .18077E-2  0.0000000  0.0000000  0.0000000  0.0000000  0.0000000 
 .93944E-2  0.0000000  0.0000000  0.0000000  0.0000000  0.0000000 
 .38108E-1  0.0000000  0.0000000  0.0000000  0.0000000  0.0000000 
 0.1233120  0.0000000  0.0000000  0.0000000  0.0000000  0.0000000 
 0.2900447  0.0000000  0.0000000  0.0000000  0.0000000  0.0000000 
 0.4058715  0.0000000  0.0000000  0.0000000  0.0000000  0.0000000 
 0.2039841  0.0000000  0.0000000  0.0000000  0.0000000  0.0000000 
 0.0000000  -.2442E-1  0.0000000  0.0000000  0.0000000  0.0000000 
 0.0000000 -0.1154702  0.0000000  0.0000000  0.0000000  0.0000000 
 0.0000000  0.5635663  0.0000000  0.0000000  0.0000000  0.0000000 
 0.0000000  0.5670968  0.0000000  0.0000000  0.0000000  0.0000000 
 0.0000000  0.0000000 -0.2282533  0.0000000  0.0000000  0.0000000 
 0.0000000  0.0000000  0.7262521  0.0000000  0.0000000  0.0000000 
 0.0000000  0.0000000  0.0000000  1.0000000  0.0000000  0.0000000 
 0.0000000  0.0000000  0.0000000  0.0000000  1.0000000  0.0000000 
 0.0000000  0.0000000  0.0000000  0.0000000  0.0000000  1.0000000 

  836.97262058  197.93040142  63.135558054  23.282687170  9.1176444932
  3.6336120139  13.494163120  1.8139259790 0.71981826006 0.27629576992

 .25258E-2  0.0000000  0.0000000 
 .20077E-1  0.0000000  0.0000000 
 .91303E-1  0.0000000  0.0000000 
 0.2524702  0.0000000  0.0000000 
 0.3942632  0.0000000  0.0000000 
 0.2301155  0.0000000  0.0000000 
 0.0000000 -.26495E-1  0.0000000 
 0.0000000  0.5508810  0.0000000 
 0.0000000  1.0280616  0.0000000 
 0.0000000  0.0000000  1.0000000 

SC:Ahlrichs TZV
EMSL BASIS SET LIBRARY

  3
    0    1    2
    6    3    3
   17   10    6

 191612.918740 28723.8503630  6537.0116490  1850.3097171  602.38855156
  216.17324766  83.712517880  32.908707189  211.34393234  65.128920139
  10.034311535  4.1596884597  6.0009041613 0.98255784150 0.42483192773
 0.07718546209 0.03014721970

 .23076E-3  0.0000000  0.0000000  0.0000000  0.0000000  0.0000000 
  .1789E-2  0.0000000  0.0000000  0.0000000  0.0000000  0.0000000 
  .9299E-2  0.0000000  0.0000000  0.0000000  0.0000000  0.0000000 
 .37739E-1  0.0000000  0.0000000  0.0000000  0.0000000  0.0000000 
 0.1222714  0.0000000  0.0000000  0.0000000  0.0000000  0.0000000 
 0.2881482  0.0000000  0.0000000  0.0000000  0.0000000  0.0000000 
 0.4051754  0.0000000  0.0000000  0.0000000  0.0000000  0.0000000 
 0.2056601  0.0000000  0.0000000  0.0000000  0.0000000  0.0000000 
 0.0000000 -.24528E-1  0.0000000  0.0000000  0.0000000  0.0000000 
 0.0000000 -0.1157015  0.0000000  0.0000000  0.0000000  0.0000000 
 0.0000000  0.5599528  0.0000000  0.0000000  0.0000000  0.0000000 
 0.0000000  0.5608776  0.0000000  0.0000000  0.0000000  0.0000000 
 0.0000000  0.0000000 -0.2284049  0.0000000  0.0000000  0.0000000 
 0.0000000  0.0000000  0.7194897  0.0000000  0.0000000  0.0000000 
 0.0000000  0.0000000  0.0000000  1.0000000  0.0000000  0.0000000 
 0.0000000  0.0000000  0.0000000  0.0000000  1.0000000  0.0000000 
 0.0000000  0.0000000  0.0000000  0.0000000  0.0000000  1.0000000 

  947.34122823  224.09699732  71.560334882  26.444824490  10.393798285
  4.1606304559  15.565737135  2.1121544865 0.84184709021 0.32297542652

 .24737E-2  0.0000000  0.0000000 
 .19743E-1  0.0000000  0.0000000 
 .90357E-1  0.0000000  0.0000000 
 0.2520160  0.0000000  0.0000000 
 0.3967553  0.0000000  0.0000000 
 0.2320862  0.0000000  0.0000000 
 0.0000000 -.27129E-1  0.0000000 
 0.0000000  0.5510925  0.0000000 
 0.0000000  1.0090635  0.0000000 
 0.0000000  0.0000000  1.0000000 

  30.989390993  8.6905465069  2.9520256337  1.0761910745 0.38338915095
 0.12534686113

 .11903E-1  0.0000000  0.0000000 
 .67656E-1  0.0000000  0.0000000 
 0.2133253  0.0000000  0.0000000 
 0.3839107  0.0000000  0.0000000 
 0.0000000  1.0000000  0.0000000 
 0.0000000  0.0000000  1.0000000 

TI:Ahlrichs TZV
EMSL BASIS SET LIBRARY

  3
    0    1    2
    6    3    3
   17   10    6

 211575.690250 31714.9450580  7217.5476543  2042.9394247  665.12896208
  238.74942264  92.508691001  36.403919209  232.72624607  71.791209711
  11.158534615  4.6548135416  6.8034629174  1.1201076403 0.48080118839
 0.08515727497 0.03265747704

 .23318E-3  0.0000000  0.0000000  0.0000000  0.0000000  0.0000000 
  .1808E-2  0.0000000  0.0000000  0.0000000  0.0000000  0.0000000 
 .93984E-2  0.0000000  0.0000000  0.0000000  0.0000000  0.0000000 
 .38157E-1  0.0000000  0.0000000  0.0000000  0.0000000  0.0000000 
 0.1237475  0.0000000  0.0000000  0.0000000  0.0000000  0.0000000 
 0.2920855  0.0000000  0.0000000  0.0000000  0.0000000  0.0000000 
 0.4122680  0.0000000  0.0000000  0.0000000  0.0000000  0.0000000 
 0.2109053  0.0000000  0.0000000  0.0000000  0.0000000  0.0000000 
 0.0000000  -.2492E-1  0.0000000  0.0000000  0.0000000  0.0000000 
 0.0000000 -0.1174649  0.0000000  0.0000000  0.0000000  0.0000000 
 0.0000000  0.5650334  0.0000000  0.0000000  0.0000000  0.0000000 
 0.0000000  0.5621110  0.0000000  0.0000000  0.0000000  0.0000000 
 0.0000000  0.0000000 -0.2301142  0.0000000  0.0000000  0.0000000 
 0.0000000  0.0000000  0.7210318  0.0000000  0.0000000  0.0000000 
 0.0000000  0.0000000  0.0000000  1.0000000  0.0000000  0.0000000 
 0.0000000  0.0000000  0.0000000  0.0000000  1.0000000  0.0000000 
 0.0000000  0.0000000  0.0000000  0.0000000  0.0000000  1.0000000 

  1063.1474732  251.56507061  80.408554854  29.768193269  11.736830556
  4.7142375230  17.796803704  2.4272698680 0.96823445537 0.37056694165

 .24691E-2  0.0000000  0.0000000 
 .19773E-1  0.0000000  0.0000000 
 .90988E-1  0.0000000  0.0000000 
 0.2555990  0.0000000  0.0000000 
 0.4048938  0.0000000  0.0000000 
 0.2369340  0.0000000  0.0000000 
 0.0000000 -.27879E-1  0.0000000 
 0.0000000  0.5567291  0.0000000 
 0.0000000  1.0055447  0.0000000 
 0.0000000  0.0000000  1.0000000 

  37.713384723  10.692931184  3.6728446990  1.3588590303 0.49213295253
 0.16330520653

 .11514E-1  0.0000000  0.0000000 
 .67246E-1  0.0000000  0.0000000 
 0.2148420  0.0000000  0.0000000 
 0.3889089  0.0000000  0.0000000 
 0.0000000  1.0000000  0.0000000 
 0.0000000  0.0000000  1.0000000 

V:Ahlrichs TZV
EMSL BASIS SET LIBRARY

  3
    0    1    2
    6    3    3
   17   10    6

 232340.650580 34828.8411700  7926.5448691  2243.7733046  730.59322944
  262.32219631  101.70403805  40.064784617  255.24014968  78.804646961
  12.340598946  5.1742019219  7.6513894469  1.2639759898 0.53861761721
 0.09271929612 0.03499805517

 .23072E-3  0.0000000  0.0000000  0.0000000  0.0000000  0.0000000 
 .17888E-2  0.0000000  0.0000000  0.0000000  0.0000000  0.0000000 
 .92992E-2  0.0000000  0.0000000  0.0000000  0.0000000  0.0000000 
 .37761E-1  0.0000000  0.0000000  0.0000000  0.0000000  0.0000000 
 0.1225590  0.0000000  0.0000000  0.0000000  0.0000000  0.0000000 
 0.2896350  0.0000000  0.0000000  0.0000000  0.0000000  0.0000000 
 0.4100470  0.0000000  0.0000000  0.0000000  0.0000000  0.0000000 
 0.2111361  0.0000000  0.0000000  0.0000000  0.0000000  0.0000000 
 0.0000000 -.24458E-1  0.0000000  0.0000000  0.0000000  0.0000000 
 0.0000000 -0.1152720  0.0000000  0.0000000  0.0000000  0.0000000 
 0.0000000  0.5517474  0.0000000  0.0000000  0.0000000  0.0000000 
 0.0000000  0.5450452  0.0000000  0.0000000  0.0000000  0.0000000 
 0.0000000  0.0000000 -0.2296763  0.0000000  0.0000000  0.0000000 
 0.0000000  0.0000000  0.7168376  0.0000000  0.0000000  0.0000000 
 0.0000000  0.0000000  0.0000000  1.0000000  0.0000000  0.0000000 
 0.0000000  0.0000000  0.0000000  0.0000000  1.0000000  0.0000000 
 0.0000000  0.0000000  0.0000000  0.0000000  0.0000000  1.0000000 

  1184.2369151  280.23075192  89.643627137  33.242411253  13.144514452
  5.2948534140  20.175586851  2.7605865197  1.1008900902 0.42013310739

  .2445E-2  0.0000000  0.0000000 
 .19643E-1  0.0000000  0.0000000 
 .90797E-1  0.0000000  0.0000000 
 0.2565076  0.0000000  0.0000000 
 0.4081539  0.0000000  0.0000000 
 0.2386037  0.0000000  0.0000000 
 0.0000000 -.28241E-1  0.0000000 
 0.0000000  0.5557463  0.0000000 
 0.0000000  0.9931991  0.0000000 
 0.0000000  0.0000000  1.0000000 

  43.861134864  12.516021891  4.3313854957  1.6138855773 0.58749573961
 0.19515723011

 .11487E-1  0.0000000  0.0000000 
 .68247E-1  0.0000000  0.0000000 
 0.2183778  0.0000000  0.0000000 
 0.3924521  0.0000000  0.0000000 
 0.0000000  1.0000000  0.0000000 
 0.0000000  0.0000000  1.0000000 

CR:Ahlrichs TZV
EMSL BASIS SET LIBRARY

  3
    0    1    2
    6    3    3
   17   10    6

 254477.807040 38131.7970540  8675.2930607  2455.0099848  799.16217787
  286.90021489  111.25413232  43.864152636  279.32669173  86.274732376
  13.555756113  5.6978112751  8.5636582615  1.3988296768 0.57288171116
 0.09009617131 0.03412588513

 .23387E-3  0.0000000  0.0000000  0.0000000  0.0000000  0.0000000 
 .18143E-2  0.0000000  0.0000000  0.0000000  0.0000000  0.0000000 
 .94364E-2  0.0000000  0.0000000  0.0000000  0.0000000  0.0000000 
 .38344E-1  0.0000000  0.0000000  0.0000000  0.0000000  0.0000000 
 0.1245919  0.0000000  0.0000000  0.0000000  0.0000000  0.0000000 
 0.2948969  0.0000000  0.0000000  0.0000000  0.0000000  0.0000000 
 0.4184614  0.0000000  0.0000000  0.0000000  0.0000000  0.0000000 
 0.2163376  0.0000000  0.0000000  0.0000000  0.0000000  0.0000000 
 0.0000000 -.23451E-1  0.0000000  0.0000000  0.0000000  0.0000000 
 0.0000000 -0.1108037  0.0000000  0.0000000  0.0000000  0.0000000 
 0.0000000  0.5302896  0.0000000  0.0000000  0.0000000  0.0000000 
 0.0000000  0.5160351  0.0000000  0.0000000  0.0000000  0.0000000 
 0.0000000  0.0000000 -0.3810954  0.0000000  0.0000000  0.0000000 
 0.0000000  0.0000000  1.1991591  0.0000000  0.0000000  0.0000000 
 0.0000000  0.0000000  0.0000000  1.0000000  0.0000000  0.0000000 
 0.0000000  0.0000000  0.0000000  0.0000000  1.0000000  0.0000000 
 0.0000000  0.0000000  0.0000000  0.0000000  0.0000000  1.0000000 

  1306.4398864  309.25311441  98.996273963  36.756916451  14.566657077
  5.8739937432  22.890999695  3.0855001822  1.2132329118 0.44931680699

 .24277E-2  0.0000000  0.0000000 
 .19544E-1  0.0000000  0.0000000 
 .90652E-1  0.0000000  0.0000000 
 0.2569927  0.0000000  0.0000000 
 0.4093550  0.0000000  0.0000000 
 0.2372938  0.0000000  0.0000000 
 0.0000000 -.28166E-1  0.0000000 
 0.0000000  0.5603412  0.0000000 
 0.0000000  0.9811901  0.0000000 
 0.0000000  0.0000000  1.0000000 

  43.720074476  12.391242652  4.2639442006  1.5525221790 0.53761929485
 0.16493173074

 .13623E-1  0.0000000  0.0000000 
 .78935E-1  0.0000000  0.0000000 
 0.2383384  0.0000000  0.0000000 
 0.3952685  0.0000000  0.0000000 
 0.0000000  1.0000000  0.0000000 
 0.0000000  0.0000000  1.0000000 

MN:Ahlrichs TZV
EMSL BASIS SET LIBRARY

  3
    0    1    2
    6    3    3
   17   10    6

 277185.001530 41550.7698900  9455.9700152  2676.5206482  871.46687530
  312.98306420  121.44454051  47.922598829  303.66723163  93.881403187
  14.879421214  6.2865200745  9.4858591337  1.5698706158 0.65903213608
 0.10686292371 0.03926743543

 .22838E-3  0.0000000  0.0000000  0.0000000  0.0000000  0.0000000 
 .17708E-2  0.0000000  0.0000000  0.0000000  0.0000000  0.0000000 
 .92077E-2  0.0000000  0.0000000  0.0000000  0.0000000  0.0000000 
 .37416E-1  0.0000000  0.0000000  0.0000000  0.0000000  0.0000000 
 0.1216486  0.0000000  0.0000000  0.0000000  0.0000000  0.0000000 
 0.2882439  0.0000000  0.0000000  0.0000000  0.0000000  0.0000000 
 0.4104160  0.0000000  0.0000000  0.0000000  0.0000000  0.0000000 
 0.2137237  0.0000000  0.0000000  0.0000000  0.0000000  0.0000000 
 0.0000000  -.2459E-1  0.0000000  0.0000000  0.0000000  0.0000000 
 0.0000000 -0.1160260  0.0000000  0.0000000  0.0000000  0.0000000 
 0.0000000  0.5511205  0.0000000  0.0000000  0.0000000  0.0000000 
 0.0000000  0.5370756  0.0000000  0.0000000  0.0000000  0.0000000 
 0.0000000  0.0000000 -0.2288926  0.0000000  0.0000000  0.0000000 
 0.0000000  0.0000000  0.7119616  0.0000000  0.0000000  0.0000000 
 0.0000000  0.0000000  0.0000000  1.0000000  0.0000000  0.0000000 
 0.0000000  0.0000000  0.0000000  0.0000000  1.0000000  0.0000000 
 0.0000000  0.0000000  0.0000000  0.0000000  0.0000000  1.0000000 

  1444.7978182  342.06551197  109.58400891  40.747988173  16.188626566
  6.5484505964  25.357086437  3.4830168782  1.3858800906 0.52555094893

 .23994E-2  0.0000000  0.0000000 
 .19369E-1  0.0000000  0.0000000 
 .90236E-1  0.0000000  0.0000000 
 0.2574546  0.0000000  0.0000000 
 0.4127235  0.0000000  0.0000000 
 0.2408770  0.0000000  0.0000000 
 0.0000000 -.28707E-1  0.0000000 
 0.0000000  0.5520810  0.0000000 
 0.0000000  0.9722690  0.0000000 
 0.0000000  0.0000000  1.0000000 

  56.563189119  16.278734711  5.6964273914  2.1411147942 0.78291801938
 0.25952311214

 .11543E-1  0.0000000  0.0000000 
   .703E-1  0.0000000  0.0000000 
 0.2245077  0.0000000  0.0000000 
 0.3970306  0.0000000  0.0000000 
 0.0000000  1.0000000  0.0000000 
 0.0000000  0.0000000  1.0000000 

FE:Ahlrichs TZV
EMSL BASIS SET LIBRARY

  3
    0    1    2
    6    3    3
   17   10    6

 300784.846370 45088.9705570 10262.5163170  2905.2897293  946.11487137
  339.87832894  131.94425588  52.111494077  329.48839267  101.92332739
  16.240462745  6.8840675801  10.470693782  1.7360039648 0.72577288979
 0.11595528203 0.04196822774

 .22806E-3  0.0000000  0.0000000  0.0000000  0.0000000  0.0000000 
 .17682E-2  0.0000000  0.0000000  0.0000000  0.0000000  0.0000000 
 .91927E-2  0.0000000  0.0000000  0.0000000  0.0000000  0.0000000 
 .37355E-1  0.0000000  0.0000000  0.0000000  0.0000000  0.0000000 
 0.1215110  0.0000000  0.0000000  0.0000000  0.0000000  0.0000000 
 0.2881888  0.0000000  0.0000000  0.0000000  0.0000000  0.0000000 
 0.4112661  0.0000000  0.0000000  0.0000000  0.0000000  0.0000000 
 0.2151858  0.0000000  0.0000000  0.0000000  0.0000000  0.0000000 
 0.0000000 -.24745E-1  0.0000000  0.0000000  0.0000000  0.0000000 
 0.0000000 -0.1168308  0.0000000  0.0000000  0.0000000  0.0000000 
 0.0000000  0.5529362  0.0000000  0.0000000  0.0000000  0.0000000 
 0.0000000  0.5360164  0.0000000  0.0000000  0.0000000  0.0000000 
 0.0000000  0.0000000 -0.2291270  0.0000000  0.0000000  0.0000000 
 0.0000000  0.0000000  0.7115931  0.0000000  0.0000000  0.0000000 
 0.0000000  0.0000000  0.0000000  1.0000000  0.0000000  0.0000000 
 0.0000000  0.0000000  0.0000000  0.0000000  1.0000000  0.0000000 
 0.0000000  0.0000000  0.0000000  0.0000000  0.0000000  1.0000000 

  1585.3959970  375.38006499  120.31816501  44.788749031  17.829278584
  7.2247153786  28.143219756  3.8743241412  1.5410752281 0.58285615250

 .23794E-2  0.0000000  0.0000000 
 .19253E-1  0.0000000  0.0000000 
 .90022E-1  0.0000000  0.0000000 
 0.2579817  0.0000000  0.0000000 
 0.4149264  0.0000000  0.0000000 
 0.2420747  0.0000000  0.0000000 
 0.0000000 -.29042E-1  0.0000000 
 0.0000000  0.5531226  0.0000000 
 0.0000000  0.9677113  0.0000000 
 0.0000000  0.0000000  1.0000000 

  61.996675034  17.873732552  6.2744782934  2.3552337175 0.85432239901
 0.27869254413

 .11972E-1  0.0000000  0.0000000 
  .7321E-1  0.0000000  0.0000000 
 0.2310309  0.0000000  0.0000000 
 0.3991070  0.0000000  0.0000000 
 0.0000000  1.0000000  0.0000000 
 0.0000000  0.0000000  1.0000000 

CO:Ahlrichs TZV
EMSL BASIS SET LIBRARY

  3
    0    1    2
    6    3    3
   17   10    6

 325817.015530 48839.6364530 11114.9373070  3146.1603642  1024.4378465
  368.02508816  142.91229205  56.482649209  356.40298318  110.31165215
  17.659634834  7.5059030479  11.501807176  1.9081994606 0.79396696891
 0.12444448829 0.04444464537

 .22568E-3  0.0000000  0.0000000  0.0000000  0.0000000  0.0000000 
 .17499E-2  0.0000000  0.0000000  0.0000000  0.0000000  0.0000000 
 .91003E-2  0.0000000  0.0000000  0.0000000  0.0000000  0.0000000 
 .36996E-1  0.0000000  0.0000000  0.0000000  0.0000000  0.0000000 
 0.1204426  0.0000000  0.0000000  0.0000000  0.0000000  0.0000000 
 0.2859873  0.0000000  0.0000000  0.0000000  0.0000000  0.0000000 
 0.4090831  0.0000000  0.0000000  0.0000000  0.0000000  0.0000000 
 0.2150014  0.0000000  0.0000000  0.0000000  0.0000000  0.0000000 
 0.0000000 -.24767E-1  0.0000000  0.0000000  0.0000000  0.0000000 
 0.0000000 -0.1170213  0.0000000  0.0000000  0.0000000  0.0000000 
 0.0000000  0.5521552  0.0000000  0.0000000  0.0000000  0.0000000 
 0.0000000  0.5324687  0.0000000  0.0000000  0.0000000  0.0000000 
 0.0000000  0.0000000 -0.2294247  0.0000000  0.0000000  0.0000000 
 0.0000000  0.0000000  0.7118093  0.0000000  0.0000000  0.0000000 
 0.0000000  0.0000000  0.0000000  1.0000000  0.0000000  0.0000000 
 0.0000000  0.0000000  0.0000000  0.0000000  1.0000000  0.0000000 
 0.0000000  0.0000000  0.0000000  0.0000000  0.0000000  1.0000000 

  1731.1369144  409.91750438  131.45648578  48.987439714  19.537078992
  7.9287281634  31.076017584  4.2835180697  1.7022921563 0.64202908602

 .23906E-2  0.0000000  0.0000000 
 .19383E-1  0.0000000  0.0000000 
 .90905E-1  0.0000000  0.0000000 
 0.2614668  0.0000000  0.0000000 
 0.4215726  0.0000000  0.0000000 
 0.2457181  0.0000000  0.0000000 
 0.0000000 -.29438E-1  0.0000000 
 0.0000000  0.5561556  0.0000000 
 0.0000000  0.9677219  0.0000000 
 0.0000000  0.0000000  1.0000000 

  68.140745239  19.685241019  6.9322128825  2.6025125694 0.94016837302
 0.30381457794

 .11984E-1  0.0000000  0.0000000 
 .73689E-1  0.0000000  0.0000000 
 0.2308549  0.0000000  0.0000000 
 0.3928105  0.0000000  0.0000000 
 0.0000000  0.4965261  0.0000000 
 0.0000000  0.0000000  0.3271993 

NI:Ahlrichs TZV
EMSL BASIS SET LIBRARY

  3
    0    1    2
    6    3    3
   17   10    6

 351535.729350 52695.8092830 11992.4682930  3394.5776689  1105.3594585
  397.14677769  154.27542974  61.018723780  384.45559739  119.04879199
  19.137012223  8.1526718562  12.579408642  2.0870866081 0.86432568555
 0.13283169217 0.04684532772

 .22529E-3  0.0000000  0.0000000  0.0000000  0.0000000  0.0000000 
 .17469E-2  0.0000000  0.0000000  0.0000000  0.0000000  0.0000000 
  .9085E-2  0.0000000  0.0000000  0.0000000  0.0000000  0.0000000 
 .36941E-1  0.0000000  0.0000000  0.0000000  0.0000000  0.0000000 
 0.1203281  0.0000000  0.0000000  0.0000000  0.0000000  0.0000000 
 0.2859671  0.0000000  0.0000000  0.0000000  0.0000000  0.0000000 
 0.4098302  0.0000000  0.0000000  0.0000000  0.0000000  0.0000000 
 0.2162064  0.0000000  0.0000000  0.0000000  0.0000000  0.0000000 
 0.0000000 -.24651E-1  0.0000000  0.0000000  0.0000000  0.0000000 
 0.0000000 -0.1165850  0.0000000  0.0000000  0.0000000  0.0000000 
 0.0000000  0.5486412  0.0000000  0.0000000  0.0000000  0.0000000 
 0.0000000  0.5264005  0.0000000  0.0000000  0.0000000  0.0000000 
 0.0000000  0.0000000 -0.2279788  0.0000000  0.0000000  0.0000000 
 0.0000000  0.0000000  0.7070373  0.0000000  0.0000000  0.0000000 
 0.0000000  0.0000000  0.0000000  1.0000000  0.0000000  0.0000000 
 0.0000000  0.0000000  0.0000000  0.0000000  1.0000000  0.0000000 
 0.0000000  0.0000000  0.0000000  0.0000000  0.0000000  1.0000000 

  1883.0907486  445.95155320  143.08430815  53.372920722  21.321919357
  8.6643561994  34.144255211  4.7122455921  1.8709231845 0.70370016267

 .23748E-2  0.0000000  0.0000000 
 .19289E-1  0.0000000  0.0000000 
 .90718E-1  0.0000000  0.0000000 
 0.2618141  0.0000000  0.0000000 
 0.4230914  0.0000000  0.0000000 
 0.2464168  0.0000000  0.0000000 
 0.0000000 -.29677E-1  0.0000000 
 0.0000000  0.5561682  0.0000000 
 0.0000000  0.9635776  0.0000000 
 0.0000000  0.0000000  1.0000000 

  74.591603465  21.590632752  7.6246142580  2.8632206762  1.0311063388
 0.33060760691

 .12077E-1  0.0000000  0.0000000 
 .74637E-1  0.0000000  0.0000000 
 0.2323677  0.0000000  0.0000000 
 0.3904265  0.0000000  0.0000000 
 0.0000000  0.5150152  0.0000000 
 0.0000000  0.0000000  0.3396267 

CU:Ahlrichs TZV
EMSL BASIS SET LIBRARY

  3
    0    1    2
    6    3    3
   17   10    6

 377518.799230 56589.9843110 12878.7117060  3645.3752143  1187.0072945
  426.46421902  165.70660164  65.598942707  414.41265811  128.32056039
  20.622089750  8.7821226045  13.741372006  2.2431246833 0.89370549079
 0.10836699534 0.03880617805

 .22812E-3  0.0000000  0.0000000  0.0000000  0.0000000  0.0000000 
 .17688E-2  0.0000000  0.0000000  0.0000000  0.0000000  0.0000000 
 .91993E-2  0.0000000  0.0000000  0.0000000  0.0000000  0.0000000 
 .37411E-1  0.0000000  0.0000000  0.0000000  0.0000000  0.0000000 
 0.1218987  0.0000000  0.0000000  0.0000000  0.0000000  0.0000000 
 0.2898390  0.0000000  0.0000000  0.0000000  0.0000000  0.0000000 
 0.4153187  0.0000000  0.0000000  0.0000000  0.0000000  0.0000000 
 0.2190579  0.0000000  0.0000000  0.0000000  0.0000000  0.0000000 
 0.0000000 -.24683E-1  0.0000000  0.0000000  0.0000000  0.0000000 
 0.0000000 -0.1171682  0.0000000  0.0000000  0.0000000  0.0000000 
 0.0000000  0.5530131  0.0000000  0.0000000  0.0000000  0.0000000 
 0.0000000  0.5224271  0.0000000  0.0000000  0.0000000  0.0000000 
 0.0000000  0.0000000 -0.2273606  0.0000000  0.0000000  0.0000000 
 0.0000000  0.0000000  0.7176121  0.0000000  0.0000000  0.0000000 
 0.0000000  0.0000000  0.0000000  1.0000000  0.0000000  0.0000000 
 0.0000000  0.0000000  0.0000000  0.0000000  1.0000000  0.0000000 
 0.0000000  0.0000000  0.0000000  0.0000000  0.0000000  1.0000000 

  2034.7596692  481.90468106  154.67482963  57.740576969  23.099052811
  9.3882478591  37.596171210  5.1240690810  2.0119996085 0.73860686002

 .23525E-2  0.0000000  0.0000000 
 .19134E-1  0.0000000  0.0000000 
 .90171E-1  0.0000000  0.0000000 
 0.2606328  0.0000000  0.0000000 
 0.4209348  0.0000000  0.0000000 
 0.2434461  0.0000000  0.0000000 
 0.0000000 -.28991E-1  0.0000000 
 0.0000000  0.5491908  0.0000000 
 0.0000000  0.9379333  0.0000000 
 0.0000000  0.0000000  1.0000000 

  74.129460637  21.359842587  7.4995240537  2.7601394169 0.95362061236
 0.28420862520

 .14363E-1  0.0000000  0.0000000 
 .86628E-1  0.0000000  0.0000000 
 0.2563143  0.0000000  0.0000000 
 0.4037406  0.0000000  0.0000000 
 0.0000000  1.0000000  0.0000000 
 0.0000000  0.0000000  1.0000000 

ZN:Ahlrichs TZV
EMSL BASIS SET LIBRARY

  3
    0    1    2
    6    3    3
   17   10    6

 405924.310280 60846.9557350 13847.3430920  3919.6158551  1276.3594167
  458.67254435  178.28725246  70.612192837  443.88077950  137.55875267
  22.268083479  9.5217310606  14.874114065  2.4647517612  1.0113272238
 0.14919852089 0.05144187298

 .22442E-3  0.0000000  0.0000000  0.0000000  0.0000000  0.0000000 
 .17402E-2  0.0000000  0.0000000  0.0000000  0.0000000  0.0000000 
 .90513E-2  0.0000000  0.0000000  0.0000000  0.0000000  0.0000000 
 .36817E-1  0.0000000  0.0000000  0.0000000  0.0000000  0.0000000 
 0.1200485  0.0000000  0.0000000  0.0000000  0.0000000  0.0000000 
 0.2857605  0.0000000  0.0000000  0.0000000  0.0000000  0.0000000 
 0.4108746  0.0000000  0.0000000  0.0000000  0.0000000  0.0000000 
 0.2181696  0.0000000  0.0000000  0.0000000  0.0000000  0.0000000 
 0.0000000 -.24934E-1  0.0000000  0.0000000  0.0000000  0.0000000 
 0.0000000 -0.1181795  0.0000000  0.0000000  0.0000000  0.0000000 
 0.0000000  0.5536731  0.0000000  0.0000000  0.0000000  0.0000000 
 0.0000000  0.5262893  0.0000000  0.0000000  0.0000000  0.0000000 
 0.0000000  0.0000000 -0.2292995  0.0000000  0.0000000  0.0000000 
 0.0000000  0.0000000  0.7113548  0.0000000  0.0000000  0.0000000 
 0.0000000  0.0000000  0.0000000  1.0000000  0.0000000  0.0000000 
 0.0000000  0.0000000  0.0000000  0.0000000  1.0000000  0.0000000 
 0.0000000  0.0000000  0.0000000  0.0000000  0.0000000  1.0000000 

  2205.3508534  522.35300699  167.73055542  62.670045373  25.109749456
  10.225142681  40.713442521  5.6247090696  2.2279949116 0.83354741691

 .23356E-2  0.0000000  0.0000000 
 .19031E-1  0.0000000  0.0000000 
 .89956E-1  0.0000000  0.0000000 
 0.2611324  0.0000000  0.0000000 
 0.4234844  0.0000000  0.0000000 
 0.2461892  0.0000000  0.0000000 
 0.0000000  -.3003E-1  0.0000000 
 0.0000000  0.5557525  0.0000000 
 0.0000000  0.9558101  0.0000000 
 0.0000000  0.0000000  1.0000000 

  88.554315311  25.721525557  9.1278367624  3.4312364064  1.2308920645
 0.39031845112

 .12728E-1  0.0000000  0.0000000 
 .79394E-1  0.0000000  0.0000000 
 0.2449150  0.0000000  0.0000000 
 0.4039052  0.0000000  0.0000000 
 0.0000000  1.0000000  0.0000000 
 0.0000000  0.0000000  1.0000000 

GA:Ahlrichs TZV
EMSL BASIS SET LIBRARY

  3
    0    1    2
    6    5    2
   17   12    6

 435548.662540 65289.5890310 14858.7842560  4205.9734729  1369.6416431
  492.30348905  191.41923233  75.840558665  474.30810613  147.10297560
  23.982599435  10.298230094  16.050381430  2.6988468784  1.1428588736
 0.20217652251 0.07198015203

 .23646E-3  0.0000000  0.0000000  0.0000000  0.0000000  0.0000000 
 .18335E-2  0.0000000  0.0000000  0.0000000  0.0000000  0.0000000 
 .95372E-2  0.0000000  0.0000000  0.0000000  0.0000000  0.0000000 
 .38803E-1  0.0000000  0.0000000  0.0000000  0.0000000  0.0000000 
 0.1266160  0.0000000  0.0000000  0.0000000  0.0000000  0.0000000 
 0.3017531  0.0000000  0.0000000  0.0000000  0.0000000  0.0000000 
 0.4354393  0.0000000  0.0000000  0.0000000  0.0000000  0.0000000 
 0.2328236  0.0000000  0.0000000  0.0000000  0.0000000  0.0000000 
 0.0000000 -.26744E-1  0.0000000  0.0000000  0.0000000  0.0000000 
 0.0000000 -0.1265465  0.0000000  0.0000000  0.0000000  0.0000000 
 0.0000000  0.5884034  0.0000000  0.0000000  0.0000000  0.0000000 
 0.0000000  0.5632427  0.0000000  0.0000000  0.0000000  0.0000000 
 0.0000000  0.0000000 -0.2451643  0.0000000  0.0000000  0.0000000 
 0.0000000  0.0000000  0.7457804  0.0000000  0.0000000  0.0000000 
 0.0000000  0.0000000  0.0000000  1.0000000  0.0000000  0.0000000 
 0.0000000  0.0000000  0.0000000  0.0000000  1.0000000  0.0000000 
 0.0000000  0.0000000  0.0000000  0.0000000  0.0000000  1.0000000 

  2432.0171070  576.12049582  185.11584354  69.246572556  27.818107777
  11.420229938  42.819661530  6.3885901000  2.6698993326  1.0781783834
 0.22796559371 0.06283623483

 .22434E-2  0.0000000  0.0000000  0.0000000  0.0000000 
 .18342E-1  0.0000000  0.0000000  0.0000000  0.0000000 
  .8728E-1  0.0000000  0.0000000  0.0000000  0.0000000 
 0.2568486  0.0000000  0.0000000  0.0000000  0.0000000 
 0.4239837  0.0000000  0.0000000  0.0000000  0.0000000 
 0.2570134  0.0000000  0.0000000  0.0000000  0.0000000 
 0.0000000 -.19327E-1  0.0000000  0.0000000  0.0000000 
 0.0000000  0.3157138  0.0000000  0.0000000  0.0000000 
 0.0000000  0.5761779  0.0000000  0.0000000  0.0000000 
 0.0000000  0.0000000  1.0000000  0.0000000  0.0000000 
 0.0000000  0.0000000  0.0000000  1.0000000  0.0000000 
 0.0000000  0.0000000  0.0000000  0.0000000  1.0000000 

  103.92331829  30.371094389  10.872078097  4.1549137954  1.5345659145
 0.51114263830

 .11465E-1  0.0000000 
 .73626E-1  0.0000000 
 0.2350510  0.0000000 
 0.4031856  0.0000000 
 0.4082474  0.0000000 
 0.0000000  1.0000000 

GE:Ahlrichs TZV
EMSL BASIS SET LIBRARY

  3
    0    1    2
    6    5    2
   17   12    6

 466115.005920 69875.4207620 15903.2767160  4501.8233453  1466.0570924
  527.07841728  205.00395074  81.251596065  505.74661282  156.96593744
  25.761448176  11.106654687  17.272059104  2.9438289048  1.2839164916
 0.25873337445 0.09352491317

 .22487E-3  0.0000000  0.0000000  0.0000000  0.0000000  0.0000000 
 .17435E-2  0.0000000  0.0000000  0.0000000  0.0000000  0.0000000 
 .90691E-2  0.0000000  0.0000000  0.0000000  0.0000000  0.0000000 
 .36906E-1  0.0000000  0.0000000  0.0000000  0.0000000  0.0000000 
 0.1205016  0.0000000  0.0000000  0.0000000  0.0000000  0.0000000 
 0.2874864  0.0000000  0.0000000  0.0000000  0.0000000  0.0000000 
 0.4162232  0.0000000  0.0000000  0.0000000  0.0000000  0.0000000 
 0.2239784  0.0000000  0.0000000  0.0000000  0.0000000  0.0000000 
 0.0000000 -.25185E-1  0.0000000  0.0000000  0.0000000  0.0000000 
 0.0000000 -0.1189892  0.0000000  0.0000000  0.0000000  0.0000000 
 0.0000000  0.5493013  0.0000000  0.0000000  0.0000000  0.0000000 
 0.0000000  0.5293930  0.0000000  0.0000000  0.0000000  0.0000000 
 0.0000000  0.0000000 -0.2285459  0.0000000  0.0000000  0.0000000 
 0.0000000  0.0000000  0.6837793  0.0000000  0.0000000  0.0000000 
 0.0000000  0.0000000  0.0000000  1.0000000  0.0000000  0.0000000 
 0.0000000  0.0000000  0.0000000  0.0000000  1.0000000  0.0000000 
 0.0000000  0.0000000  0.0000000  0.0000000  0.0000000  1.0000000 

  2633.9346241  624.00161628  200.58528404  75.097081525  30.214388474
  12.440087567  45.981316002  6.9945654416  2.9686001327  1.2320988495
 0.28981614974 0.08556460644

 .22144E-2  0.0000000  0.0000000  0.0000000  0.0000000 
 .18141E-1  0.0000000  0.0000000  0.0000000  0.0000000 
 .86632E-1  0.0000000  0.0000000  0.0000000  0.0000000 
 0.2564902  0.0000000  0.0000000  0.0000000  0.0000000 
 0.4265861  0.0000000  0.0000000  0.0000000  0.0000000 
 0.2620052  0.0000000  0.0000000  0.0000000  0.0000000 
 0.0000000 -.20322E-1  0.0000000  0.0000000  0.0000000 
 0.0000000  0.3201374  0.0000000  0.0000000  0.0000000 
 0.0000000  0.5905101  0.0000000  0.0000000  0.0000000 
 0.0000000  0.0000000  1.0000000  0.0000000  0.0000000 
 0.0000000  0.0000000  0.0000000  1.0000000  0.0000000 
 0.0000000  0.0000000  0.0000000  0.0000000  1.0000000 

  119.44887581  35.062915293  12.636924529  4.8888672922  1.8453195392
 0.63571158892

 .10587E-1  0.0000000 
 .69601E-1  0.0000000 
 0.2280703  0.0000000 
 0.4030106  0.0000000 
 0.4130484  0.0000000 
 0.0000000  1.0000000 

AS:Ahlrichs TZV
EMSL BASIS SET LIBRARY

  3
    0    1    2
    6    5    2
   17   13    6

 498032.421580 74656.8687430 16990.9600040  4809.6200321  1566.2887055
  563.21360499  219.11179978  86.866061030  538.19512479  167.14850224
  27.605517159  11.947858521  18.538023133  3.2018985739  1.4356522077
 0.31837805200 0.11622632186

  .2274E-3  0.0000000  0.0000000  0.0000000  0.0000000  0.0000000 
 .17633E-2  0.0000000  0.0000000  0.0000000  0.0000000  0.0000000 
 .91728E-2  0.0000000  0.0000000  0.0000000  0.0000000  0.0000000 
 .37338E-1  0.0000000  0.0000000  0.0000000  0.0000000  0.0000000 
 0.1219953  0.0000000  0.0000000  0.0000000  0.0000000  0.0000000 
 0.2913747  0.0000000  0.0000000  0.0000000  0.0000000  0.0000000 
 0.4232635  0.0000000  0.0000000  0.0000000  0.0000000  0.0000000 
 0.2292146  0.0000000  0.0000000  0.0000000  0.0000000  0.0000000 
 0.0000000 -.25254E-1  0.0000000  0.0000000  0.0000000  0.0000000 
 0.0000000 -0.1191546  0.0000000  0.0000000  0.0000000  0.0000000 
 0.0000000  0.5462849  0.0000000  0.0000000  0.0000000  0.0000000 
 0.0000000  0.5300152  0.0000000  0.0000000  0.0000000  0.0000000 
 0.0000000  0.0000000 -0.2347918  0.0000000  0.0000000  0.0000000 
 0.0000000  0.0000000  0.6916705  0.0000000  0.0000000  0.0000000 
 0.0000000  0.0000000  0.0000000  1.0000000  0.0000000  0.0000000 
 0.0000000  0.0000000  0.0000000  0.0000000  1.0000000  0.0000000 
 0.0000000  0.0000000  0.0000000  0.0000000  0.0000000  1.0000000 

  2678.9421546  634.61765840  203.93967606  76.323890369  30.664124943
  12.505056732  49.256229549  7.7274891466  3.5410493476  1.6985585501
 0.76848071044 0.30050823260 0.09819063943

 .23319E-2  0.0000000  0.0000000  0.0000000  0.0000000 
 .19042E-1  0.0000000  0.0000000  0.0000000  0.0000000 
  .9023E-1  0.0000000  0.0000000  0.0000000  0.0000000 
 0.2616903  0.0000000  0.0000000  0.0000000  0.0000000 
 0.4185716  0.0000000  0.0000000  0.0000000  0.0000000 
 0.2344783  0.0000000  0.0000000  0.0000000  0.0000000 
 0.0000000 -.21236E-1  0.0000000  0.0000000  0.0000000 
 0.0000000  0.3047020  0.0000000  0.0000000  0.0000000 
 0.0000000  0.5288837  0.0000000  0.0000000  0.0000000 
 0.0000000  0.3727225  0.0000000  0.0000000  0.0000000 
 0.0000000  0.0000000  1.0000000  0.0000000  0.0000000 
 0.0000000  0.0000000  0.0000000 -0.3502359  0.0000000 
 0.0000000  0.0000000  0.0000000  0.0000000  1.0000000 

  135.33289305  39.860212744  14.446428359  5.6432900356  2.1668188623
 0.76514970569

 .99291E-2  0.0000000 
 .66569E-1  0.0000000 
 0.2227576  0.0000000 
 0.4030922  0.0000000 
 0.4167166  0.0000000 
 0.0000000  1.0000000 

SE:Ahlrichs TZV
EMSL BASIS SET LIBRARY

  3
    0    1    2
    6    5    2
   17   13    6

 531071.666960 79603.0441170 18115.8442400  5127.8923194  1669.9130839
  600.57534527  233.70021247  92.672443932  571.57513675  177.63686375
  29.517767052  12.824399795  19.848235841  3.4744018486  1.5988910849
 0.38333469387 0.14049742459

 .24109E-3  0.0000000  0.0000000  0.0000000  0.0000000  0.0000000 
 .18696E-2  0.0000000  0.0000000  0.0000000  0.0000000  0.0000000 
 .97272E-2  0.0000000  0.0000000  0.0000000  0.0000000  0.0000000 
 .39605E-1  0.0000000  0.0000000  0.0000000  0.0000000  0.0000000 
 0.1294885  0.0000000  0.0000000  0.0000000  0.0000000  0.0000000 
 0.3095943  0.0000000  0.0000000  0.0000000  0.0000000  0.0000000 
 0.4511576  0.0000000  0.0000000  0.0000000  0.0000000  0.0000000 
 0.2457918  0.0000000  0.0000000  0.0000000  0.0000000  0.0000000 
 0.0000000 -.26896E-1  0.0000000  0.0000000  0.0000000  0.0000000 
 0.0000000 -0.1267098  0.0000000  0.0000000  0.0000000  0.0000000 
 0.0000000  0.5769900  0.0000000  0.0000000  0.0000000  0.0000000 
 0.0000000  0.5636907  0.0000000  0.0000000  0.0000000  0.0000000 
 0.0000000  0.0000000 -0.2513241  0.0000000  0.0000000  0.0000000 
 0.0000000  0.0000000  0.7290541  0.0000000  0.0000000  0.0000000 
 0.0000000  0.0000000  0.0000000  1.0000000  0.0000000  0.0000000 
 0.0000000  0.0000000  0.0000000  0.0000000  1.0000000  0.0000000 
 0.0000000  0.0000000  0.0000000  0.0000000  0.0000000  1.0000000 

  2815.3500566  666.92558298  214.34213188  80.246687942  32.251081288
  13.106432562  53.366108516  8.1827777195  3.6239945672  1.6341591401
 0.58418320228 0.23966269279 0.08878513480

 .25569E-2  0.0000000  0.0000000  0.0000000  0.0000000 
 .20874E-1  0.0000000  0.0000000  0.0000000  0.0000000 
 .98772E-1  0.0000000  0.0000000  0.0000000  0.0000000 
 0.2847182  0.0000000  0.0000000  0.0000000  0.0000000 
 0.4500358  0.0000000  0.0000000  0.0000000  0.0000000 
 0.2441609  0.0000000  0.0000000  0.0000000  0.0000000 
 0.0000000 -.21558E-1  0.0000000  0.0000000  0.0000000 
 0.0000000  0.3266231  0.0000000  0.0000000  0.0000000 
 0.0000000  0.5774049  0.0000000  0.0000000  0.0000000 
 0.0000000  0.3430132  0.0000000  0.0000000  0.0000000 
 0.0000000  0.0000000  1.0000000  0.0000000  0.0000000 
 0.0000000  0.0000000  0.0000000  1.0000000  0.0000000 
 0.0000000  0.0000000  0.0000000  0.0000000  1.0000000 

  151.82910279  44.839992523  16.328999510  6.4305057612  2.5048025169
 0.90271148434

  .9397E-2  0.0000000 
 .64087E-1  0.0000000 
 0.2183423  0.0000000 
 0.4031478  0.0000000 
 0.4196649  0.0000000 
 0.0000000  1.0000000 

BR:Ahlrichs TZV
EMSL BASIS SET LIBRARY

  3
    0    1    2
    6    5    2
   17   13    6

 565073.252560 84701.7231790 19276.2719000  5456.4284576  1776.9503500
  639.19398276  248.78823961  98.678305494  606.07824568  188.45598484
  31.497144506  13.736008320  21.203212766  3.7616420178  1.7735933962
 0.45197413664 0.16613377099

  .2366E-3  0.0000000  0.0000000  0.0000000  0.0000000  0.0000000 
 .18348E-2  0.0000000  0.0000000  0.0000000  0.0000000  0.0000000 
 .95466E-2  0.0000000  0.0000000  0.0000000  0.0000000  0.0000000 
 .38877E-1  0.0000000  0.0000000  0.0000000  0.0000000  0.0000000 
 0.1271831  0.0000000  0.0000000  0.0000000  0.0000000  0.0000000 
 0.3043766  0.0000000  0.0000000  0.0000000  0.0000000  0.0000000 
 0.4449094  0.0000000  0.0000000  0.0000000  0.0000000  0.0000000 
 0.2438164  0.0000000  0.0000000  0.0000000  0.0000000  0.0000000 
 0.0000000 -.26527E-1  0.0000000  0.0000000  0.0000000  0.0000000 
 0.0000000 -0.1248458  0.0000000  0.0000000  0.0000000  0.0000000 
 0.0000000  0.5646868  0.0000000  0.0000000  0.0000000  0.0000000 
 0.0000000  0.5555526  0.0000000  0.0000000  0.0000000  0.0000000 
 0.0000000  0.0000000 -0.2494092  0.0000000  0.0000000  0.0000000 
 0.0000000  0.0000000  0.7121311  0.0000000  0.0000000  0.0000000 
 0.0000000  0.0000000  0.0000000  1.0000000  0.0000000  0.0000000 
 0.0000000  0.0000000  0.0000000  0.0000000  1.0000000  0.0000000 
 0.0000000  0.0000000  0.0000000  0.0000000  0.0000000  1.0000000 

  3019.6955723  715.35481126  229.98328751  86.167844615  34.667870802
  14.113870307  57.085653082  8.8193845840  3.9340302872  1.7998830384
 0.66899410512 0.27136238231 0.10083790243

 .24971E-2  0.0000000  0.0000000  0.0000000  0.0000000 
 .20419E-1  0.0000000  0.0000000  0.0000000  0.0000000 
 .96897E-1  0.0000000  0.0000000  0.0000000  0.0000000 
 0.2805390  0.0000000  0.0000000  0.0000000  0.0000000 
 0.4460639  0.0000000  0.0000000  0.0000000  0.0000000 
 0.2441007  0.0000000  0.0000000  0.0000000  0.0000000 
 0.0000000 -.21856E-1  0.0000000  0.0000000  0.0000000 
 0.0000000  0.3270707  0.0000000  0.0000000  0.0000000 
 0.0000000  0.5785522  0.0000000  0.0000000  0.0000000 
 0.0000000  0.3357098  0.0000000  0.0000000  0.0000000 
 0.0000000  0.0000000  1.0000000  0.0000000  0.0000000 
 0.0000000  0.0000000  0.0000000  1.0000000  0.0000000 
 0.0000000  0.0000000  0.0000000  0.0000000  1.0000000 

  168.85370257  49.977949919  18.274913338  7.2455694631  2.8562315025
  1.0459621144

 .89664E-2  0.0000000 
 .62062E-1  0.0000000 
 0.2147473  0.0000000 
 0.4033533  0.0000000 
 0.4220881  0.0000000 
 0.0000000  1.0000000 

KR:Ahlrichs TZV
EMSL BASIS SET LIBRARY

  3
    0    1    2
    6    5    2
   17   13    6

 600250.975750 89976.6507810 20476.8142250  5796.1554078  1887.5913196
  679.11458519  264.38244511  104.88368574  641.47370764  199.57524820
  33.545462954  14.683955144  22.603101860  4.0650682991  1.9611027060
 0.52465147979 0.19332399511

 .23741E-3  0.0000000  0.0000000  0.0000000  0.0000000  0.0000000 
  .1841E-2  0.0000000  0.0000000  0.0000000  0.0000000  0.0000000 
 .95796E-2  0.0000000  0.0000000  0.0000000  0.0000000  0.0000000 
 .39021E-1  0.0000000  0.0000000  0.0000000  0.0000000  0.0000000 
 0.1277264  0.0000000  0.0000000  0.0000000  0.0000000  0.0000000 
 0.3059652  0.0000000  0.0000000  0.0000000  0.0000000  0.0000000 
 0.4485747  0.0000000  0.0000000  0.0000000  0.0000000  0.0000000 
 0.2472295  0.0000000  0.0000000  0.0000000  0.0000000  0.0000000 
 0.0000000 -.26745E-1  0.0000000  0.0000000  0.0000000  0.0000000 
 0.0000000 -0.1257112  0.0000000  0.0000000  0.0000000  0.0000000 
 0.0000000  0.5648373  0.0000000  0.0000000  0.0000000  0.0000000 
 0.0000000  0.5597276  0.0000000  0.0000000  0.0000000  0.0000000 
 0.0000000  0.0000000 -0.2529877  0.0000000  0.0000000  0.0000000 
 0.0000000  0.0000000  0.7099215  0.0000000  0.0000000  0.0000000 
 0.0000000  0.0000000  0.0000000  1.0000000  0.0000000  0.0000000 
 0.0000000  0.0000000  0.0000000  0.0000000  1.0000000  0.0000000 
 0.0000000  0.0000000  0.0000000  0.0000000  0.0000000  1.0000000 

  3232.9589614  765.96442694  246.33940810  92.365283041  37.199509551
  15.172166534  60.931321698  9.4792600646  4.2564686326  1.9729313762
 0.76337108716 0.30943625526 0.11569704458

 .24886E-2  0.0000000  0.0000000  0.0000000  0.0000000 
 .20379E-1  0.0000000  0.0000000  0.0000000  0.0000000 
 .96977E-1  0.0000000  0.0000000  0.0000000  0.0000000 
 0.2819996  0.0000000  0.0000000  0.0000000  0.0000000 
 0.4511625  0.0000000  0.0000000  0.0000000  0.0000000 
 0.2491713  0.0000000  0.0000000  0.0000000  0.0000000 
 0.0000000 -.22174E-1  0.0000000  0.0000000  0.0000000 
 0.0000000  0.3283846  0.0000000  0.0000000  0.0000000 
 0.0000000  0.5812499  0.0000000  0.0000000  0.0000000 
 0.0000000  0.3286354  0.0000000  0.0000000  0.0000000 
 0.0000000  0.0000000  1.0000000  0.0000000  0.0000000 
 0.0000000  0.0000000  0.0000000  0.5567193  0.0000000 
 0.0000000  0.0000000  0.0000000  0.0000000  1.0000000 

  186.41760904  55.274124345  20.283219120  8.0884536976  3.2214033853
  1.1952170102

  .8612E-2  0.0000000 
 .60394E-1  0.0000000 
 0.2118133  0.0000000 
 0.4036629  0.0000000 
 0.4240286  0.0000000 
 0.0000000  1.0000000 




