!  aug-pcJ-3  EMSL  Basis Set Exchange Library   3/18/13 9:58 PM
! Elements                             References
! --------                             ----------
! H He B C N O F Ne Al Si P S Cl Ar: Frank Jensen, The Optimum Contraction of Basis Sets for Calculating Spin-Spin Coupling Constants, Theor. Chem. Acc. 126, 371 (2010).
! 



H:aug-pcJ-3
EMSL BASIS SET LIBRARY

  4
    0    1    2    3
    7    6    4    2
   12    6    4    2

  0.242090E+06  0.968361E+04  0.774689E+03  0.116159E+03  0.264490E+02
  0.750149E+01  0.245685E+01  0.887743E+00  0.340847E+00  0.134773E+00
  0.522633E-01   0.18800E-01

 .76861E-4  0.0000000  0.0000000  0.0000000  0.0000000  0.0000000  0.0000000 
 .34561E-2  0.0000000  0.0000000  0.0000000  0.0000000  0.0000000  0.0000000 
 .61309E-1  0.0000000  0.0000000  0.0000000  0.0000000  0.0000000  0.0000000 
      .5E0  0.0000000  0.0000000  0.0000000  0.0000000  0.0000000  0.0000000 
 0.0000000  .35583E-1  0.0000000  0.0000000  0.0000000  0.0000000  0.0000000 
 0.0000000   .14791E0  0.0000000  0.0000000  0.0000000  0.0000000  0.0000000 
 0.0000000       .5E0  0.0000000  0.0000000  0.0000000  0.0000000  0.0000000 
 0.0000000  0.0000000       .1E1  0.0000000  0.0000000  0.0000000  0.0000000 
 0.0000000  0.0000000  0.0000000       .1E1  0.0000000  0.0000000  0.0000000 
 0.0000000  0.0000000  0.0000000  0.0000000       .1E1  0.0000000  0.0000000 
 0.0000000  0.0000000  0.0000000  0.0000000  0.0000000       .1E1  0.0000000 
 0.0000000  0.0000000  0.0000000  0.0000000  0.0000000  0.0000000       .1E1 

         .39E2         .65E1        .155E1         .55E0          .2E0
   0.56399E-01

 1.0000000  0.0000000  0.0000000  0.0000000  0.0000000  0.0000000 
 0.0000000  1.0000000  0.0000000  0.0000000  0.0000000  0.0000000 
 0.0000000  0.0000000  1.0000000  0.0000000  0.0000000  0.0000000 
 0.0000000  0.0000000  0.0000000  1.0000000  0.0000000  0.0000000 
 0.0000000  0.0000000  0.0000000  0.0000000  1.0000000  0.0000000 
 0.0000000  0.0000000  0.0000000  0.0000000  0.0000000       .1E1 

        .117E2        .195E1         .65E0   0.75199E-01

 1.0000000  0.0000000  0.0000000  0.0000000 
 0.0000000  1.0000000  0.0000000  0.0000000 
 0.0000000  0.0000000  1.0000000  0.0000000 
 0.0000000  0.0000000  0.0000000       .1E1 

         .22E1   0.93999E-01

 1.0000000  0.0000000 
 0.0000000       .1E1 

HE:aug-pcJ-3
EMSL BASIS SET LIBRARY

  4
    0    1    2    3
    7    6    4    2
   12    6    4    2

  0.677320E+06  0.270928E+05  0.216742E+04  0.324988E+03  0.739935E+02
  0.209754E+02  0.684520E+01  0.243945E+01  0.902506E+00  0.333134E+00
  0.124133E+00   0.43040E-01

 .77038E-4  0.0000000  0.0000000  0.0000000  0.0000000  0.0000000  0.0000000 
 .34631E-2  0.0000000  0.0000000  0.0000000  0.0000000  0.0000000  0.0000000 
 .61433E-1  0.0000000  0.0000000  0.0000000  0.0000000  0.0000000  0.0000000 
      .5E0  0.0000000  0.0000000  0.0000000  0.0000000  0.0000000  0.0000000 
 0.0000000  .38427E-1  0.0000000  0.0000000  0.0000000  0.0000000  0.0000000 
 0.0000000   .15618E0  0.0000000  0.0000000  0.0000000  0.0000000  0.0000000 
 0.0000000       .5E0  0.0000000  0.0000000  0.0000000  0.0000000  0.0000000 
 0.0000000  0.0000000       .1E1  0.0000000  0.0000000  0.0000000  0.0000000 
 0.0000000  0.0000000  0.0000000       .1E1  0.0000000  0.0000000  0.0000000 
 0.0000000  0.0000000  0.0000000  0.0000000       .1E1  0.0000000  0.0000000 
 0.0000000  0.0000000  0.0000000  0.0000000  0.0000000       .1E1  0.0000000 
 0.0000000  0.0000000  0.0000000  0.0000000  0.0000000  0.0000000       .1E1 

        .642E2        .107E2        .255E1          .9E0         .33E0
   0.12910E+00

 1.0000000  0.0000000  0.0000000  0.0000000  0.0000000  0.0000000 
 0.0000000  1.0000000  0.0000000  0.0000000  0.0000000  0.0000000 
 0.0000000  0.0000000  1.0000000  0.0000000  0.0000000  0.0000000 
 0.0000000  0.0000000  0.0000000  1.0000000  0.0000000  0.0000000 
 0.0000000  0.0000000  0.0000000  0.0000000  1.0000000  0.0000000 
 0.0000000  0.0000000  0.0000000  0.0000000  0.0000000       .1E1 

        .192E2         .32E1        .107E1   0.17220E+00

 1.0000000  0.0000000  0.0000000  0.0000000 
 0.0000000  1.0000000  0.0000000  0.0000000 
 0.0000000  0.0000000  1.0000000  0.0000000 
 0.0000000  0.0000000  0.0000000       .1E1 

         .32E1   0.21520E+00

 1.0000000  0.0000000 
 0.0000000       .1E1 

B:aug-pcJ-3
EMSL BASIS SET LIBRARY

  5
    0    1    2    3    4
   10    8    6    4    2
   17   11    6    4    2

  0.179421E+08  0.717685E+06  0.574148E+05  0.860153E+04  0.195779E+04
  0.554611E+03  0.181051E+03  0.654909E+02  0.255994E+02  0.105323E+02
  0.444648E+01  0.188320E+01  0.698312E+00  0.343100E+00  0.142760E+00
  0.581574E-01   0.21910E-01

 .34977E-5  0.0000000  0.0000000  0.0000000  0.0000000  0.0000000  0.0000000 
 0.0000000  0.0000000  0.0000000 
  .1576E-3  0.0000000  0.0000000  0.0000000  0.0000000  0.0000000  0.0000000 
 0.0000000  0.0000000  0.0000000 
 .27991E-2  0.0000000  0.0000000  0.0000000  0.0000000  0.0000000  0.0000000 
 0.0000000  0.0000000  0.0000000 
 .22832E-1  0.0000000  0.0000000  0.0000000  0.0000000  0.0000000  0.0000000 
 0.0000000  0.0000000  0.0000000 
  .11915E0  0.0000000  0.0000000  0.0000000  0.0000000  0.0000000  0.0000000 
 0.0000000  0.0000000  0.0000000 
      .5E0  0.0000000  0.0000000  0.0000000  0.0000000  0.0000000  0.0000000 
 0.0000000  0.0000000  0.0000000 
 0.0000000   .6131E-1  0.0000000  0.0000000  0.0000000  0.0000000  0.0000000 
 0.0000000  0.0000000  0.0000000 
 0.0000000   .19332E0  0.0000000  0.0000000  0.0000000  0.0000000  0.0000000 
 0.0000000  0.0000000  0.0000000 
 0.0000000       .5E0  0.0000000  0.0000000  0.0000000  0.0000000  0.0000000 
 0.0000000  0.0000000  0.0000000 
 0.0000000  0.0000000       .1E1  0.0000000  0.0000000  0.0000000  0.0000000 
 0.0000000  0.0000000  0.0000000 
 0.0000000  0.0000000  0.0000000       .1E1  0.0000000  0.0000000  0.0000000 
 0.0000000  0.0000000  0.0000000 
 0.0000000  0.0000000  0.0000000  0.0000000       .1E1  0.0000000  0.0000000 
 0.0000000  0.0000000  0.0000000 
 0.0000000  0.0000000  0.0000000  0.0000000  0.0000000       .1E1  0.0000000 
 0.0000000  0.0000000  0.0000000 
 0.0000000  0.0000000  0.0000000  0.0000000  0.0000000  0.0000000       .1E1 
 0.0000000  0.0000000  0.0000000 
 0.0000000  0.0000000  0.0000000  0.0000000  0.0000000  0.0000000  0.0000000 
      .1E1  0.0000000  0.0000000 
 0.0000000  0.0000000  0.0000000  0.0000000  0.0000000  0.0000000  0.0000000 
 0.0000000       .1E1  0.0000000 
 0.0000000  0.0000000  0.0000000  0.0000000  0.0000000  0.0000000  0.0000000 
 0.0000000  0.0000000       .1E1 

  0.585723E+03  0.901112E+02  0.211653E+02  0.656183E+01  0.256465E+01
  0.105104E+01  0.451929E+00  0.194682E+00  0.832120E-01  0.332973E-01
   0.12340E-01

 .29781E-2  0.0000000  0.0000000  0.0000000  0.0000000  0.0000000  0.0000000 
 0.0000000 
 .57726E-1  0.0000000  0.0000000  0.0000000  0.0000000  0.0000000  0.0000000 
 0.0000000 
      .5E0  0.0000000  0.0000000  0.0000000  0.0000000  0.0000000  0.0000000 
 0.0000000 
 0.0000000   .18173E0  0.0000000  0.0000000  0.0000000  0.0000000  0.0000000 
 0.0000000 
 0.0000000       .5E0  0.0000000  0.0000000  0.0000000  0.0000000  0.0000000 
 0.0000000 
 0.0000000  0.0000000       .1E1  0.0000000  0.0000000  0.0000000  0.0000000 
 0.0000000 
 0.0000000  0.0000000  0.0000000       .1E1  0.0000000  0.0000000  0.0000000 
 0.0000000 
 0.0000000  0.0000000  0.0000000  0.0000000       .1E1  0.0000000  0.0000000 
 0.0000000 
 0.0000000  0.0000000  0.0000000  0.0000000  0.0000000       .1E1  0.0000000 
 0.0000000 
 0.0000000  0.0000000  0.0000000  0.0000000  0.0000000  0.0000000       .1E1 
 0.0000000 
 0.0000000  0.0000000  0.0000000  0.0000000  0.0000000  0.0000000  0.0000000 
      .1E1 

         .22E2          .4E1        .105E1          .4E0         .15E0
   0.37010E-01

 1.0000000  0.0000000  0.0000000  0.0000000  0.0000000  0.0000000 
 0.0000000  1.0000000  0.0000000  0.0000000  0.0000000  0.0000000 
 0.0000000  0.0000000  1.0000000  0.0000000  0.0000000  0.0000000 
 0.0000000  0.0000000  0.0000000  1.0000000  0.0000000  0.0000000 
 0.0000000  0.0000000  0.0000000  0.0000000  1.0000000  0.0000000 
 0.0000000  0.0000000  0.0000000  0.0000000  0.0000000       .1E1 

         .42E1         .12E1         .52E0   0.49350E-01

 1.0000000  0.0000000  0.0000000  0.0000000 
 0.0000000  1.0000000  0.0000000  0.0000000 
 0.0000000  0.0000000  1.0000000  0.0000000 
 0.0000000  0.0000000  0.0000000       .1E1 

         .13E1   0.61680E-01

 1.0000000  0.0000000 
 0.0000000       .1E1 

C:aug-pcJ-3
EMSL BASIS SET LIBRARY

  5
    0    1    2    3    4
   10    8    6    4    2
   17   11    6    4    2

  0.272316E+08  0.108927E+07  0.871412E+05  0.130520E+05  0.297061E+04
  0.841460E+03  0.274589E+03  0.992150E+02  0.386940E+02  0.159109E+02
  0.676677E+01  0.289837E+01  0.112459E+01  0.514464E+00  0.211760E+00
  0.850172E-01   0.31605E-01

 .35076E-5  0.0000000  0.0000000  0.0000000  0.0000000  0.0000000  0.0000000 
 0.0000000  0.0000000  0.0000000 
  .1574E-3  0.0000000  0.0000000  0.0000000  0.0000000  0.0000000  0.0000000 
 0.0000000  0.0000000  0.0000000 
  .2796E-2  0.0000000  0.0000000  0.0000000  0.0000000  0.0000000  0.0000000 
 0.0000000  0.0000000  0.0000000 
 .22813E-1  0.0000000  0.0000000  0.0000000  0.0000000  0.0000000  0.0000000 
 0.0000000  0.0000000  0.0000000 
  .11906E0  0.0000000  0.0000000  0.0000000  0.0000000  0.0000000  0.0000000 
 0.0000000  0.0000000  0.0000000 
      .5E0  0.0000000  0.0000000  0.0000000  0.0000000  0.0000000  0.0000000 
 0.0000000  0.0000000  0.0000000 
 0.0000000  .59722E-1  0.0000000  0.0000000  0.0000000  0.0000000  0.0000000 
 0.0000000  0.0000000  0.0000000 
 0.0000000   .18852E0  0.0000000  0.0000000  0.0000000  0.0000000  0.0000000 
 0.0000000  0.0000000  0.0000000 
 0.0000000       .5E0  0.0000000  0.0000000  0.0000000  0.0000000  0.0000000 
 0.0000000  0.0000000  0.0000000 
 0.0000000  0.0000000       .1E1  0.0000000  0.0000000  0.0000000  0.0000000 
 0.0000000  0.0000000  0.0000000 
 0.0000000  0.0000000  0.0000000       .1E1  0.0000000  0.0000000  0.0000000 
 0.0000000  0.0000000  0.0000000 
 0.0000000  0.0000000  0.0000000  0.0000000       .1E1  0.0000000  0.0000000 
 0.0000000  0.0000000  0.0000000 
 0.0000000  0.0000000  0.0000000  0.0000000  0.0000000       .1E1  0.0000000 
 0.0000000  0.0000000  0.0000000 
 0.0000000  0.0000000  0.0000000  0.0000000  0.0000000  0.0000000       .1E1 
 0.0000000  0.0000000  0.0000000 
 0.0000000  0.0000000  0.0000000  0.0000000  0.0000000  0.0000000  0.0000000 
      .1E1  0.0000000  0.0000000 
 0.0000000  0.0000000  0.0000000  0.0000000  0.0000000  0.0000000  0.0000000 
 0.0000000       .1E1  0.0000000 
 0.0000000  0.0000000  0.0000000  0.0000000  0.0000000  0.0000000  0.0000000 
 0.0000000  0.0000000       .1E1 

  0.963557E+03  0.148240E+03  0.349117E+02  0.108936E+02  0.419336E+01
  0.171343E+01  0.735662E+00  0.316374E+00  0.132416E+00  0.519006E-01
   0.18873E-01

 .29097E-2  0.0000000  0.0000000  0.0000000  0.0000000  0.0000000  0.0000000 
 0.0000000 
 .56871E-1  0.0000000  0.0000000  0.0000000  0.0000000  0.0000000  0.0000000 
 0.0000000 
      .5E0  0.0000000  0.0000000  0.0000000  0.0000000  0.0000000  0.0000000 
 0.0000000 
 0.0000000   .16722E0  0.0000000  0.0000000  0.0000000  0.0000000  0.0000000 
 0.0000000 
 0.0000000       .5E0  0.0000000  0.0000000  0.0000000  0.0000000  0.0000000 
 0.0000000 
 0.0000000  0.0000000       .1E1  0.0000000  0.0000000  0.0000000  0.0000000 
 0.0000000 
 0.0000000  0.0000000  0.0000000       .1E1  0.0000000  0.0000000  0.0000000 
 0.0000000 
 0.0000000  0.0000000  0.0000000  0.0000000       .1E1  0.0000000  0.0000000 
 0.0000000 
 0.0000000  0.0000000  0.0000000  0.0000000  0.0000000       .1E1  0.0000000 
 0.0000000 
 0.0000000  0.0000000  0.0000000  0.0000000  0.0000000  0.0000000       .1E1 
 0.0000000 
 0.0000000  0.0000000  0.0000000  0.0000000  0.0000000  0.0000000  0.0000000 
      .1E1 

        .286E2         .52E1        .135E1         .52E0          .2E0
   0.56619E-01

 1.0000000  0.0000000  0.0000000  0.0000000  0.0000000  0.0000000 
 0.0000000  1.0000000  0.0000000  0.0000000  0.0000000  0.0000000 
 0.0000000  0.0000000  1.0000000  0.0000000  0.0000000  0.0000000 
 0.0000000  0.0000000  0.0000000  1.0000000  0.0000000  0.0000000 
 0.0000000  0.0000000  0.0000000  0.0000000  1.0000000  0.0000000 
 0.0000000  0.0000000  0.0000000  0.0000000  0.0000000       .1E1 

        .525E1         .15E1         .65E0   0.75492E-01

 1.0000000  0.0000000  0.0000000  0.0000000 
 0.0000000  1.0000000  0.0000000  0.0000000 
 0.0000000  0.0000000  1.0000000  0.0000000 
 0.0000000  0.0000000  0.0000000       .1E1 

         .14E1   0.94365E-01

 1.0000000  0.0000000 
 0.0000000       .1E1 

N:aug-pcJ-3
EMSL BASIS SET LIBRARY

  5
    0    1    2    3    4
   10    8    6    4    2
   17   11    6    4    2

  0.389206E+08  0.155682E+07  0.124546E+06  0.186556E+05  0.424506E+04
  0.120210E+04  0.392142E+03  0.141580E+03  0.551359E+02  0.226432E+02
  0.965655E+01  0.416854E+01  0.166780E+01  0.745736E+00  0.305157E+00
  0.120888E+00   0.44444E-01

 .34995E-5  0.0000000  0.0000000  0.0000000  0.0000000  0.0000000  0.0000000 
 0.0000000  0.0000000  0.0000000 
 .15718E-3  0.0000000  0.0000000  0.0000000  0.0000000  0.0000000  0.0000000 
 0.0000000  0.0000000  0.0000000 
  .2792E-2  0.0000000  0.0000000  0.0000000  0.0000000  0.0000000  0.0000000 
 0.0000000  0.0000000  0.0000000 
 .22783E-1  0.0000000  0.0000000  0.0000000  0.0000000  0.0000000  0.0000000 
 0.0000000  0.0000000  0.0000000 
  .11896E0  0.0000000  0.0000000  0.0000000  0.0000000  0.0000000  0.0000000 
 0.0000000  0.0000000  0.0000000 
      .5E0  0.0000000  0.0000000  0.0000000  0.0000000  0.0000000  0.0000000 
 0.0000000  0.0000000  0.0000000 
 0.0000000  .58552E-1  0.0000000  0.0000000  0.0000000  0.0000000  0.0000000 
 0.0000000  0.0000000  0.0000000 
 0.0000000     .185E0  0.0000000  0.0000000  0.0000000  0.0000000  0.0000000 
 0.0000000  0.0000000  0.0000000 
 0.0000000       .5E0  0.0000000  0.0000000  0.0000000  0.0000000  0.0000000 
 0.0000000  0.0000000  0.0000000 
 0.0000000  0.0000000       .1E1  0.0000000  0.0000000  0.0000000  0.0000000 
 0.0000000  0.0000000  0.0000000 
 0.0000000  0.0000000  0.0000000       .1E1  0.0000000  0.0000000  0.0000000 
 0.0000000  0.0000000  0.0000000 
 0.0000000  0.0000000  0.0000000  0.0000000       .1E1  0.0000000  0.0000000 
 0.0000000  0.0000000  0.0000000 
 0.0000000  0.0000000  0.0000000  0.0000000  0.0000000       .1E1  0.0000000 
 0.0000000  0.0000000  0.0000000 
 0.0000000  0.0000000  0.0000000  0.0000000  0.0000000  0.0000000       .1E1 
 0.0000000  0.0000000  0.0000000 
 0.0000000  0.0000000  0.0000000  0.0000000  0.0000000  0.0000000  0.0000000 
      .1E1  0.0000000  0.0000000 
 0.0000000  0.0000000  0.0000000  0.0000000  0.0000000  0.0000000  0.0000000 
 0.0000000       .1E1  0.0000000 
 0.0000000  0.0000000  0.0000000  0.0000000  0.0000000  0.0000000  0.0000000 
 0.0000000  0.0000000       .1E1 

  0.141886E+04  0.218287E+03  0.514884E+02  0.161303E+02  0.613074E+01
  0.250523E+01  0.107298E+01  0.458381E+00  0.189481E+00  0.733589E-01
   0.26388E-01

 .28732E-2  0.0000000  0.0000000  0.0000000  0.0000000  0.0000000  0.0000000 
 0.0000000 
 .56551E-1  0.0000000  0.0000000  0.0000000  0.0000000  0.0000000  0.0000000 
 0.0000000 
      .5E0  0.0000000  0.0000000  0.0000000  0.0000000  0.0000000  0.0000000 
 0.0000000 
 0.0000000   .15877E0  0.0000000  0.0000000  0.0000000  0.0000000  0.0000000 
 0.0000000 
 0.0000000       .5E0  0.0000000  0.0000000  0.0000000  0.0000000  0.0000000 
 0.0000000 
 0.0000000  0.0000000       .1E1  0.0000000  0.0000000  0.0000000  0.0000000 
 0.0000000 
 0.0000000  0.0000000  0.0000000       .1E1  0.0000000  0.0000000  0.0000000 
 0.0000000 
 0.0000000  0.0000000  0.0000000  0.0000000       .1E1  0.0000000  0.0000000 
 0.0000000 
 0.0000000  0.0000000  0.0000000  0.0000000  0.0000000       .1E1  0.0000000 
 0.0000000 
 0.0000000  0.0000000  0.0000000  0.0000000  0.0000000  0.0000000       .1E1 
 0.0000000 
 0.0000000  0.0000000  0.0000000  0.0000000  0.0000000  0.0000000  0.0000000 
      .1E1 

         .33E2          .6E1        .165E1         .65E0         .25E0
   0.79164E-01

 1.0000000  0.0000000  0.0000000  0.0000000  0.0000000  0.0000000 
 0.0000000  1.0000000  0.0000000  0.0000000  0.0000000  0.0000000 
 0.0000000  0.0000000  1.0000000  0.0000000  0.0000000  0.0000000 
 0.0000000  0.0000000  0.0000000  1.0000000  0.0000000  0.0000000 
 0.0000000  0.0000000  0.0000000  0.0000000  1.0000000  0.0000000 
 0.0000000  0.0000000  0.0000000  0.0000000  0.0000000       .1E1 

         .63E1         .18E1         .77E0   0.10555E+00

 1.0000000  0.0000000  0.0000000  0.0000000 
 0.0000000  1.0000000  0.0000000  0.0000000 
 0.0000000  0.0000000  1.0000000  0.0000000 
 0.0000000  0.0000000  0.0000000       .1E1 

         .15E1   0.13194E+00

 1.0000000  0.0000000 
 0.0000000       .1E1 

O:aug-pcJ-3
EMSL BASIS SET LIBRARY

  5
    0    1    2    3    4
   10    8    6    4    2
   17   11    6    4    2

  0.512593E+08  0.205037E+07  0.164030E+06  0.245674E+05  0.559105E+04
  0.158362E+04  0.516670E+03  0.186555E+03  0.726960E+02  0.299924E+02
  0.128992E+02  0.561355E+01  0.229864E+01  0.999797E+00  0.407461E+00
  0.159225E+00   0.57690E-01

 .34992E-5  0.0000000  0.0000000  0.0000000  0.0000000  0.0000000  0.0000000 
 0.0000000  0.0000000  0.0000000 
 .15724E-3  0.0000000  0.0000000  0.0000000  0.0000000  0.0000000  0.0000000 
 0.0000000  0.0000000  0.0000000 
 .27934E-2  0.0000000  0.0000000  0.0000000  0.0000000  0.0000000  0.0000000 
 0.0000000  0.0000000  0.0000000 
 .22795E-1  0.0000000  0.0000000  0.0000000  0.0000000  0.0000000  0.0000000 
 0.0000000  0.0000000  0.0000000 
  .11899E0  0.0000000  0.0000000  0.0000000  0.0000000  0.0000000  0.0000000 
 0.0000000  0.0000000  0.0000000 
      .5E0  0.0000000  0.0000000  0.0000000  0.0000000  0.0000000  0.0000000 
 0.0000000  0.0000000  0.0000000 
 0.0000000  .58354E-1  0.0000000  0.0000000  0.0000000  0.0000000  0.0000000 
 0.0000000  0.0000000  0.0000000 
 0.0000000   .18474E0  0.0000000  0.0000000  0.0000000  0.0000000  0.0000000 
 0.0000000  0.0000000  0.0000000 
 0.0000000       .5E0  0.0000000  0.0000000  0.0000000  0.0000000  0.0000000 
 0.0000000  0.0000000  0.0000000 
 0.0000000  0.0000000       .1E1  0.0000000  0.0000000  0.0000000  0.0000000 
 0.0000000  0.0000000  0.0000000 
 0.0000000  0.0000000  0.0000000       .1E1  0.0000000  0.0000000  0.0000000 
 0.0000000  0.0000000  0.0000000 
 0.0000000  0.0000000  0.0000000  0.0000000       .1E1  0.0000000  0.0000000 
 0.0000000  0.0000000  0.0000000 
 0.0000000  0.0000000  0.0000000  0.0000000  0.0000000       .1E1  0.0000000 
 0.0000000  0.0000000  0.0000000 
 0.0000000  0.0000000  0.0000000  0.0000000  0.0000000  0.0000000       .1E1 
 0.0000000  0.0000000  0.0000000 
 0.0000000  0.0000000  0.0000000  0.0000000  0.0000000  0.0000000  0.0000000 
      .1E1  0.0000000  0.0000000 
 0.0000000  0.0000000  0.0000000  0.0000000  0.0000000  0.0000000  0.0000000 
 0.0000000       .1E1  0.0000000 
 0.0000000  0.0000000  0.0000000  0.0000000  0.0000000  0.0000000  0.0000000 
 0.0000000  0.0000000       .1E1 

  0.176812E+04  0.272018E+03  0.642425E+02  0.202494E+02  0.764384E+01
  0.312320E+01  0.132510E+01  0.555508E+00  0.222286E+00  0.840097E-01
   0.29477E-01

 .28861E-2  0.0000000  0.0000000  0.0000000  0.0000000  0.0000000  0.0000000 
 0.0000000 
 .56965E-1  0.0000000  0.0000000  0.0000000  0.0000000  0.0000000  0.0000000 
 0.0000000 
      .5E0  0.0000000  0.0000000  0.0000000  0.0000000  0.0000000  0.0000000 
 0.0000000 
 0.0000000   .15609E0  0.0000000  0.0000000  0.0000000  0.0000000  0.0000000 
 0.0000000 
 0.0000000       .5E0  0.0000000  0.0000000  0.0000000  0.0000000  0.0000000 
 0.0000000 
 0.0000000  0.0000000       .1E1  0.0000000  0.0000000  0.0000000  0.0000000 
 0.0000000 
 0.0000000  0.0000000  0.0000000       .1E1  0.0000000  0.0000000  0.0000000 
 0.0000000 
 0.0000000  0.0000000  0.0000000  0.0000000       .1E1  0.0000000  0.0000000 
 0.0000000 
 0.0000000  0.0000000  0.0000000  0.0000000  0.0000000       .1E1  0.0000000 
 0.0000000 
 0.0000000  0.0000000  0.0000000  0.0000000  0.0000000  0.0000000       .1E1 
 0.0000000 
 0.0000000  0.0000000  0.0000000  0.0000000  0.0000000  0.0000000  0.0000000 
      .1E1 

        .385E2          .7E1          .2E1          .8E0          .3E0
   0.88431E-01

 1.0000000  0.0000000  0.0000000  0.0000000  0.0000000  0.0000000 
 0.0000000  1.0000000  0.0000000  0.0000000  0.0000000  0.0000000 
 0.0000000  0.0000000  1.0000000  0.0000000  0.0000000  0.0000000 
 0.0000000  0.0000000  0.0000000  1.0000000  0.0000000  0.0000000 
 0.0000000  0.0000000  0.0000000  0.0000000  1.0000000  0.0000000 
 0.0000000  0.0000000  0.0000000  0.0000000  0.0000000       .1E1 

        .735E1         .21E1          .9E0   0.11791E+00

 1.0000000  0.0000000  0.0000000  0.0000000 
 0.0000000  1.0000000  0.0000000  0.0000000 
 0.0000000  0.0000000  1.0000000  0.0000000 
 0.0000000  0.0000000  0.0000000       .1E1 

         .16E1   0.14739E+00

 1.0000000  0.0000000 
 0.0000000       .1E1 

F:aug-pcJ-3
EMSL BASIS SET LIBRARY

  5
    0    1    2    3    4
   10    8    6    4    2
   17   11    6    4    2

  0.673933E+08  0.269573E+07  0.215659E+06  0.322991E+05  0.735044E+04
  0.208182E+04  0.679087E+03  0.245100E+03  0.954615E+02  0.394224E+02
  0.170182E+02  0.745246E+01  0.313290E+01  0.133946E+01  0.542183E+00
  0.209037E+00   0.74924E-01

 .34984E-5  0.0000000  0.0000000  0.0000000  0.0000000  0.0000000  0.0000000 
 0.0000000  0.0000000  0.0000000 
 .15715E-3  0.0000000  0.0000000  0.0000000  0.0000000  0.0000000  0.0000000 
 0.0000000  0.0000000  0.0000000 
 .27916E-2  0.0000000  0.0000000  0.0000000  0.0000000  0.0000000  0.0000000 
 0.0000000  0.0000000  0.0000000 
 .22782E-1  0.0000000  0.0000000  0.0000000  0.0000000  0.0000000  0.0000000 
 0.0000000  0.0000000  0.0000000 
  .11894E0  0.0000000  0.0000000  0.0000000  0.0000000  0.0000000  0.0000000 
 0.0000000  0.0000000  0.0000000 
      .5E0  0.0000000  0.0000000  0.0000000  0.0000000  0.0000000  0.0000000 
 0.0000000  0.0000000  0.0000000 
 0.0000000  .57744E-1  0.0000000  0.0000000  0.0000000  0.0000000  0.0000000 
 0.0000000  0.0000000  0.0000000 
 0.0000000    .1833E0  0.0000000  0.0000000  0.0000000  0.0000000  0.0000000 
 0.0000000  0.0000000  0.0000000 
 0.0000000       .5E0  0.0000000  0.0000000  0.0000000  0.0000000  0.0000000 
 0.0000000  0.0000000  0.0000000 
 0.0000000  0.0000000       .1E1  0.0000000  0.0000000  0.0000000  0.0000000 
 0.0000000  0.0000000  0.0000000 
 0.0000000  0.0000000  0.0000000       .1E1  0.0000000  0.0000000  0.0000000 
 0.0000000  0.0000000  0.0000000 
 0.0000000  0.0000000  0.0000000  0.0000000       .1E1  0.0000000  0.0000000 
 0.0000000  0.0000000  0.0000000 
 0.0000000  0.0000000  0.0000000  0.0000000  0.0000000       .1E1  0.0000000 
 0.0000000  0.0000000  0.0000000 
 0.0000000  0.0000000  0.0000000  0.0000000  0.0000000  0.0000000       .1E1 
 0.0000000  0.0000000  0.0000000 
 0.0000000  0.0000000  0.0000000  0.0000000  0.0000000  0.0000000  0.0000000 
      .1E1  0.0000000  0.0000000 
 0.0000000  0.0000000  0.0000000  0.0000000  0.0000000  0.0000000  0.0000000 
 0.0000000       .1E1  0.0000000 
 0.0000000  0.0000000  0.0000000  0.0000000  0.0000000  0.0000000  0.0000000 
 0.0000000  0.0000000       .1E1 

  0.228290E+04  0.351216E+03  0.829778E+02  0.262671E+02  0.993065E+01
  0.406700E+01  0.172462E+01  0.719760E+00  0.286244E+00  0.107890E+00
   0.37856E-01

 .28715E-2  0.0000000  0.0000000  0.0000000  0.0000000  0.0000000  0.0000000 
 0.0000000 
 .56804E-1  0.0000000  0.0000000  0.0000000  0.0000000  0.0000000  0.0000000 
 0.0000000 
      .5E0  0.0000000  0.0000000  0.0000000  0.0000000  0.0000000  0.0000000 
 0.0000000 
 0.0000000   .15393E0  0.0000000  0.0000000  0.0000000  0.0000000  0.0000000 
 0.0000000 
 0.0000000       .5E0  0.0000000  0.0000000  0.0000000  0.0000000  0.0000000 
 0.0000000 
 0.0000000  0.0000000       .1E1  0.0000000  0.0000000  0.0000000  0.0000000 
 0.0000000 
 0.0000000  0.0000000  0.0000000       .1E1  0.0000000  0.0000000  0.0000000 
 0.0000000 
 0.0000000  0.0000000  0.0000000  0.0000000       .1E1  0.0000000  0.0000000 
 0.0000000 
 0.0000000  0.0000000  0.0000000  0.0000000  0.0000000       .1E1  0.0000000 
 0.0000000 
 0.0000000  0.0000000  0.0000000  0.0000000  0.0000000  0.0000000       .1E1 
 0.0000000 
 0.0000000  0.0000000  0.0000000  0.0000000  0.0000000  0.0000000  0.0000000 
      .1E1 

        .462E2         .84E1         .26E1          .1E1         .35E0
   0.11357E+00

 1.0000000  0.0000000  0.0000000  0.0000000  0.0000000  0.0000000 
 0.0000000  1.0000000  0.0000000  0.0000000  0.0000000  0.0000000 
 0.0000000  0.0000000  1.0000000  0.0000000  0.0000000  0.0000000 
 0.0000000  0.0000000  0.0000000  1.0000000  0.0000000  0.0000000 
 0.0000000  0.0000000  0.0000000  0.0000000  1.0000000  0.0000000 
 0.0000000  0.0000000  0.0000000  0.0000000  0.0000000       .1E1 

         .91E1         .26E1        .105E1   0.15142E+00

 1.0000000  0.0000000  0.0000000  0.0000000 
 0.0000000  1.0000000  0.0000000  0.0000000 
 0.0000000  0.0000000  1.0000000  0.0000000 
 0.0000000  0.0000000  0.0000000       .1E1 

         .17E1   0.18928E+00

 1.0000000  0.0000000 
 0.0000000       .1E1 

NE:aug-pcJ-3
EMSL BASIS SET LIBRARY

  5
    0    1    2    3    4
   10    8    6    4    2
   17   11    6    4    2

  0.845824E+08  0.338329E+07  0.270664E+06  0.405414E+05  0.922653E+04
  0.261317E+04  0.852388E+03  0.307607E+03  0.119758E+03  0.494369E+02
  0.213685E+02  0.939206E+01  0.398322E+01  0.168867E+01  0.680305E+00
  0.260241E+00   0.92480E-01

 .35007E-5  0.0000000  0.0000000  0.0000000  0.0000000  0.0000000  0.0000000 
 0.0000000  0.0000000  0.0000000 
 .15715E-3  0.0000000  0.0000000  0.0000000  0.0000000  0.0000000  0.0000000 
 0.0000000  0.0000000  0.0000000 
 .27914E-2  0.0000000  0.0000000  0.0000000  0.0000000  0.0000000  0.0000000 
 0.0000000  0.0000000  0.0000000 
 .22779E-1  0.0000000  0.0000000  0.0000000  0.0000000  0.0000000  0.0000000 
 0.0000000  0.0000000  0.0000000 
  .11891E0  0.0000000  0.0000000  0.0000000  0.0000000  0.0000000  0.0000000 
 0.0000000  0.0000000  0.0000000 
      .5E0  0.0000000  0.0000000  0.0000000  0.0000000  0.0000000  0.0000000 
 0.0000000  0.0000000  0.0000000 
 0.0000000  .57342E-1  0.0000000  0.0000000  0.0000000  0.0000000  0.0000000 
 0.0000000  0.0000000  0.0000000 
 0.0000000   .18204E0  0.0000000  0.0000000  0.0000000  0.0000000  0.0000000 
 0.0000000  0.0000000  0.0000000 
 0.0000000       .5E0  0.0000000  0.0000000  0.0000000  0.0000000  0.0000000 
 0.0000000  0.0000000  0.0000000 
 0.0000000  0.0000000       .1E1  0.0000000  0.0000000  0.0000000  0.0000000 
 0.0000000  0.0000000  0.0000000 
 0.0000000  0.0000000  0.0000000       .1E1  0.0000000  0.0000000  0.0000000 
 0.0000000  0.0000000  0.0000000 
 0.0000000  0.0000000  0.0000000  0.0000000       .1E1  0.0000000  0.0000000 
 0.0000000  0.0000000  0.0000000 
 0.0000000  0.0000000  0.0000000  0.0000000  0.0000000       .1E1  0.0000000 
 0.0000000  0.0000000  0.0000000 
 0.0000000  0.0000000  0.0000000  0.0000000  0.0000000  0.0000000       .1E1 
 0.0000000  0.0000000  0.0000000 
 0.0000000  0.0000000  0.0000000  0.0000000  0.0000000  0.0000000  0.0000000 
      .1E1  0.0000000  0.0000000 
 0.0000000  0.0000000  0.0000000  0.0000000  0.0000000  0.0000000  0.0000000 
 0.0000000       .1E1  0.0000000 
 0.0000000  0.0000000  0.0000000  0.0000000  0.0000000  0.0000000  0.0000000 
 0.0000000  0.0000000       .1E1 

  0.288244E+04  0.443452E+03  0.104816E+03  0.332550E+02  0.125479E+02
  0.514211E+01  0.217829E+01  0.906445E+00  0.359944E+00  0.135148E+00
   0.47210E-01

 .28589E-2  0.0000000  0.0000000  0.0000000  0.0000000  0.0000000  0.0000000 
 0.0000000 
 .56684E-1  0.0000000  0.0000000  0.0000000  0.0000000  0.0000000  0.0000000 
 0.0000000 
      .5E0  0.0000000  0.0000000  0.0000000  0.0000000  0.0000000  0.0000000 
 0.0000000 
 0.0000000   .15164E0  0.0000000  0.0000000  0.0000000  0.0000000  0.0000000 
 0.0000000 
 0.0000000       .5E0  0.0000000  0.0000000  0.0000000  0.0000000  0.0000000 
 0.0000000 
 0.0000000  0.0000000       .1E1  0.0000000  0.0000000  0.0000000  0.0000000 
 0.0000000 
 0.0000000  0.0000000  0.0000000       .1E1  0.0000000  0.0000000  0.0000000 
 0.0000000 
 0.0000000  0.0000000  0.0000000  0.0000000       .1E1  0.0000000  0.0000000 
 0.0000000 
 0.0000000  0.0000000  0.0000000  0.0000000  0.0000000       .1E1  0.0000000 
 0.0000000 
 0.0000000  0.0000000  0.0000000  0.0000000  0.0000000  0.0000000       .1E1 
 0.0000000 
 0.0000000  0.0000000  0.0000000  0.0000000  0.0000000  0.0000000  0.0000000 
      .1E1 

         .55E2          .1E2          .3E1        .115E1          .4E0
   0.14160E+00

 1.0000000  0.0000000  0.0000000  0.0000000  0.0000000  0.0000000 
 0.0000000  1.0000000  0.0000000  0.0000000  0.0000000  0.0000000 
 0.0000000  0.0000000  1.0000000  0.0000000  0.0000000  0.0000000 
 0.0000000  0.0000000  0.0000000  1.0000000  0.0000000  0.0000000 
 0.0000000  0.0000000  0.0000000  0.0000000  1.0000000  0.0000000 
 0.0000000  0.0000000  0.0000000  0.0000000  0.0000000       .1E1 

         .98E1         .28E1        .115E1   0.18880E+00

 1.0000000  0.0000000  0.0000000  0.0000000 
 0.0000000  1.0000000  0.0000000  0.0000000 
 0.0000000  0.0000000  1.0000000  0.0000000 
 0.0000000  0.0000000  0.0000000       .1E1 

         .18E1   0.23600E+00

 1.0000000  0.0000000 
 0.0000000       .1E1 

AL:aug-pcJ-3
EMSL BASIS SET LIBRARY

  5
    0    1    2    3    4
   10    8    6    4    2
   20   15    6    4    2

  0.225467E+09  0.901868E+07  0.721495E+06  0.108090E+06  0.246053E+05
  0.697136E+04  0.227488E+04  0.821595E+03  0.320775E+03  0.133150E+03
  0.578165E+02  0.259536E+02  0.118993E+02  0.474985E+01  0.206880E+01
  0.877791E+00  0.249508E+00  0.114618E+00  0.481927E-01   0.18690E-01

 .30643E-6  0.0000000  0.0000000  0.0000000  0.0000000  0.0000000  0.0000000 
 0.0000000  0.0000000  0.0000000 
 .13757E-4  0.0000000  0.0000000  0.0000000  0.0000000  0.0000000  0.0000000 
 0.0000000  0.0000000  0.0000000 
 .24418E-3  0.0000000  0.0000000  0.0000000  0.0000000  0.0000000  0.0000000 
 0.0000000  0.0000000  0.0000000 
 .19923E-2  0.0000000  0.0000000  0.0000000  0.0000000  0.0000000  0.0000000 
 0.0000000  0.0000000  0.0000000 
 .10404E-1  0.0000000  0.0000000  0.0000000  0.0000000  0.0000000  0.0000000 
 0.0000000  0.0000000  0.0000000 
 .43833E-1  0.0000000  0.0000000  0.0000000  0.0000000  0.0000000  0.0000000 
 0.0000000  0.0000000  0.0000000 
  .15804E0  0.0000000  0.0000000  0.0000000  0.0000000  0.0000000  0.0000000 
 0.0000000  0.0000000  0.0000000 
      .5E0  0.0000000  0.0000000  0.0000000  0.0000000  0.0000000  0.0000000 
 0.0000000  0.0000000  0.0000000 
 0.0000000  .62776E-1  0.0000000  0.0000000  0.0000000  0.0000000  0.0000000 
 0.0000000  0.0000000  0.0000000 
 0.0000000    .1582E0  0.0000000  0.0000000  0.0000000  0.0000000  0.0000000 
 0.0000000  0.0000000  0.0000000 
 0.0000000    .3219E0  0.0000000  0.0000000  0.0000000  0.0000000  0.0000000 
 0.0000000  0.0000000  0.0000000 
 0.0000000       .5E0  0.0000000  0.0000000  0.0000000  0.0000000  0.0000000 
 0.0000000  0.0000000  0.0000000 
 0.0000000  0.0000000       .1E1  0.0000000  0.0000000  0.0000000  0.0000000 
 0.0000000  0.0000000  0.0000000 
 0.0000000  0.0000000  0.0000000       .1E1  0.0000000  0.0000000  0.0000000 
 0.0000000  0.0000000  0.0000000 
 0.0000000  0.0000000  0.0000000  0.0000000       .1E1  0.0000000  0.0000000 
 0.0000000  0.0000000  0.0000000 
 0.0000000  0.0000000  0.0000000  0.0000000  0.0000000       .1E1  0.0000000 
 0.0000000  0.0000000  0.0000000 
 0.0000000  0.0000000  0.0000000  0.0000000  0.0000000  0.0000000       .1E1 
 0.0000000  0.0000000  0.0000000 
 0.0000000  0.0000000  0.0000000  0.0000000  0.0000000  0.0000000  0.0000000 
      .1E1  0.0000000  0.0000000 
 0.0000000  0.0000000  0.0000000  0.0000000  0.0000000  0.0000000  0.0000000 
 0.0000000       .1E1  0.0000000 
 0.0000000  0.0000000  0.0000000  0.0000000  0.0000000  0.0000000  0.0000000 
 0.0000000  0.0000000       .1E1 

  0.131283E+05  0.201974E+04  0.478633E+03  0.155019E+03  0.579042E+02
  0.241400E+02  0.107894E+02  0.497298E+01  0.231607E+01  0.107906E+01
  0.491590E+00  0.204824E+00  0.792561E-01  0.289276E-01   0.98390E-02

 .37742E-4  0.0000000  0.0000000  0.0000000  0.0000000  0.0000000  0.0000000 
 0.0000000 
 .77036E-3  0.0000000  0.0000000  0.0000000  0.0000000  0.0000000  0.0000000 
 0.0000000 
  .7008E-2  0.0000000  0.0000000  0.0000000  0.0000000  0.0000000  0.0000000 
 0.0000000 
 .39027E-1  0.0000000  0.0000000  0.0000000  0.0000000  0.0000000  0.0000000 
 0.0000000 
  .16619E0  0.0000000  0.0000000  0.0000000  0.0000000  0.0000000  0.0000000 
 0.0000000 
      .5E0  0.0000000  0.0000000  0.0000000  0.0000000  0.0000000  0.0000000 
 0.0000000 
 0.0000000   .24883E0  0.0000000  0.0000000  0.0000000  0.0000000  0.0000000 
 0.0000000 
 0.0000000   .44168E0  0.0000000  0.0000000  0.0000000  0.0000000  0.0000000 
 0.0000000 
 0.0000000       .5E0  0.0000000  0.0000000  0.0000000  0.0000000  0.0000000 
 0.0000000 
 0.0000000  0.0000000       .1E1  0.0000000  0.0000000  0.0000000  0.0000000 
 0.0000000 
 0.0000000  0.0000000  0.0000000       .1E1  0.0000000  0.0000000  0.0000000 
 0.0000000 
 0.0000000  0.0000000  0.0000000  0.0000000       .1E1  0.0000000  0.0000000 
 0.0000000 
 0.0000000  0.0000000  0.0000000  0.0000000  0.0000000       .1E1  0.0000000 
 0.0000000 
 0.0000000  0.0000000  0.0000000  0.0000000  0.0000000  0.0000000       .1E1 
 0.0000000 
 0.0000000  0.0000000  0.0000000  0.0000000  0.0000000  0.0000000  0.0000000 
      .1E1 

         .84E2         .56E1        .147E1         .44E0         .16E0
   0.29520E-01

 1.0000000  0.0000000  0.0000000  0.0000000  0.0000000  0.0000000 
 0.0000000  1.0000000  0.0000000  0.0000000  0.0000000  0.0000000 
 0.0000000  0.0000000  1.0000000  0.0000000  0.0000000  0.0000000 
 0.0000000  0.0000000  0.0000000  1.0000000  0.0000000  0.0000000 
 0.0000000  0.0000000  0.0000000  0.0000000  1.0000000  0.0000000 
 0.0000000  0.0000000  0.0000000  0.0000000  0.0000000       .1E1 

        .192E2         .96E0         .32E0   0.39360E-01

 1.0000000  0.0000000  0.0000000  0.0000000 
 0.0000000  1.0000000  0.0000000  0.0000000 
 0.0000000  0.0000000  1.0000000  0.0000000 
 0.0000000  0.0000000  0.0000000       .1E1 

         .58E0   0.49200E-01

 1.0000000  0.0000000 
 0.0000000       .1E1 

SI:aug-pcJ-3
EMSL BASIS SET LIBRARY

  5
    0    1    2    3    4
   10    8    6    4    2
   20   15    6    4    2

  0.274202E+09  0.109681E+08  0.877445E+06  0.131448E+06  0.299289E+05
  0.848016E+04  0.276723E+04  0.999396E+03  0.390144E+03  0.161910E+03
  0.703042E+02  0.315787E+02  0.144804E+02  0.583828E+01  0.259465E+01
  0.112498E+01  0.353562E+00  0.161600E+00  0.672611E-01   0.26105E-01

 .30579E-6  0.0000000  0.0000000  0.0000000  0.0000000  0.0000000  0.0000000 
 0.0000000  0.0000000  0.0000000 
 .13723E-4  0.0000000  0.0000000  0.0000000  0.0000000  0.0000000  0.0000000 
 0.0000000  0.0000000  0.0000000 
 .24358E-3  0.0000000  0.0000000  0.0000000  0.0000000  0.0000000  0.0000000 
 0.0000000  0.0000000  0.0000000 
 .19872E-2  0.0000000  0.0000000  0.0000000  0.0000000  0.0000000  0.0000000 
 0.0000000  0.0000000  0.0000000 
 .10376E-1  0.0000000  0.0000000  0.0000000  0.0000000  0.0000000  0.0000000 
 0.0000000  0.0000000  0.0000000 
 .43724E-1  0.0000000  0.0000000  0.0000000  0.0000000  0.0000000  0.0000000 
 0.0000000  0.0000000  0.0000000 
  .15774E0  0.0000000  0.0000000  0.0000000  0.0000000  0.0000000  0.0000000 
 0.0000000  0.0000000  0.0000000 
      .5E0  0.0000000  0.0000000  0.0000000  0.0000000  0.0000000  0.0000000 
 0.0000000  0.0000000  0.0000000 
 0.0000000  .60197E-1  0.0000000  0.0000000  0.0000000  0.0000000  0.0000000 
 0.0000000  0.0000000  0.0000000 
 0.0000000   .15265E0  0.0000000  0.0000000  0.0000000  0.0000000  0.0000000 
 0.0000000  0.0000000  0.0000000 
 0.0000000   .31538E0  0.0000000  0.0000000  0.0000000  0.0000000  0.0000000 
 0.0000000  0.0000000  0.0000000 
 0.0000000       .5E0  0.0000000  0.0000000  0.0000000  0.0000000  0.0000000 
 0.0000000  0.0000000  0.0000000 
 0.0000000  0.0000000       .1E1  0.0000000  0.0000000  0.0000000  0.0000000 
 0.0000000  0.0000000  0.0000000 
 0.0000000  0.0000000  0.0000000       .1E1  0.0000000  0.0000000  0.0000000 
 0.0000000  0.0000000  0.0000000 
 0.0000000  0.0000000  0.0000000  0.0000000       .1E1  0.0000000  0.0000000 
 0.0000000  0.0000000  0.0000000 
 0.0000000  0.0000000  0.0000000  0.0000000  0.0000000       .1E1  0.0000000 
 0.0000000  0.0000000  0.0000000 
 0.0000000  0.0000000  0.0000000  0.0000000  0.0000000  0.0000000       .1E1 
 0.0000000  0.0000000  0.0000000 
 0.0000000  0.0000000  0.0000000  0.0000000  0.0000000  0.0000000  0.0000000 
      .1E1  0.0000000  0.0000000 
 0.0000000  0.0000000  0.0000000  0.0000000  0.0000000  0.0000000  0.0000000 
 0.0000000       .1E1  0.0000000 
 0.0000000  0.0000000  0.0000000  0.0000000  0.0000000  0.0000000  0.0000000 
 0.0000000  0.0000000       .1E1 

  0.149703E+05  0.230312E+04  0.545845E+03  0.177054E+03  0.663775E+02
  0.276011E+02  0.123430E+02  0.568939E+01  0.264060E+01  0.120944E+01
  0.520126E+00  0.232558E+00  0.981411E-01  0.383603E-01   0.14560E-01

 .37825E-4  0.0000000  0.0000000  0.0000000  0.0000000  0.0000000  0.0000000 
 0.0000000 
 .77004E-3  0.0000000  0.0000000  0.0000000  0.0000000  0.0000000  0.0000000 
 0.0000000 
 .70156E-2  0.0000000  0.0000000  0.0000000  0.0000000  0.0000000  0.0000000 
 0.0000000 
 .38813E-1  0.0000000  0.0000000  0.0000000  0.0000000  0.0000000  0.0000000 
 0.0000000 
  .16506E0  0.0000000  0.0000000  0.0000000  0.0000000  0.0000000  0.0000000 
 0.0000000 
      .5E0  0.0000000  0.0000000  0.0000000  0.0000000  0.0000000  0.0000000 
 0.0000000 
 0.0000000   .25871E0  0.0000000  0.0000000  0.0000000  0.0000000  0.0000000 
 0.0000000 
 0.0000000    .4555E0  0.0000000  0.0000000  0.0000000  0.0000000  0.0000000 
 0.0000000 
 0.0000000       .5E0  0.0000000  0.0000000  0.0000000  0.0000000  0.0000000 
 0.0000000 
 0.0000000  0.0000000       .1E1  0.0000000  0.0000000  0.0000000  0.0000000 
 0.0000000 
 0.0000000  0.0000000  0.0000000       .1E1  0.0000000  0.0000000  0.0000000 
 0.0000000 
 0.0000000  0.0000000  0.0000000  0.0000000       .1E1  0.0000000  0.0000000 
 0.0000000 
 0.0000000  0.0000000  0.0000000  0.0000000  0.0000000       .1E1  0.0000000 
 0.0000000 
 0.0000000  0.0000000  0.0000000  0.0000000  0.0000000  0.0000000       .1E1 
 0.0000000 
 0.0000000  0.0000000  0.0000000  0.0000000  0.0000000  0.0000000  0.0000000 
      .1E1 

        .999E2        .666E1        .175E1         .52E0         .19E0
   0.43680E-01

 1.0000000  0.0000000  0.0000000  0.0000000  0.0000000  0.0000000 
 0.0000000  1.0000000  0.0000000  0.0000000  0.0000000  0.0000000 
 0.0000000  0.0000000  1.0000000  0.0000000  0.0000000  0.0000000 
 0.0000000  0.0000000  0.0000000  1.0000000  0.0000000  0.0000000 
 0.0000000  0.0000000  0.0000000  0.0000000  1.0000000  0.0000000 
 0.0000000  0.0000000  0.0000000  0.0000000  0.0000000       .1E1 

         .23E2        .115E1         .38E0   0.58240E-01

 1.0000000  0.0000000  0.0000000  0.0000000 
 0.0000000  1.0000000  0.0000000  0.0000000 
 0.0000000  0.0000000  1.0000000  0.0000000 
 0.0000000  0.0000000  0.0000000       .1E1 

         .65E0   0.72800E-01

 1.0000000  0.0000000 
 0.0000000       .1E1 

P:aug-pcJ-3
EMSL BASIS SET LIBRARY

  5
    0    1    2    3    4
   10    8    6    4    2
   20   15    6    4    2

  0.332403E+09  0.132961E+08  0.106369E+07  0.160001E+06  0.365133E+05
  0.103592E+05  0.338283E+04  0.122229E+04  0.477305E+03  0.198087E+03
  0.859940E+02  0.386272E+02  0.176880E+02  0.725513E+01  0.326989E+01
  0.143127E+01  0.470467E+00  0.212895E+00  0.877424E-01   0.33408E-01

 .30803E-6  0.0000000  0.0000000  0.0000000  0.0000000  0.0000000  0.0000000 
 0.0000000  0.0000000  0.0000000 
  .1385E-4  0.0000000  0.0000000  0.0000000  0.0000000  0.0000000  0.0000000 
 0.0000000  0.0000000  0.0000000 
 .24509E-3  0.0000000  0.0000000  0.0000000  0.0000000  0.0000000  0.0000000 
 0.0000000  0.0000000  0.0000000 
 .19897E-2  0.0000000  0.0000000  0.0000000  0.0000000  0.0000000  0.0000000 
 0.0000000  0.0000000  0.0000000 
 .10365E-1  0.0000000  0.0000000  0.0000000  0.0000000  0.0000000  0.0000000 
 0.0000000  0.0000000  0.0000000 
 .43645E-1  0.0000000  0.0000000  0.0000000  0.0000000  0.0000000  0.0000000 
 0.0000000  0.0000000  0.0000000 
  .15745E0  0.0000000  0.0000000  0.0000000  0.0000000  0.0000000  0.0000000 
 0.0000000  0.0000000  0.0000000 
      .5E0  0.0000000  0.0000000  0.0000000  0.0000000  0.0000000  0.0000000 
 0.0000000  0.0000000  0.0000000 
 0.0000000  .57059E-1  0.0000000  0.0000000  0.0000000  0.0000000  0.0000000 
 0.0000000  0.0000000  0.0000000 
 0.0000000   .14572E0  0.0000000  0.0000000  0.0000000  0.0000000  0.0000000 
 0.0000000  0.0000000  0.0000000 
 0.0000000   .30707E0  0.0000000  0.0000000  0.0000000  0.0000000  0.0000000 
 0.0000000  0.0000000  0.0000000 
 0.0000000       .5E0  0.0000000  0.0000000  0.0000000  0.0000000  0.0000000 
 0.0000000  0.0000000  0.0000000 
 0.0000000  0.0000000       .1E1  0.0000000  0.0000000  0.0000000  0.0000000 
 0.0000000  0.0000000  0.0000000 
 0.0000000  0.0000000  0.0000000       .1E1  0.0000000  0.0000000  0.0000000 
 0.0000000  0.0000000  0.0000000 
 0.0000000  0.0000000  0.0000000  0.0000000       .1E1  0.0000000  0.0000000 
 0.0000000  0.0000000  0.0000000 
 0.0000000  0.0000000  0.0000000  0.0000000  0.0000000       .1E1  0.0000000 
 0.0000000  0.0000000  0.0000000 
 0.0000000  0.0000000  0.0000000  0.0000000  0.0000000  0.0000000       .1E1 
 0.0000000  0.0000000  0.0000000 
 0.0000000  0.0000000  0.0000000  0.0000000  0.0000000  0.0000000  0.0000000 
      .1E1  0.0000000  0.0000000 
 0.0000000  0.0000000  0.0000000  0.0000000  0.0000000  0.0000000  0.0000000 
 0.0000000       .1E1  0.0000000 
 0.0000000  0.0000000  0.0000000  0.0000000  0.0000000  0.0000000  0.0000000 
 0.0000000  0.0000000       .1E1 

  0.179542E+05  0.276218E+04  0.654784E+03  0.212581E+03  0.798946E+02
  0.333660E+02  0.149865E+02  0.696804E+01  0.328178E+01  0.152471E+01
  0.669237E+00  0.299291E+00  0.128110E+00  0.509917E-01   0.18800E-01

 .37352E-4  0.0000000  0.0000000  0.0000000  0.0000000  0.0000000  0.0000000 
 0.0000000 
 .76074E-3  0.0000000  0.0000000  0.0000000  0.0000000  0.0000000  0.0000000 
 0.0000000 
 .69359E-2  0.0000000  0.0000000  0.0000000  0.0000000  0.0000000  0.0000000 
 0.0000000 
  .3847E-1  0.0000000  0.0000000  0.0000000  0.0000000  0.0000000  0.0000000 
 0.0000000 
  .16386E0  0.0000000  0.0000000  0.0000000  0.0000000  0.0000000  0.0000000 
 0.0000000 
      .5E0  0.0000000  0.0000000  0.0000000  0.0000000  0.0000000  0.0000000 
 0.0000000 
 0.0000000   .25437E0  0.0000000  0.0000000  0.0000000  0.0000000  0.0000000 
 0.0000000 
 0.0000000   .45316E0  0.0000000  0.0000000  0.0000000  0.0000000  0.0000000 
 0.0000000 
 0.0000000       .5E0  0.0000000  0.0000000  0.0000000  0.0000000  0.0000000 
 0.0000000 
 0.0000000  0.0000000       .1E1  0.0000000  0.0000000  0.0000000  0.0000000 
 0.0000000 
 0.0000000  0.0000000  0.0000000       .1E1  0.0000000  0.0000000  0.0000000 
 0.0000000 
 0.0000000  0.0000000  0.0000000  0.0000000       .1E1  0.0000000  0.0000000 
 0.0000000 
 0.0000000  0.0000000  0.0000000  0.0000000  0.0000000       .1E1  0.0000000 
 0.0000000 
 0.0000000  0.0000000  0.0000000  0.0000000  0.0000000  0.0000000       .1E1 
 0.0000000 
 0.0000000  0.0000000  0.0000000  0.0000000  0.0000000  0.0000000  0.0000000 
      .1E1 

      .11565E3        .771E1        .203E1          .6E0         .22E0
   0.56399E-01

 1.0000000  0.0000000  0.0000000  0.0000000  0.0000000  0.0000000 
 0.0000000  1.0000000  0.0000000  0.0000000  0.0000000  0.0000000 
 0.0000000  0.0000000  1.0000000  0.0000000  0.0000000  0.0000000 
 0.0000000  0.0000000  0.0000000  1.0000000  0.0000000  0.0000000 
 0.0000000  0.0000000  0.0000000  0.0000000  1.0000000  0.0000000 
 0.0000000  0.0000000  0.0000000  0.0000000  0.0000000       .1E1 

        .268E2        .134E1         .45E0   0.75199E-01

 1.0000000  0.0000000  0.0000000  0.0000000 
 0.0000000  1.0000000  0.0000000  0.0000000 
 0.0000000  0.0000000  1.0000000  0.0000000 
 0.0000000  0.0000000  0.0000000       .1E1 

         .72E0   0.93999E-01

 1.0000000  0.0000000 
 0.0000000       .1E1 

S:aug-pcJ-3
EMSL BASIS SET LIBRARY

  5
    0    1    2    3    4
   10    8    6    4    2
   20   15    6    4    2

  0.390761E+09  0.156305E+08  0.125044E+07  0.188077E+06  0.429181E+05
  0.121790E+05  0.397874E+04  0.143814E+04  0.561672E+03  0.233113E+03
  0.101218E+03  0.454926E+02  0.208467E+02  0.864916E+01  0.394558E+01
  0.174718E+01  0.599527E+00  0.271272E+00  0.110799E+00   0.41837E-01

 .30756E-6  0.0000000  0.0000000  0.0000000  0.0000000  0.0000000  0.0000000 
 0.0000000  0.0000000  0.0000000 
 .13841E-4  0.0000000  0.0000000  0.0000000  0.0000000  0.0000000  0.0000000 
 0.0000000  0.0000000  0.0000000 
 .24501E-3  0.0000000  0.0000000  0.0000000  0.0000000  0.0000000  0.0000000 
 0.0000000  0.0000000  0.0000000 
 .19894E-2  0.0000000  0.0000000  0.0000000  0.0000000  0.0000000  0.0000000 
 0.0000000  0.0000000  0.0000000 
 .10362E-1  0.0000000  0.0000000  0.0000000  0.0000000  0.0000000  0.0000000 
 0.0000000  0.0000000  0.0000000 
 .43619E-1  0.0000000  0.0000000  0.0000000  0.0000000  0.0000000  0.0000000 
 0.0000000  0.0000000  0.0000000 
  .15732E0  0.0000000  0.0000000  0.0000000  0.0000000  0.0000000  0.0000000 
 0.0000000  0.0000000  0.0000000 
      .5E0  0.0000000  0.0000000  0.0000000  0.0000000  0.0000000  0.0000000 
 0.0000000  0.0000000  0.0000000 
 0.0000000  .55513E-1  0.0000000  0.0000000  0.0000000  0.0000000  0.0000000 
 0.0000000  0.0000000  0.0000000 
 0.0000000   .14229E0  0.0000000  0.0000000  0.0000000  0.0000000  0.0000000 
 0.0000000  0.0000000  0.0000000 
 0.0000000   .30294E0  0.0000000  0.0000000  0.0000000  0.0000000  0.0000000 
 0.0000000  0.0000000  0.0000000 
 0.0000000       .5E0  0.0000000  0.0000000  0.0000000  0.0000000  0.0000000 
 0.0000000  0.0000000  0.0000000 
 0.0000000  0.0000000       .1E1  0.0000000  0.0000000  0.0000000  0.0000000 
 0.0000000  0.0000000  0.0000000 
 0.0000000  0.0000000  0.0000000       .1E1  0.0000000  0.0000000  0.0000000 
 0.0000000  0.0000000  0.0000000 
 0.0000000  0.0000000  0.0000000  0.0000000       .1E1  0.0000000  0.0000000 
 0.0000000  0.0000000  0.0000000 
 0.0000000  0.0000000  0.0000000  0.0000000  0.0000000       .1E1  0.0000000 
 0.0000000  0.0000000  0.0000000 
 0.0000000  0.0000000  0.0000000  0.0000000  0.0000000  0.0000000       .1E1 
 0.0000000  0.0000000  0.0000000 
 0.0000000  0.0000000  0.0000000  0.0000000  0.0000000  0.0000000  0.0000000 
      .1E1  0.0000000  0.0000000 
 0.0000000  0.0000000  0.0000000  0.0000000  0.0000000  0.0000000  0.0000000 
 0.0000000       .1E1  0.0000000 
 0.0000000  0.0000000  0.0000000  0.0000000  0.0000000  0.0000000  0.0000000 
 0.0000000  0.0000000       .1E1 

  0.213577E+05  0.328580E+04  0.778928E+03  0.252759E+03  0.950996E+02
  0.398205E+02  0.179253E+02  0.836991E+01  0.396547E+01  0.185395E+01
  0.819709E+00  0.361168E+00  0.150974E+00  0.596196E-01   0.21820E-01

 .36642E-4  0.0000000  0.0000000  0.0000000  0.0000000  0.0000000  0.0000000 
 0.0000000 
 .74609E-3  0.0000000  0.0000000  0.0000000  0.0000000  0.0000000  0.0000000 
 0.0000000 
 .68155E-2  0.0000000  0.0000000  0.0000000  0.0000000  0.0000000  0.0000000 
 0.0000000 
 .37998E-1  0.0000000  0.0000000  0.0000000  0.0000000  0.0000000  0.0000000 
 0.0000000 
  .16233E0  0.0000000  0.0000000  0.0000000  0.0000000  0.0000000  0.0000000 
 0.0000000 
      .5E0  0.0000000  0.0000000  0.0000000  0.0000000  0.0000000  0.0000000 
 0.0000000 
 0.0000000   .24486E0  0.0000000  0.0000000  0.0000000  0.0000000  0.0000000 
 0.0000000 
 0.0000000   .43942E0  0.0000000  0.0000000  0.0000000  0.0000000  0.0000000 
 0.0000000 
 0.0000000       .5E0  0.0000000  0.0000000  0.0000000  0.0000000  0.0000000 
 0.0000000 
 0.0000000  0.0000000       .1E1  0.0000000  0.0000000  0.0000000  0.0000000 
 0.0000000 
 0.0000000  0.0000000  0.0000000       .1E1  0.0000000  0.0000000  0.0000000 
 0.0000000 
 0.0000000  0.0000000  0.0000000  0.0000000       .1E1  0.0000000  0.0000000 
 0.0000000 
 0.0000000  0.0000000  0.0000000  0.0000000  0.0000000       .1E1  0.0000000 
 0.0000000 
 0.0000000  0.0000000  0.0000000  0.0000000  0.0000000  0.0000000       .1E1 
 0.0000000 
 0.0000000  0.0000000  0.0000000  0.0000000  0.0000000  0.0000000  0.0000000 
      .1E1 

       .1314E3        .876E1         .23E1         .68E0         .25E0
   0.65461E-01

 1.0000000  0.0000000  0.0000000  0.0000000  0.0000000  0.0000000 
 0.0000000  1.0000000  0.0000000  0.0000000  0.0000000  0.0000000 
 0.0000000  0.0000000  1.0000000  0.0000000  0.0000000  0.0000000 
 0.0000000  0.0000000  0.0000000  1.0000000  0.0000000  0.0000000 
 0.0000000  0.0000000  0.0000000  0.0000000  1.0000000  0.0000000 
 0.0000000  0.0000000  0.0000000  0.0000000  0.0000000       .1E1 

        .306E2        .153E1         .51E0   0.87282E-01

 1.0000000  0.0000000  0.0000000  0.0000000 
 0.0000000  1.0000000  0.0000000  0.0000000 
 0.0000000  0.0000000  1.0000000  0.0000000 
 0.0000000  0.0000000  0.0000000       .1E1 

         .79E0   0.10910E+00

 1.0000000  0.0000000 
 0.0000000       .1E1 

CL:aug-pcJ-3
EMSL BASIS SET LIBRARY

  5
    0    1    2    3    4
   10    8    6    4    2
   20   15    6    4    2

  0.456590E+09  0.182636E+08  0.146109E+07  0.219593E+06  0.500849E+05
  0.142058E+05  0.463895E+04  0.167635E+04  0.654515E+03  0.271526E+03
  0.117867E+03  0.529838E+02  0.242916E+02  0.101841E+02  0.469284E+01
  0.209736E+01  0.748674E+00  0.336135E+00  0.135729E+00   0.50711E-01

 .30589E-6  0.0000000  0.0000000  0.0000000  0.0000000  0.0000000  0.0000000 
 0.0000000  0.0000000  0.0000000 
 .13766E-4  0.0000000  0.0000000  0.0000000  0.0000000  0.0000000  0.0000000 
 0.0000000  0.0000000  0.0000000 
 .24394E-3  0.0000000  0.0000000  0.0000000  0.0000000  0.0000000  0.0000000 
 0.0000000  0.0000000  0.0000000 
 .19825E-2  0.0000000  0.0000000  0.0000000  0.0000000  0.0000000  0.0000000 
 0.0000000  0.0000000  0.0000000 
 .10333E-1  0.0000000  0.0000000  0.0000000  0.0000000  0.0000000  0.0000000 
 0.0000000  0.0000000  0.0000000 
 .43533E-1  0.0000000  0.0000000  0.0000000  0.0000000  0.0000000  0.0000000 
 0.0000000  0.0000000  0.0000000 
  .15712E0  0.0000000  0.0000000  0.0000000  0.0000000  0.0000000  0.0000000 
 0.0000000  0.0000000  0.0000000 
      .5E0  0.0000000  0.0000000  0.0000000  0.0000000  0.0000000  0.0000000 
 0.0000000  0.0000000  0.0000000 
 0.0000000  .54094E-1  0.0000000  0.0000000  0.0000000  0.0000000  0.0000000 
 0.0000000  0.0000000  0.0000000 
 0.0000000   .13921E0  0.0000000  0.0000000  0.0000000  0.0000000  0.0000000 
 0.0000000  0.0000000  0.0000000 
 0.0000000   .29917E0  0.0000000  0.0000000  0.0000000  0.0000000  0.0000000 
 0.0000000  0.0000000  0.0000000 
 0.0000000       .5E0  0.0000000  0.0000000  0.0000000  0.0000000  0.0000000 
 0.0000000  0.0000000  0.0000000 
 0.0000000  0.0000000       .1E1  0.0000000  0.0000000  0.0000000  0.0000000 
 0.0000000  0.0000000  0.0000000 
 0.0000000  0.0000000  0.0000000       .1E1  0.0000000  0.0000000  0.0000000 
 0.0000000  0.0000000  0.0000000 
 0.0000000  0.0000000  0.0000000  0.0000000       .1E1  0.0000000  0.0000000 
 0.0000000  0.0000000  0.0000000 
 0.0000000  0.0000000  0.0000000  0.0000000  0.0000000       .1E1  0.0000000 
 0.0000000  0.0000000  0.0000000 
 0.0000000  0.0000000  0.0000000  0.0000000  0.0000000  0.0000000       .1E1 
 0.0000000  0.0000000  0.0000000 
 0.0000000  0.0000000  0.0000000  0.0000000  0.0000000  0.0000000  0.0000000 
      .1E1  0.0000000  0.0000000 
 0.0000000  0.0000000  0.0000000  0.0000000  0.0000000  0.0000000  0.0000000 
 0.0000000       .1E1  0.0000000 
 0.0000000  0.0000000  0.0000000  0.0000000  0.0000000  0.0000000  0.0000000 
 0.0000000  0.0000000       .1E1 

  0.249969E+05  0.384568E+04  0.911226E+03  0.295641E+03  0.111403E+03
  0.467674E+02  0.211061E+02  0.990577E+01  0.473468E+01  0.223643E+01
  0.100711E+01  0.443689E+00  0.184880E+00  0.732679E-01   0.26904E-01

 .36127E-4  0.0000000  0.0000000  0.0000000  0.0000000  0.0000000  0.0000000 
 0.0000000 
 .73611E-3  0.0000000  0.0000000  0.0000000  0.0000000  0.0000000  0.0000000 
 0.0000000 
 .67384E-2  0.0000000  0.0000000  0.0000000  0.0000000  0.0000000  0.0000000 
 0.0000000 
 .37682E-1  0.0000000  0.0000000  0.0000000  0.0000000  0.0000000  0.0000000 
 0.0000000 
   .1612E0  0.0000000  0.0000000  0.0000000  0.0000000  0.0000000  0.0000000 
 0.0000000 
      .5E0  0.0000000  0.0000000  0.0000000  0.0000000  0.0000000  0.0000000 
 0.0000000 
 0.0000000   .23989E0  0.0000000  0.0000000  0.0000000  0.0000000  0.0000000 
 0.0000000 
 0.0000000   .43396E0  0.0000000  0.0000000  0.0000000  0.0000000  0.0000000 
 0.0000000 
 0.0000000       .5E0  0.0000000  0.0000000  0.0000000  0.0000000  0.0000000 
 0.0000000 
 0.0000000  0.0000000       .1E1  0.0000000  0.0000000  0.0000000  0.0000000 
 0.0000000 
 0.0000000  0.0000000  0.0000000       .1E1  0.0000000  0.0000000  0.0000000 
 0.0000000 
 0.0000000  0.0000000  0.0000000  0.0000000       .1E1  0.0000000  0.0000000 
 0.0000000 
 0.0000000  0.0000000  0.0000000  0.0000000  0.0000000       .1E1  0.0000000 
 0.0000000 
 0.0000000  0.0000000  0.0000000  0.0000000  0.0000000  0.0000000       .1E1 
 0.0000000 
 0.0000000  0.0000000  0.0000000  0.0000000  0.0000000  0.0000000  0.0000000 
      .1E1 

      .14715E3        .981E1        .258E1         .76E0         .28E0
   0.80711E-01

 1.0000000  0.0000000  0.0000000  0.0000000  0.0000000  0.0000000 
 0.0000000  1.0000000  0.0000000  0.0000000  0.0000000  0.0000000 
 0.0000000  0.0000000  1.0000000  0.0000000  0.0000000  0.0000000 
 0.0000000  0.0000000  0.0000000  1.0000000  0.0000000  0.0000000 
 0.0000000  0.0000000  0.0000000  0.0000000  1.0000000  0.0000000 
 0.0000000  0.0000000  0.0000000  0.0000000  0.0000000       .1E1 

        .344E2        .172E1         .57E0   0.10761E+00

 1.0000000  0.0000000  0.0000000  0.0000000 
 0.0000000  1.0000000  0.0000000  0.0000000 
 0.0000000  0.0000000  1.0000000  0.0000000 
 0.0000000  0.0000000  0.0000000       .1E1 

         .86E0   0.13452E+00

 1.0000000  0.0000000 
 0.0000000       .1E1 

AR:aug-pcJ-3
EMSL BASIS SET LIBRARY

  5
    0    1    2    3    4
   10    8    6    4    2
   20   15    6    4    2

  0.531924E+09  0.212770E+08  0.170216E+07  0.254909E+06  0.580115E+05
  0.164313E+05  0.536050E+04  0.193540E+04  0.755086E+03  0.313082E+03
  0.135883E+03  0.610919E+02  0.280236E+02  0.118596E+02  0.551166E+01
  0.248217E+01  0.917608E+00  0.407031E+00  0.162384E+00   0.59990E-01

 .30281E-6  0.0000000  0.0000000  0.0000000  0.0000000  0.0000000  0.0000000 
 0.0000000  0.0000000  0.0000000 
 .13576E-4  0.0000000  0.0000000  0.0000000  0.0000000  0.0000000  0.0000000 
 0.0000000  0.0000000  0.0000000 
 .24105E-3  0.0000000  0.0000000  0.0000000  0.0000000  0.0000000  0.0000000 
 0.0000000  0.0000000  0.0000000 
 .19679E-2  0.0000000  0.0000000  0.0000000  0.0000000  0.0000000  0.0000000 
 0.0000000  0.0000000  0.0000000 
 .10282E-1  0.0000000  0.0000000  0.0000000  0.0000000  0.0000000  0.0000000 
 0.0000000  0.0000000  0.0000000 
 .43381E-1  0.0000000  0.0000000  0.0000000  0.0000000  0.0000000  0.0000000 
 0.0000000  0.0000000  0.0000000 
  .15679E0  0.0000000  0.0000000  0.0000000  0.0000000  0.0000000  0.0000000 
 0.0000000  0.0000000  0.0000000 
      .5E0  0.0000000  0.0000000  0.0000000  0.0000000  0.0000000  0.0000000 
 0.0000000  0.0000000  0.0000000 
 0.0000000  .52883E-1  0.0000000  0.0000000  0.0000000  0.0000000  0.0000000 
 0.0000000  0.0000000  0.0000000 
 0.0000000   .13654E0  0.0000000  0.0000000  0.0000000  0.0000000  0.0000000 
 0.0000000  0.0000000  0.0000000 
 0.0000000    .2958E0  0.0000000  0.0000000  0.0000000  0.0000000  0.0000000 
 0.0000000  0.0000000  0.0000000 
 0.0000000       .5E0  0.0000000  0.0000000  0.0000000  0.0000000  0.0000000 
 0.0000000  0.0000000  0.0000000 
 0.0000000  0.0000000       .1E1  0.0000000  0.0000000  0.0000000  0.0000000 
 0.0000000  0.0000000  0.0000000 
 0.0000000  0.0000000  0.0000000       .1E1  0.0000000  0.0000000  0.0000000 
 0.0000000  0.0000000  0.0000000 
 0.0000000  0.0000000  0.0000000  0.0000000       .1E1  0.0000000  0.0000000 
 0.0000000  0.0000000  0.0000000 
 0.0000000  0.0000000  0.0000000  0.0000000  0.0000000       .1E1  0.0000000 
 0.0000000  0.0000000  0.0000000 
 0.0000000  0.0000000  0.0000000  0.0000000  0.0000000  0.0000000       .1E1 
 0.0000000  0.0000000  0.0000000 
 0.0000000  0.0000000  0.0000000  0.0000000  0.0000000  0.0000000  0.0000000 
      .1E1  0.0000000  0.0000000 
 0.0000000  0.0000000  0.0000000  0.0000000  0.0000000  0.0000000  0.0000000 
 0.0000000       .1E1  0.0000000 
 0.0000000  0.0000000  0.0000000  0.0000000  0.0000000  0.0000000  0.0000000 
 0.0000000  0.0000000       .1E1 

  0.287006E+05  0.441547E+04  0.104630E+04  0.339536E+03  0.128103E+03
  0.538230E+02  0.243068E+02  0.114402E+02  0.551320E+01  0.263306E+01
  0.121091E+01  0.534114E+00  0.223141E+00  0.887920E-01   0.32730E-01

 .35726E-4  0.0000000  0.0000000  0.0000000  0.0000000  0.0000000  0.0000000 
 0.0000000 
 .72774E-3  0.0000000  0.0000000  0.0000000  0.0000000  0.0000000  0.0000000 
 0.0000000 
 .66677E-2  0.0000000  0.0000000  0.0000000  0.0000000  0.0000000  0.0000000 
 0.0000000 
 .37338E-1  0.0000000  0.0000000  0.0000000  0.0000000  0.0000000  0.0000000 
 0.0000000 
     .16E0  0.0000000  0.0000000  0.0000000  0.0000000  0.0000000  0.0000000 
 0.0000000 
      .5E0  0.0000000  0.0000000  0.0000000  0.0000000  0.0000000  0.0000000 
 0.0000000 
 0.0000000   .24071E0  0.0000000  0.0000000  0.0000000  0.0000000  0.0000000 
 0.0000000 
 0.0000000   .43696E0  0.0000000  0.0000000  0.0000000  0.0000000  0.0000000 
 0.0000000 
 0.0000000       .5E0  0.0000000  0.0000000  0.0000000  0.0000000  0.0000000 
 0.0000000 
 0.0000000  0.0000000       .1E1  0.0000000  0.0000000  0.0000000  0.0000000 
 0.0000000 
 0.0000000  0.0000000  0.0000000       .1E1  0.0000000  0.0000000  0.0000000 
 0.0000000 
 0.0000000  0.0000000  0.0000000  0.0000000       .1E1  0.0000000  0.0000000 
 0.0000000 
 0.0000000  0.0000000  0.0000000  0.0000000  0.0000000       .1E1  0.0000000 
 0.0000000 
 0.0000000  0.0000000  0.0000000  0.0000000  0.0000000  0.0000000       .1E1 
 0.0000000 
 0.0000000  0.0000000  0.0000000  0.0000000  0.0000000  0.0000000  0.0000000 
      .1E1 

       .1629E3       .1086E2        .286E1         .84E0         .31E0
   0.98190E-01

 1.0000000  0.0000000  0.0000000  0.0000000  0.0000000  0.0000000 
 0.0000000  1.0000000  0.0000000  0.0000000  0.0000000  0.0000000 
 0.0000000  0.0000000  1.0000000  0.0000000  0.0000000  0.0000000 
 0.0000000  0.0000000  0.0000000  1.0000000  0.0000000  0.0000000 
 0.0000000  0.0000000  0.0000000  0.0000000  1.0000000  0.0000000 
 0.0000000  0.0000000  0.0000000  0.0000000  0.0000000       .1E1 

        .382E2        .191E1         .63E0   0.13090E+00

 1.0000000  0.0000000  0.0000000  0.0000000 
 0.0000000  1.0000000  0.0000000  0.0000000 
 0.0000000  0.0000000  1.0000000  0.0000000 
 0.0000000  0.0000000  0.0000000       .1E1 

         .93E0   0.16360E+00

 1.0000000  0.0000000 
 0.0000000       .1E1 




