!  aug-mcc-pV6Z  EMSL  Basis Set Exchange Library   3/18/13 9:52 PM
! Elements                             References
! --------                             ---------
! H    : S.L. Mielke, B.C. Garrett and K.A. Peterson, J. Chem. Phys. 111, 3806
! (1999).
! 



H:aug-mcc-pV6Z
EMSL BASIS SET LIBRARY

  6
    0    1    2    3    4    5
    7    6    5    4    3    2
   14    6    5    4    3    2

   402.0000000    60.2400000    13.7300000     3.9050000     1.2830000
     0.4655000     0.1811000     0.0727900     2.6799000     1.0787000
     0.4342000     0.1748000     0.0704000     0.0169000

 0.0002790  0.0000000  0.0000000  0.0000000  0.0000000  0.0000000  0.0000000 
 0.0021650  0.0000000  0.0000000  0.0000000  0.0000000  0.0000000  0.0000000 
 0.0112010  0.0000000  0.0000000  0.0000000  0.0000000  0.0000000  0.0000000 
 0.0448780  0.0000000  0.0000000  0.0000000  0.0000000  0.0000000  0.0000000 
 0.1422990  0.0000000  0.0000000  0.0000000  0.0000000  0.0000000  0.0000000 
 0.3309790  0.0000000  0.0000000  0.0000000  0.0000000  0.0000000  0.0000000 
 0.4362690  0.0000000  0.0000000  0.0000000  0.0000000  0.0000000  0.0000000 
 0.1764400  0.0000000  0.0000000  0.0000000  0.0000000  0.0000000  0.0000000 
 0.0000000  1.0000000  0.0000000  0.0000000  0.0000000  0.0000000  0.0000000 
 0.0000000  0.0000000  1.0000000  0.0000000  0.0000000  0.0000000  0.0000000 
 0.0000000  0.0000000  0.0000000  1.0000000  0.0000000  0.0000000  0.0000000 
 0.0000000  0.0000000  0.0000000  0.0000000  1.0000000  0.0000000  0.0000000 
 0.0000000  0.0000000  0.0000000  0.0000000  0.0000000  1.0000000  0.0000000 
 0.0000000  0.0000000  0.0000000  0.0000000  0.0000000  0.0000000  1.0000000 

     8.4339000     3.3502000     1.3308000     0.5286000     0.2100000
     0.0659000

 1.0000000  0.0000000  0.0000000  0.0000000  0.0000000  0.0000000 
 0.0000000  1.0000000  0.0000000  0.0000000  0.0000000  0.0000000 
 0.0000000  0.0000000  1.0000000  0.0000000  0.0000000  0.0000000 
 0.0000000  0.0000000  0.0000000  1.0000000  0.0000000  0.0000000 
 0.0000000  0.0000000  0.0000000  0.0000000  1.0000000  0.0000000 
 0.0000000  0.0000000  0.0000000  0.0000000  0.0000000  1.0000000 

     4.3376000     1.9050000     0.8367000     0.3675000     0.1240000

 1.0000000  0.0000000  0.0000000  0.0000000  0.0000000 
 0.0000000  1.0000000  0.0000000  0.0000000  0.0000000 
 0.0000000  0.0000000  1.0000000  0.0000000  0.0000000 
 0.0000000  0.0000000  0.0000000  1.0000000  0.0000000 
 0.0000000  0.0000000  0.0000000  0.0000000  1.0000000 

     3.8943000     1.7087000     0.7497000     0.2394000

 1.0000000  0.0000000  0.0000000  0.0000000 
 0.0000000  1.0000000  0.0000000  0.0000000 
 0.0000000  0.0000000  1.0000000  0.0000000 
 0.0000000  0.0000000  0.0000000  1.0000000 

     3.6343000     1.5186000     0.4378000

 1.0000000  0.0000000  0.0000000 
 0.0000000  1.0000000  0.0000000 
 0.0000000  0.0000000  1.0000000 

     2.2538000     0.6399000

 1.0000000  0.0000000 
 0.0000000  1.0000000 




