!  aug-pcS-1  EMSL  Basis Set Exchange Library   3/18/13 10:01 PM
! Elements                             References
! --------                             ----------
! H He Li Be B C N O F Ne Na Mg Al Si P S Cl Ar: Frank Jensen, The Basis Set Convergence of Nuclear Magnetic Shielding Constants Calculated by Density Functional Methods., J. Chem. Theo. Comp. 4, 719 (2008).
! 



H:aug-pcS-1
EMSL BASIS SET LIBRARY

  2
    0    1
    3    2
    5    3

  0.122519E+02  0.186872E+01  0.418210E+00  0.106100E+00  0.256280E-01

 .22983E-1       .0E0       .0E0 
  .15685E0       .0E0       .0E0 
      .5E0       .0E0       .0E0 
      .0E0       .1E1       .0E0 
      .0E0       .0E0       .1E1 

  0.900000E+01  0.100000E+01  0.768840E-01

 .20378E-1       .0E0 
      .5E0       .0E0 
      .0E0       .1E1 

HE:aug-pcS-1
EMSL BASIS SET LIBRARY

  2
    0    1
    3    2
    5    3

  0.368653E+02  0.558019E+01  0.119170E+01  0.268924E+00  0.580700E-01

  .2756E-1       .0E0       .0E0 
  .17861E0       .0E0       .0E0 
      .5E0       .0E0       .0E0 
      .0E0       .1E1       .0E0 
      .0E0       .0E0       .1E1 

  0.130500E+02  0.145000E+01  0.174200E+00

 .27682E-1       .0E0 
      .5E0       .0E0 
      .0E0       .1E1 

LI:aug-pcS-1
EMSL BASIS SET LIBRARY

  2
    0    1
    4    4
    8    5

  0.266428E+03  0.401604E+02  0.910819E+01  0.245430E+01  0.696259E+00
  0.837261E-01  0.308266E-01  0.105700E-01

  .6994E-2       .0E0       .0E0       .0E0 
 .50809E-1  .14566E-3       .0E0       .0E0 
   .2177E0 -.29584E-2       .0E0       .0E0 
      .5E0 -.12824E-1       .0E0       .0E0 
  .41615E0 -.89353E-1       .0E0       .0E0 
      .0E0       .5E0       .0E0       .0E0 
      .0E0       .0E0       .1E1       .0E0 
      .0E0       .0E0       .0E0       .1E1 

  0.105300E+02  0.162000E+01  0.320000E+00  0.900000E-01  0.317100E-01

 .35433E-1       .0E0       .0E0       .0E0 
      .5E0       .0E0       .0E0       .0E0 
      .0E0       .1E1       .0E0       .0E0 
      .0E0       .0E0       .1E1       .0E0 
      .0E0       .0E0       .0E0       .1E1 

BE:aug-pcS-1
EMSL BASIS SET LIBRARY

  2
    0    1
    4    4
    8    5

  0.514895E+03  0.775583E+02  0.176095E+02  0.480798E+01  0.140850E+01
  0.190689E+00  0.611249E-01  0.184100E-01

 .63979E-2       .0E0       .0E0       .0E0 
  .4711E-1   .6851E-5       .0E0       .0E0 
  .20393E0 -.28835E-2       .0E0       .0E0 
      .5E0 -.19859E-1       .0E0       .0E0 
  .42947E0 -.86522E-1       .0E0       .0E0 
      .0E0       .5E0       .0E0       .0E0 
      .0E0       .0E0       .1E1       .0E0 
      .0E0       .0E0       .0E0       .1E1 

  0.222300E+02  0.342000E+01  0.680000E+00  0.190000E+00  0.552300E-01

  .3484E-1       .0E0       .0E0       .0E0 
      .5E0       .0E0       .0E0       .0E0 
      .0E0       .1E1       .0E0       .0E0 
      .0E0       .0E0       .1E1       .0E0 
      .0E0       .0E0       .0E0       .1E1 

B:aug-pcS-1
EMSL BASIS SET LIBRARY

  3
    0    1    2
    4    4    2
    8    6    2

  0.843975E+03  0.127077E+03  0.288624E+02  0.792974E+01  0.236371E+01
  0.346703E+00  0.105954E+00  0.305200E-01

 .61013E-2       .0E0       .0E0       .0E0 
  .4532E-1 -.48648E-5       .0E0       .0E0 
  .19751E0 -.29959E-2       .0E0       .0E0 
      .5E0 -.22363E-1       .0E0       .0E0 
   .4399E0  -.8804E-1       .0E0       .0E0 
      .0E0       .5E0       .0E0       .0E0 
      .0E0       .0E0       .1E1       .0E0 
      .0E0       .0E0       .0E0       .1E1 

  0.377831E+02  0.581278E+01  0.120024E+01  0.326860E+00  0.862643E-01
  0.216300E-01

 .73398E-2       .0E0       .0E0       .0E0 
 .96742E-1       .0E0       .0E0       .0E0 
      .5E0       .0E0       .0E0       .0E0 
      .0E0       .1E1       .0E0       .0E0 
      .0E0       .0E0       .1E1       .0E0 
      .0E0       .0E0       .0E0       .1E1 

  0.700000E+00  0.648800E-01

      .1E1       .0E0 
      .0E0       .1E1 

C:aug-pcS-1
EMSL BASIS SET LIBRARY

  3
    0    1    2
    4    4    2
    8    6    2

  0.125264E+04  0.188566E+03  0.428391E+02  0.118181E+02  0.355674E+01
  0.542575E+00  0.160585E+00  0.448560E-01

 .59478E-2       .0E0       .0E0       .0E0 
 .44342E-1 -.44849E-4       .0E0       .0E0 
  .19468E0  -.2969E-2       .0E0       .0E0 
      .5E0 -.24783E-1       .0E0       .0E0 
  .45023E0 -.87521E-1       .0E0       .0E0 
      .0E0       .5E0       .0E0       .0E0 
      .0E0       .0E0       .1E1       .0E0 
      .0E0       .0E0       .0E0       .1E1 

  0.594271E+02  0.914263E+01  0.192985E+01  0.525223E+00  0.136083E+00
  0.335180E-01

 .68918E-2       .0E0       .0E0       .0E0 
 .95367E-1       .0E0       .0E0       .0E0 
      .5E0       .0E0       .0E0       .0E0 
      .0E0       .1E1       .0E0       .0E0 
      .0E0       .0E0       .1E1       .0E0 
      .0E0       .0E0       .0E0       .1E1 

  0.800000E+00  0.100550E+00

      .1E1       .0E0 
      .0E0       .1E1 

N:aug-pcS-1
EMSL BASIS SET LIBRARY

  3
    0    1    2
    4    4    2
    8    6    2

  0.174215E+04  0.262213E+03  0.595848E+02  0.164888E+02  0.499450E+01
  0.786729E+00  0.228369E+00  0.627390E-01

  .5857E-2       .0E0       .0E0       .0E0 
 .43718E-1 -.94256E-4       .0E0       .0E0 
  .19333E0 -.29362E-2       .0E0       .0E0 
      .5E0  -.2731E-1       .0E0       .0E0 
  .46001E0 -.88044E-1       .0E0       .0E0 
      .0E0       .5E0       .0E0       .0E0 
      .0E0       .0E0       .1E1       .0E0 
      .0E0       .0E0       .0E0       .1E1 

  0.853554E+02  0.131316E+02  0.281081E+01  0.763512E+00  0.195601E+00
  0.477070E-01

 .66218E-2       .0E0       .0E0       .0E0 
 .93917E-1       .0E0       .0E0       .0E0 
      .5E0       .0E0       .0E0       .0E0 
      .0E0       .1E1       .0E0       .0E0 
      .0E0       .0E0       .1E1       .0E0 
      .0E0       .0E0       .0E0       .1E1 

  0.900000E+00  0.143120E+00

      .1E1       .0E0 
      .0E0       .1E1 

O:aug-pcS-1
EMSL BASIS SET LIBRARY

  3
    0    1    2
    4    4    2
    8    6    2

  0.230675E+04  0.347150E+03  0.788896E+02  0.218763E+02  0.666456E+01
  0.106692E+01  0.307004E+00  0.834250E-01

 .58068E-2       .0E0       .0E0       .0E0 
 .43346E-1 -.15551E-3       .0E0       .0E0 
  .19289E0 -.27964E-2       .0E0       .0E0 
      .5E0 -.29296E-1       .0E0       .0E0 
  .46605E0 -.85642E-1       .0E0       .0E0 
      .0E0       .5E0       .0E0       .0E0 
      .0E0       .0E0       .1E1       .0E0 
      .0E0       .0E0       .0E0       .1E1 

  0.110642E+03  0.170219E+02  0.368382E+01  0.992342E+00  0.244868E+00
  0.576160E-01

 .66686E-2       .0E0       .0E0       .0E0 
 .95725E-1       .0E0       .0E0       .0E0 
      .5E0       .0E0       .0E0       .0E0 
      .0E0       .1E1       .0E0       .0E0 
      .0E0       .0E0       .1E1       .0E0 
      .0E0       .0E0       .0E0       .1E1 

  0.100000E+01  0.172850E+00

      .1E1       .0E0 
      .0E0       .1E1 

F:aug-pcS-1
EMSL BASIS SET LIBRARY

  3
    0    1    2
    4    4    2
    8    6    2

  0.295464E+04  0.444615E+03  0.101047E+03  0.280679E+02  0.858366E+01
  0.139861E+01  0.399692E+00  0.108020E+00

 .57647E-2       .0E0       .0E0       .0E0 
 .43025E-1 -.20684E-3       .0E0       .0E0 
  .19249E0  -.2707E-2       .0E0       .0E0 
      .5E0 -.31158E-1       .0E0       .0E0 
  .47218E0 -.85044E-1       .0E0       .0E0 
      .0E0       .5E0       .0E0       .0E0 
      .0E0       .0E0       .1E1       .0E0 
      .0E0       .0E0       .0E0       .1E1 

  0.142242E+03  0.218834E+02  0.477691E+01  0.128233E+01  0.311272E+00
  0.720540E-01

  .6621E-2       .0E0       .0E0       .0E0 
 .96306E-1       .0E0       .0E0       .0E0 
      .5E0       .0E0       .0E0       .0E0 
      .0E0       .1E1       .0E0       .0E0 
      .0E0       .0E0       .1E1       .0E0 
      .0E0       .0E0       .0E0       .1E1 

  0.110000E+01  0.216160E+00

      .1E1       .0E0 
      .0E0       .1E1 

NE:aug-pcS-1
EMSL BASIS SET LIBRARY

  3
    0    1    2
    4    4    2
    8    6    2

  0.368010E+04  0.553749E+03  0.125865E+03  0.350132E+02  0.107389E+02
  0.176925E+01  0.501491E+00  0.134500E+00

 .57366E-2       .0E0       .0E0       .0E0 
 .42806E-1 -.24946E-3       .0E0       .0E0 
  .19229E0 -.26269E-2       .0E0       .0E0 
      .5E0 -.32668E-1       .0E0       .0E0 
  .47703E0 -.84164E-1       .0E0       .0E0 
      .0E0       .5E0       .0E0       .0E0 
      .0E0       .0E0       .1E1       .0E0 
      .0E0       .0E0       .0E0       .1E1 

  0.178762E+03  0.275018E+02  0.603973E+01  0.161900E+01  0.389699E+00
  0.895000E-01

 .65512E-2       .0E0       .0E0       .0E0 
 .96399E-1       .0E0       .0E0       .0E0 
      .5E0       .0E0       .0E0       .0E0 
      .0E0       .1E1       .0E0       .0E0 
      .0E0       .0E0       .1E1       .0E0 
      .0E0       .0E0       .0E0       .1E1 

  0.120000E+01  0.268500E+00

      .1E1       .0E0 
      .0E0       .1E1 

NA:aug-pcS-1
EMSL BASIS SET LIBRARY

  2
    0    1
    5    5
   12    9

  0.232073E+05  0.348157E+04  0.792719E+03  0.224591E+03  0.730882E+02
  0.261900E+02  0.986609E+01  0.221551E+01  0.685899E+00  0.703365E-01
  0.260749E-01  0.900100E-02

 .77307E-3       .0E0       .0E0       .0E0       .0E0 
 .59374E-2  .29418E-4       .0E0       .0E0       .0E0 
 .30544E-1  .19544E-4 -.47617E-5       .0E0       .0E0 
  .11492E0  .19974E-2 -.53572E-4       .0E0       .0E0 
  .31847E0  .82304E-2 -.53799E-3       .0E0       .0E0 
      .5E0  .57541E-1 -.21744E-2       .0E0       .0E0 
  .30928E0  .54533E-1 -.33571E-2       .0E0       .0E0 
 .23238E-1   -.4871E0  .13411E-1       .0E0       .0E0 
      .0E0      -.5E0  -.8013E-1       .0E0       .0E0 
      .0E0       .0E0       .5E0       .0E0       .0E0 
      .0E0       .0E0       .0E0       .1E1       .0E0 
      .0E0       .0E0       .0E0       .0E0       .1E1 

  0.881090E+03  0.135552E+03  0.315620E+02  0.967739E+01  0.336910E+01
  0.117033E+01  0.376514E+00  0.750000E-01  0.250000E-01

 .41068E-3       .0E0       .0E0       .0E0       .0E0 
 .81125E-2       .0E0       .0E0       .0E0       .0E0 
 .60295E-1       .0E0       .0E0       .0E0       .0E0 
  .22246E0       .0E0       .0E0       .0E0       .0E0 
      .5E0       .0E0       .0E0       .0E0       .0E0 
      .0E0       .1E1       .0E0       .0E0       .0E0 
      .0E0       .0E0       .1E1       .0E0       .0E0 
      .0E0       .0E0       .0E0       .1E1       .0E0 
      .0E0       .0E0       .0E0       .0E0       .1E1 

MG:aug-pcS-1
EMSL BASIS SET LIBRARY

  2
    0    1
    5    5
   12    9

  0.287060E+05  0.430660E+04  0.980543E+03  0.277763E+03  0.903864E+02
  0.323745E+02  0.121773E+02  0.281661E+01  0.921734E+00  0.127095E+00
  0.460799E-01  0.155800E-01

 .73891E-3       .0E0       .0E0       .0E0       .0E0 
 .56786E-2  .24342E-4       .0E0       .0E0       .0E0 
 .29233E-1  .26005E-4 -.42655E-5       .0E0       .0E0 
  .11064E0  .17727E-2 -.48006E-4       .0E0       .0E0 
  .30989E0  .80742E-2 -.48358E-3       .0E0       .0E0 
      .5E0  .54773E-1 -.19589E-2       .0E0       .0E0 
  .32325E0  .60119E-1 -.28729E-2       .0E0       .0E0 
 .26975E-1  -.45863E0   .2111E-2       .0E0       .0E0 
      .0E0      -.5E0  -.10856E0       .0E0       .0E0 
      .0E0       .0E0       .5E0       .0E0       .0E0 
      .0E0       .0E0       .0E0       .1E1       .0E0 
      .0E0       .0E0       .0E0       .0E0       .1E1 

  0.115439E+04  0.177598E+03  0.414419E+02  0.128181E+02  0.451735E+01
  0.161280E+01  0.545313E+00  0.135000E+00  0.450000E-01

 .37946E-3       .0E0       .0E0       .0E0       .0E0 
 .74571E-2       .0E0       .0E0       .0E0       .0E0 
 .57112E-1       .0E0       .0E0       .0E0       .0E0 
  .21495E0       .0E0       .0E0       .0E0       .0E0 
      .5E0       .0E0       .0E0       .0E0       .0E0 
      .0E0       .1E1       .0E0       .0E0       .0E0 
      .0E0       .0E0       .1E1       .0E0       .0E0 
      .0E0       .0E0       .0E0       .1E1       .0E0 
      .0E0       .0E0       .0E0       .0E0       .1E1 

AL:aug-pcS-1
EMSL BASIS SET LIBRARY

  3
    0    1    2
    5    5    2
   12   10    2

  0.347021E+05  0.520595E+04  0.118524E+04  0.335698E+03  0.109232E+03
  0.391198E+02  0.147087E+02  0.348959E+01  0.119362E+01  0.195848E+00
  0.714389E-01  0.242900E-01

 .71451E-3       .0E0       .0E0       .0E0       .0E0 
 .54943E-2 -.21025E-4       .0E0       .0E0       .0E0 
 .28297E-1 -.30329E-4 -.49599E-5       .0E0       .0E0 
   .1076E0 -.16279E-2 -.56426E-4       .0E0       .0E0 
  .30372E0 -.79892E-2 -.56894E-3       .0E0       .0E0 
      .5E0 -.53146E-1 -.23891E-2       .0E0       .0E0 
  .33403E0 -.64316E-1 -.35413E-2       .0E0       .0E0 
 .30269E-1   .43848E0  .17821E-2       .0E0       .0E0 
      .0E0       .5E0  -.11441E0       .0E0       .0E0 
      .0E0       .0E0       .5E0       .0E0       .0E0 
      .0E0       .0E0       .0E0       .1E1       .0E0 
      .0E0       .0E0       .0E0       .0E0       .1E1 

  0.165334E+04  0.254359E+03  0.595137E+02  0.187084E+02  0.673615E+01
  0.250453E+01  0.908205E+00  0.209090E+00  0.569900E-01  0.147300E-01

 .19309E-3       .0E0       .0E0       .0E0       .0E0 
 .38531E-2 -.20278E-3       .0E0       .0E0       .0E0 
 .30848E-1 -.11591E-2       .0E0       .0E0       .0E0 
  .12672E0 -.19164E-1       .0E0       .0E0       .0E0 
  .33177E0 -.72617E-1       .0E0       .0E0       .0E0 
      .5E0  -.19784E0       .0E0       .0E0       .0E0 
      .0E0       .5E0       .0E0       .0E0       .0E0 
      .0E0       .0E0       .1E1       .0E0       .0E0 
      .0E0       .0E0       .0E0       .1E1       .0E0 
      .0E0       .0E0       .0E0       .0E0       .1E1 

  0.400000E+00  0.441900E-01

      .1E1       .0E0 
      .0E0       .1E1 

SI:aug-pcS-1
EMSL BASIS SET LIBRARY

  3
    0    1    2
    5    5    2
   12   10    2

  0.412629E+05  0.618962E+04  0.140869E+04  0.398772E+03  0.129686E+03
  0.464249E+02  0.174546E+02  0.422221E+01  0.149332E+01  0.271735E+00
  0.985023E-01  0.332930E-01

 .69461E-3       .0E0       .0E0       .0E0       .0E0 
 .53453E-2 -.18833E-4       .0E0       .0E0       .0E0 
 .27553E-1 -.33186E-4 -.53684E-5       .0E0       .0E0 
  .10522E0 -.15345E-2 -.61549E-4       .0E0       .0E0 
  .29902E0 -.79573E-2 -.62162E-3       .0E0       .0E0 
      .5E0 -.52395E-1 -.26795E-2       .0E0       .0E0 
  .34238E0 -.67626E-1 -.39787E-2       .0E0       .0E0 
 .33023E-1   .42702E0  .60357E-3       .0E0       .0E0 
      .0E0       .5E0  -.11708E0       .0E0       .0E0 
      .0E0       .0E0       .5E0       .0E0       .0E0 
      .0E0       .0E0       .0E0       .1E1       .0E0 
      .0E0       .0E0       .0E0       .0E0       .1E1 

  0.201973E+04  0.310728E+03  0.728229E+02  0.229850E+02  0.832134E+01
  0.313533E+01  0.116925E+01  0.292809E+00  0.827039E-01  0.221110E-01

 .18637E-3       .0E0       .0E0       .0E0       .0E0 
 .37276E-2 -.22915E-3       .0E0       .0E0       .0E0 
 .30002E-1 -.10693E-2       .0E0       .0E0       .0E0 
  .12522E0 -.18883E-1       .0E0       .0E0       .0E0 
  .32901E0 -.66196E-1       .0E0       .0E0       .0E0 
      .5E0  -.18962E0       .0E0       .0E0       .0E0 
      .0E0       .5E0       .0E0       .0E0       .0E0 
      .0E0       .0E0       .1E1       .0E0       .0E0 
      .0E0       .0E0       .0E0       .1E1       .0E0 
      .0E0       .0E0       .0E0       .0E0       .1E1 

  0.450000E+00  0.663320E-01

      .1E1       .0E0 
      .0E0       .1E1 

P:aug-pcS-1
EMSL BASIS SET LIBRARY

  3
    0    1    2
    5    5    2
   12   10    2

  0.480730E+05  0.721140E+04  0.164172E+04  0.464916E+03  0.151278E+03
  0.541891E+02  0.203971E+02  0.502411E+01  0.182458E+01  0.358715E+00
  0.128871E+00  0.431940E-01

 .68409E-3       .0E0       .0E0       .0E0       .0E0 
 .52654E-2 -.17326E-4       .0E0       .0E0       .0E0 
 .27127E-1 -.35786E-4 -.56814E-5       .0E0       .0E0 
   .1038E0 -.14759E-2 -.65336E-4       .0E0       .0E0 
  .29597E0 -.79769E-2 -.65894E-3       .0E0       .0E0 
      .5E0 -.52031E-1 -.28816E-2       .0E0       .0E0 
  .34852E0  -.7017E-1 -.42468E-2       .0E0       .0E0 
 .35276E-1   .41827E0 -.12989E-2       .0E0       .0E0 
      .0E0       .5E0  -.12092E0       .0E0       .0E0 
      .0E0       .0E0       .5E0       .0E0       .0E0 
      .0E0       .0E0       .0E0       .1E1       .0E0 
      .0E0       .0E0       .0E0       .0E0       .1E1 

  0.238057E+04  0.366241E+03  0.859311E+02  0.271723E+02  0.986848E+01
  0.375331E+01  0.143023E+01  0.386531E+00  0.111456E+00  0.303860E-01

 .18803E-3       .0E0       .0E0       .0E0       .0E0 
 .37605E-2 -.24095E-3       .0E0       .0E0       .0E0 
  .3037E-1 -.10257E-2       .0E0       .0E0       .0E0 
  .12782E0 -.18773E-1       .0E0       .0E0       .0E0 
  .33521E0 -.63119E-1       .0E0       .0E0       .0E0 
      .5E0  -.17834E0       .0E0       .0E0       .0E0 
      .0E0       .5E0       .0E0       .0E0       .0E0 
      .0E0       .0E0       .1E1       .0E0       .0E0 
      .0E0       .0E0       .0E0       .1E1       .0E0 
      .0E0       .0E0       .0E0       .0E0       .1E1 

  0.500000E+00  0.911570E-01

      .1E1       .0E0 
      .0E0       .1E1 

S:aug-pcS-1
EMSL BASIS SET LIBRARY

  3
    0    1    2
    5    5    2
   12   10    2

  0.555097E+05  0.832671E+04  0.189556E+04  0.536770E+03  0.174667E+03
  0.625780E+02  0.235734E+02  0.589085E+01  0.218520E+01  0.452816E+00
  0.162020E+00  0.541000E-01

 .67338E-3       .0E0       .0E0       .0E0       .0E0 
  .5185E-2 -.16216E-4       .0E0       .0E0       .0E0 
 .26715E-1 -.37497E-4  .58376E-5       .0E0       .0E0 
  .10246E0 -.14318E-2  .67385E-4       .0E0       .0E0 
  .29321E0 -.79877E-2  .67968E-3       .0E0       .0E0 
      .5E0  -.5189E-1  .30124E-2       .0E0       .0E0 
  .35389E0 -.72385E-1  .44284E-2       .0E0       .0E0 
 .37283E-1   .41252E0  .27648E-2       .0E0       .0E0 
      .0E0       .5E0   .12178E0       .0E0       .0E0 
      .0E0       .0E0      -.5E0       .0E0       .0E0 
      .0E0       .0E0       .0E0       .1E1       .0E0 
      .0E0       .0E0       .0E0       .0E0       .1E1 

  0.257040E+04  0.395447E+03  0.928338E+02  0.292662E+02  0.105954E+02
  0.402722E+01  0.154838E+01  0.461340E+00  0.131315E+00  0.353640E-01

  .2278E-3       .0E0       .0E0       .0E0       .0E0 
 .45147E-2  .23174E-3       .0E0       .0E0       .0E0 
  .3625E-1   .8851E-3       .0E0       .0E0       .0E0 
  .14941E0  .16905E-1       .0E0       .0E0       .0E0 
    .376E0  .48492E-1       .0E0       .0E0       .0E0 
      .5E0   .13305E0       .0E0       .0E0       .0E0 
      .0E0      -.5E0       .0E0       .0E0       .0E0 
      .0E0       .0E0       .1E1       .0E0       .0E0 
      .0E0       .0E0       .0E0       .1E1       .0E0 
      .0E0       .0E0       .0E0       .0E0       .1E1 

  0.550000E+00  0.106090E+00

      .1E1       .0E0 
      .0E0       .1E1 

CL:aug-pcS-1
EMSL BASIS SET LIBRARY

  3
    0    1    2
    5    5    2
   12   10    2

  0.634743E+05  0.952127E+04  0.216744E+04  0.613738E+03  0.199718E+03
  0.715637E+02  0.269793E+02  0.682604E+01  0.257668E+01  0.557522E+00
  0.198250E+00  0.658160E-01

  .6643E-3       .0E0       .0E0       .0E0       .0E0 
 .51168E-2  -.1534E-4       .0E0       .0E0       .0E0 
 .26364E-1 -.38814E-4  .56609E-5       .0E0       .0E0 
  .10133E0 -.13967E-2  .65492E-4       .0E0       .0E0 
  .29085E0 -.79952E-2  .66029E-3       .0E0       .0E0 
      .5E0 -.51825E-1  .29415E-2       .0E0       .0E0 
  .35856E0 -.74288E-1  .42378E-2       .0E0       .0E0 
 .39083E-1     .408E0  .59189E-2       .0E0       .0E0 
      .0E0       .5E0   .12506E0       .0E0       .0E0 
      .0E0       .0E0      -.5E0       .0E0       .0E0 
      .0E0       .0E0       .0E0       .1E1       .0E0 
      .0E0       .0E0       .0E0       .0E0       .1E1 

  0.268530E+04  0.413123E+03  0.970540E+02  0.304820E+02  0.109615E+02
  0.412757E+01  0.153377E+01  0.514394E+00  0.150255E+00  0.414670E-01

  .2895E-3       .0E0       .0E0       .0E0       .0E0 
 .56755E-2  .18919E-3       .0E0       .0E0       .0E0 
 .45121E-1  .74662E-3       .0E0       .0E0       .0E0 
  .18123E0  .14057E-1       .0E0       .0E0       .0E0 
  .43683E0  .38468E-1       .0E0       .0E0       .0E0 
      .5E0   .7913E-1       .0E0       .0E0       .0E0 
      .0E0      -.5E0       .0E0       .0E0       .0E0 
      .0E0       .0E0       .1E1       .0E0       .0E0 
      .0E0       .0E0       .0E0       .1E1       .0E0 
      .0E0       .0E0       .0E0       .0E0       .1E1 

  0.600000E+00  0.124400E+00

      .1E1       .0E0 
      .0E0       .1E1 

AR:aug-pcS-1
EMSL BASIS SET LIBRARY

  3
    0    1    2
    5    5    2
   12   10    2

  0.719562E+05  0.107935E+05  0.245703E+04  0.695721E+03  0.226402E+03
  0.811377E+02  0.306123E+02  0.782906E+01  0.299872E+01  0.672415E+00
  0.237193E+00  0.781500E-01

 .65662E-3       .0E0       .0E0       .0E0       .0E0 
  .5059E-2  .14694E-4       .0E0       .0E0       .0E0 
 .26067E-1  .39725E-4  .51945E-5       .0E0       .0E0 
  .10036E0  .13704E-2  .60028E-4       .0E0       .0E0 
  .28885E0  .79978E-2   .6047E-3       .0E0       .0E0 
      .5E0   .5183E-1  .26819E-2       .0E0       .0E0 
  .36262E0  .75894E-1  .36917E-2       .0E0       .0E0 
 .40687E-1  -.40429E0   .1054E-1       .0E0       .0E0 
      .0E0      -.5E0   .13006E0       .0E0       .0E0 
      .0E0       .0E0      -.5E0       .0E0       .0E0 
      .0E0       .0E0       .0E0       .1E1       .0E0 
      .0E0       .0E0       .0E0       .0E0       .1E1 

  0.290078E+04  0.446274E+03  0.104937E+03  0.329315E+02  0.118087E+02
  0.443044E+01  0.157514E+01  0.564124E+00  0.170147E+00  0.483900E-01

 .33177E-3       .0E0       .0E0       .0E0       .0E0 
 .64707E-2  .14448E-3       .0E0       .0E0       .0E0 
 .51152E-1  .64077E-3       .0E0       .0E0       .0E0 
  .20325E0   .1153E-1       .0E0       .0E0       .0E0 
  .47794E0  .33042E-1       .0E0       .0E0       .0E0 
      .5E0  .45873E-1       .0E0       .0E0       .0E0 
      .0E0      -.5E0       .0E0       .0E0       .0E0 
      .0E0       .0E0       .1E1       .0E0       .0E0 
      .0E0       .0E0       .0E0       .1E1       .0E0 
      .0E0       .0E0       .0E0       .0E0       .1E1 

  0.650000E+00  0.145200E+00

      .1E1       .0E0 
      .0E0       .1E1 




