!  aug-cc-pVDZ_OPTRI  EMSL  Basis Set Exchange Library   3/18/13 9:41 PM
! Elements                             References
! --------                             ----------
! H He B C N O F Ne Al Si P S Cl Ar: K.E. Yousaf and K.A. Peterson, Optimized complementary auxiliary basis sets for explicitly correlated methods: aug-cc-pVnZ orbital basis sets, Chemical Physics Letters 476, 303 (2009).
! 



H:aug-cc-pVDZ_OPTRI
EMSL BASIS SET LIBRARY

  3
    0    1    2
    3    3    2
    3    3    2

     1.3200360     0.2865400     0.0813940

 1.0000000  0.0000000  0.0000000 
 0.0000000  1.0000000  0.0000000 
 0.0000000  0.0000000  1.0000000 

     2.6671610     1.2510750     0.2732020

 1.0000000  0.0000000  0.0000000 
 0.0000000  1.0000000  0.0000000 
 0.0000000  0.0000000  1.0000000 

     2.6047300     0.7576340

 1.0000000  0.0000000 
 0.0000000  1.0000000 

HE:aug-cc-pVDZ_OPTRI
EMSL BASIS SET LIBRARY

  3
    0    1    2
    3    3    2
    3    3    2

     2.0903700     1.3972820     0.1987340

 1.0000000  0.0000000  0.0000000 
 0.0000000  1.0000000  0.0000000 
 0.0000000  0.0000000  1.0000000 

     9.3168610     4.0686780     0.3995190

 1.0000000  0.0000000  0.0000000 
 0.0000000  1.0000000  0.0000000 
 0.0000000  0.0000000  1.0000000 

     3.1497420     0.8377990

 1.0000000  0.0000000 
 0.0000000  1.0000000 

B:aug-cc-pVDZ_OPTRI
EMSL BASIS SET LIBRARY

  5
    0    1    2    3    4
    4    5    4    3    1
    4    5    4    3    1

     4.1926190     1.1382240     0.3090080     0.0565720

 1.0000000  0.0000000  0.0000000  0.0000000 
 0.0000000  1.0000000  0.0000000  0.0000000 
 0.0000000  0.0000000  1.0000000  0.0000000 
 0.0000000  0.0000000  0.0000000  1.0000000 

     1.3540440     0.6503250     0.3123400     0.1500120     0.0502960

 1.0000000  0.0000000  0.0000000  0.0000000  0.0000000 
 0.0000000  1.0000000  0.0000000  0.0000000  0.0000000 
 0.0000000  0.0000000  1.0000000  0.0000000  0.0000000 
 0.0000000  0.0000000  0.0000000  1.0000000  0.0000000 
 0.0000000  0.0000000  0.0000000  0.0000000  1.0000000 

     3.7786290     1.4068910     0.5238250     0.2281040

 1.0000000  0.0000000  0.0000000  0.0000000 
 0.0000000  1.0000000  0.0000000  0.0000000 
 0.0000000  0.0000000  1.0000000  0.0000000 
 0.0000000  0.0000000  0.0000000  1.0000000 

     1.6799280     0.5801500     0.1991350

 1.0000000  0.0000000  0.0000000 
 0.0000000  1.0000000  0.0000000 
 0.0000000  0.0000000  1.0000000 

     0.6245050

 1.0000000 

C:aug-cc-pVDZ_OPTRI
EMSL BASIS SET LIBRARY

  5
    0    1    2    3    4
    4    5    4    3    1
    4    5    4    3    1

     6.5475630     1.8077410     0.4991060     0.0736010

 1.0000000  0.0000000  0.0000000  0.0000000 
 0.0000000  1.0000000  0.0000000  0.0000000 
 0.0000000  0.0000000  1.0000000  0.0000000 
 0.0000000  0.0000000  0.0000000  1.0000000 

     2.1536590     1.0186560     0.4818130     0.2278920     0.0952950

 1.0000000  0.0000000  0.0000000  0.0000000  0.0000000 
 0.0000000  1.0000000  0.0000000  0.0000000  0.0000000 
 0.0000000  0.0000000  1.0000000  0.0000000  0.0000000 
 0.0000000  0.0000000  0.0000000  1.0000000  0.0000000 
 0.0000000  0.0000000  0.0000000  0.0000000  1.0000000 

     8.1076690     3.3473200     1.3819690     0.3330560

 1.0000000  0.0000000  0.0000000  0.0000000 
 0.0000000  1.0000000  0.0000000  0.0000000 
 0.0000000  0.0000000  1.0000000  0.0000000 
 0.0000000  0.0000000  0.0000000  1.0000000 

     2.6527500     0.8918210     0.3018960

 1.0000000  0.0000000  0.0000000 
 0.0000000  1.0000000  0.0000000 
 0.0000000  0.0000000  1.0000000 

     0.9734890

 1.0000000 

N:aug-cc-pVDZ_OPTRI
EMSL BASIS SET LIBRARY

  5
    0    1    2    3    4
    4    5    4    3    1
    4    5    4    3    1

     9.6745220     2.6513720     0.7266280     0.0914490

 1.0000000  0.0000000  0.0000000  0.0000000 
 0.0000000  1.0000000  0.0000000  0.0000000 
 0.0000000  0.0000000  1.0000000  0.0000000 
 0.0000000  0.0000000  0.0000000  1.0000000 

     3.0159420     1.4315730     0.6795230     0.3225480     0.1151830

 1.0000000  0.0000000  0.0000000  0.0000000  0.0000000 
 0.0000000  1.0000000  0.0000000  0.0000000  0.0000000 
 0.0000000  0.0000000  1.0000000  0.0000000  0.0000000 
 0.0000000  0.0000000  0.0000000  1.0000000  0.0000000 
 0.0000000  0.0000000  0.0000000  0.0000000  1.0000000 

     6.9732270     3.5880660     1.8462350     0.4224640

 1.0000000  0.0000000  0.0000000  0.0000000 
 0.0000000  1.0000000  0.0000000  0.0000000 
 0.0000000  0.0000000  1.0000000  0.0000000 
 0.0000000  0.0000000  0.0000000  1.0000000 

     4.0928370     1.3976810     0.5109860

 1.0000000  0.0000000  0.0000000 
 0.0000000  1.0000000  0.0000000 
 0.0000000  0.0000000  1.0000000 

     1.4841770

 1.0000000 

O:aug-cc-pVDZ_OPTRI
EMSL BASIS SET LIBRARY

  5
    0    1    2    3    4
    4    5    4    3    1
    4    5    4    3    1

    10.4831820     3.0892910     0.9103840     0.1177850

 1.0000000  0.0000000  0.0000000  0.0000000 
 0.0000000  1.0000000  0.0000000  0.0000000 
 0.0000000  0.0000000  1.0000000  0.0000000 
 0.0000000  0.0000000  0.0000000  1.0000000 

     4.1809710     1.9317780     0.8925590     0.4123990     0.1022820

 1.0000000  0.0000000  0.0000000  0.0000000  0.0000000 
 0.0000000  1.0000000  0.0000000  0.0000000  0.0000000 
 0.0000000  0.0000000  1.0000000  0.0000000  0.0000000 
 0.0000000  0.0000000  0.0000000  1.0000000  0.0000000 
 0.0000000  0.0000000  0.0000000  0.0000000  1.0000000 

    12.7421470     6.7100630     3.5335450     0.5339370

 1.0000000  0.0000000  0.0000000  0.0000000 
 0.0000000  1.0000000  0.0000000  0.0000000 
 0.0000000  0.0000000  1.0000000  0.0000000 
 0.0000000  0.0000000  0.0000000  1.0000000 

     4.8027300     1.5579220     0.5075660

 1.0000000  0.0000000  0.0000000 
 0.0000000  1.0000000  0.0000000 
 0.0000000  0.0000000  1.0000000 

     1.7631420

 1.0000000 

F:aug-cc-pVDZ_OPTRI
EMSL BASIS SET LIBRARY

  5
    0    1    2    3    4
    4    5    4    3    1
    4    5    4    3    1

    14.4511130     4.2268530     1.2363260     0.1465130

 1.0000000  0.0000000  0.0000000  0.0000000 
 0.0000000  1.0000000  0.0000000  0.0000000 
 0.0000000  0.0000000  1.0000000  0.0000000 
 0.0000000  0.0000000  0.0000000  1.0000000 

     4.8372210     2.2912080     1.0852580     0.5140460     0.1269280

 1.0000000  0.0000000  0.0000000  0.0000000  0.0000000 
 0.0000000  1.0000000  0.0000000  0.0000000  0.0000000 
 0.0000000  0.0000000  1.0000000  0.0000000  0.0000000 
 0.0000000  0.0000000  0.0000000  1.0000000  0.0000000 
 0.0000000  0.0000000  0.0000000  0.0000000  1.0000000 

    15.8745470     7.2781880     3.3369150     1.0954380

 1.0000000  0.0000000  0.0000000  0.0000000 
 0.0000000  1.0000000  0.0000000  0.0000000 
 0.0000000  0.0000000  1.0000000  0.0000000 
 0.0000000  0.0000000  0.0000000  1.0000000 

     6.1628770     1.9800570     0.6390790

 1.0000000  0.0000000  0.0000000 
 0.0000000  1.0000000  0.0000000 
 0.0000000  0.0000000  1.0000000 

     2.2741130

 1.0000000 

NE:aug-cc-pVDZ_OPTRI
EMSL BASIS SET LIBRARY

  5
    0    1    2    3    4
    4    5    4    3    1
    4    5    4    3    1

    21.9574570     6.0461550     1.6648550     0.1819800

 1.0000000  0.0000000  0.0000000  0.0000000 
 0.0000000  1.0000000  0.0000000  0.0000000 
 0.0000000  0.0000000  1.0000000  0.0000000 
 0.0000000  0.0000000  0.0000000  1.0000000 

     5.7247220     2.7487190     1.3197940     0.6336980     0.1858160

 1.0000000  0.0000000  0.0000000  0.0000000  0.0000000 
 0.0000000  1.0000000  0.0000000  0.0000000  0.0000000 
 0.0000000  0.0000000  1.0000000  0.0000000  0.0000000 
 0.0000000  0.0000000  0.0000000  1.0000000  0.0000000 
 0.0000000  0.0000000  0.0000000  0.0000000  1.0000000 

    20.9638000    10.5525080     5.3117950     1.4772600

 1.0000000  0.0000000  0.0000000  0.0000000 
 0.0000000  1.0000000  0.0000000  0.0000000 
 0.0000000  0.0000000  1.0000000  0.0000000 
 0.0000000  0.0000000  0.0000000  1.0000000 

     8.2035020     2.7058960     0.9131770

 1.0000000  0.0000000  0.0000000 
 0.0000000  1.0000000  0.0000000 
 0.0000000  0.0000000  1.0000000 

     3.0002260

 1.0000000 

AL:aug-cc-pVDZ_OPTRI
EMSL BASIS SET LIBRARY

  5
    0    1    2    3    4
    5    5    4    3    1
    5    5    4    3    1

     3.9673650     1.2994240     0.4255980     0.1393950     0.0402980

 1.0000000  0.0000000  0.0000000  0.0000000  0.0000000 
 0.0000000  1.0000000  0.0000000  0.0000000  0.0000000 
 0.0000000  0.0000000  1.0000000  0.0000000  0.0000000 
 0.0000000  0.0000000  0.0000000  1.0000000  0.0000000 
 0.0000000  0.0000000  0.0000000  0.0000000  1.0000000 

     5.9229000     1.4784180     0.3690290     0.0921130     0.0276340

 1.0000000  0.0000000  0.0000000  0.0000000  0.0000000 
 0.0000000  1.0000000  0.0000000  0.0000000  0.0000000 
 0.0000000  0.0000000  1.0000000  0.0000000  0.0000000 
 0.0000000  0.0000000  0.0000000  1.0000000  0.0000000 
 0.0000000  0.0000000  0.0000000  0.0000000  1.0000000 

     5.9949350     3.0500690     0.4256450     0.0826170

 1.0000000  0.0000000  0.0000000  0.0000000 
 0.0000000  1.0000000  0.0000000  0.0000000 
 0.0000000  0.0000000  1.0000000  0.0000000 
 0.0000000  0.0000000  0.0000000  1.0000000 

     0.8542500     0.3447660     0.1161210

 1.0000000  0.0000000  0.0000000 
 0.0000000  1.0000000  0.0000000 
 0.0000000  0.0000000  1.0000000 

     0.3282010

 1.0000000 

SI:aug-cc-pVDZ_OPTRI
EMSL BASIS SET LIBRARY

  5
    0    1    2    3    4
    5    5    4    3    1
    5    5    4    3    1

     6.2072530     1.8198180     0.5335270     0.1564170     0.0562170

 1.0000000  0.0000000  0.0000000  0.0000000  0.0000000 
 0.0000000  1.0000000  0.0000000  0.0000000  0.0000000 
 0.0000000  0.0000000  1.0000000  0.0000000  0.0000000 
 0.0000000  0.0000000  0.0000000  1.0000000  0.0000000 
 0.0000000  0.0000000  0.0000000  0.0000000  1.0000000 

     6.8941680     1.8814170     0.5134380     0.1401170     0.0500890

 1.0000000  0.0000000  0.0000000  0.0000000  0.0000000 
 0.0000000  1.0000000  0.0000000  0.0000000  0.0000000 
 0.0000000  0.0000000  1.0000000  0.0000000  0.0000000 
 0.0000000  0.0000000  0.0000000  1.0000000  0.0000000 
 0.0000000  0.0000000  0.0000000  0.0000000  1.0000000 

    10.1970390     5.5203810     0.6207540     0.1343330

 1.0000000  0.0000000  0.0000000  0.0000000 
 0.0000000  1.0000000  0.0000000  0.0000000 
 0.0000000  0.0000000  1.0000000  0.0000000 
 0.0000000  0.0000000  0.0000000  1.0000000 

     1.6385930     0.5116880     0.1826690

 1.0000000  0.0000000  0.0000000 
 0.0000000  1.0000000  0.0000000 
 0.0000000  0.0000000  1.0000000 

     0.4501800

 1.0000000 

P:aug-cc-pVDZ_OPTRI
EMSL BASIS SET LIBRARY

  5
    0    1    2    3    4
    5    5    4    3    1
    5    5    4    3    1

     7.1364740     2.2234140     0.6927190     0.2158210     0.0740620

 1.0000000  0.0000000  0.0000000  0.0000000  0.0000000 
 0.0000000  1.0000000  0.0000000  0.0000000  0.0000000 
 0.0000000  0.0000000  1.0000000  0.0000000  0.0000000 
 0.0000000  0.0000000  0.0000000  1.0000000  0.0000000 
 0.0000000  0.0000000  0.0000000  0.0000000  1.0000000 

     8.0477160     2.3068730     0.6612640     0.1895510     0.0557330

 1.0000000  0.0000000  0.0000000  0.0000000  0.0000000 
 0.0000000  1.0000000  0.0000000  0.0000000  0.0000000 
 0.0000000  0.0000000  1.0000000  0.0000000  0.0000000 
 0.0000000  0.0000000  0.0000000  1.0000000  0.0000000 
 0.0000000  0.0000000  0.0000000  0.0000000  1.0000000 

    12.3056350     6.3845350     0.7746060     0.1854590

 1.0000000  0.0000000  0.0000000  0.0000000 
 0.0000000  1.0000000  0.0000000  0.0000000 
 0.0000000  0.0000000  1.0000000  0.0000000 
 0.0000000  0.0000000  0.0000000  1.0000000 

     3.6145670     0.6779060     0.2635090

 1.0000000  0.0000000  0.0000000 
 0.0000000  1.0000000  0.0000000 
 0.0000000  0.0000000  1.0000000 

     0.5961990

 1.0000000 

S:aug-cc-pVDZ_OPTRI
EMSL BASIS SET LIBRARY

  5
    0    1    2    3    4
    5    5    4    3    1
    5    5    4    3    1

     8.4828690     2.6380230     0.8203790     0.2551230     0.0872200

 1.0000000  0.0000000  0.0000000  0.0000000  0.0000000 
 0.0000000  1.0000000  0.0000000  0.0000000  0.0000000 
 0.0000000  0.0000000  1.0000000  0.0000000  0.0000000 
 0.0000000  0.0000000  0.0000000  1.0000000  0.0000000 
 0.0000000  0.0000000  0.0000000  0.0000000  1.0000000 

     9.1016040     2.6823510     0.7905210     0.2329760     0.0738150

 1.0000000  0.0000000  0.0000000  0.0000000  0.0000000 
 0.0000000  1.0000000  0.0000000  0.0000000  0.0000000 
 0.0000000  0.0000000  1.0000000  0.0000000  0.0000000 
 0.0000000  0.0000000  0.0000000  1.0000000  0.0000000 
 0.0000000  0.0000000  0.0000000  0.0000000  1.0000000 

    17.4029820     7.1745500     0.9285230     0.3008210

 1.0000000  0.0000000  0.0000000  0.0000000 
 0.0000000  1.0000000  0.0000000  0.0000000 
 0.0000000  0.0000000  1.0000000  0.0000000 
 0.0000000  0.0000000  0.0000000  1.0000000 

     5.0466780     0.8342980     0.3182260

 1.0000000  0.0000000  0.0000000 
 0.0000000  1.0000000  0.0000000 
 0.0000000  0.0000000  1.0000000 

     0.7469600

 1.0000000 

CL:aug-cc-pVDZ_OPTRI
EMSL BASIS SET LIBRARY

  5
    0    1    2    3    4
    5    5    4    3    1
    5    5    4    3    1

    10.3367590     3.2068640     0.9948940     0.3086550     0.1107190

 1.0000000  0.0000000  0.0000000  0.0000000  0.0000000 
 0.0000000  1.0000000  0.0000000  0.0000000  0.0000000 
 0.0000000  0.0000000  1.0000000  0.0000000  0.0000000 
 0.0000000  0.0000000  0.0000000  1.0000000  0.0000000 
 0.0000000  0.0000000  0.0000000  0.0000000  1.0000000 

    10.1006700     3.0713090     0.9338930     0.2839690     0.0810640

 1.0000000  0.0000000  0.0000000  0.0000000  0.0000000 
 0.0000000  1.0000000  0.0000000  0.0000000  0.0000000 
 0.0000000  0.0000000  1.0000000  0.0000000  0.0000000 
 0.0000000  0.0000000  0.0000000  1.0000000  0.0000000 
 0.0000000  0.0000000  0.0000000  0.0000000  1.0000000 

    18.7088300    11.6169920     1.1387370     0.3397210

 1.0000000  0.0000000  0.0000000  0.0000000 
 0.0000000  1.0000000  0.0000000  0.0000000 
 0.0000000  0.0000000  1.0000000  0.0000000 
 0.0000000  0.0000000  0.0000000  1.0000000 

     6.5104370     1.0193730     0.3884980

 1.0000000  0.0000000  0.0000000 
 0.0000000  1.0000000  0.0000000 
 0.0000000  0.0000000  1.0000000 

     0.9126230

 1.0000000 

AR:aug-cc-pVDZ_OPTRI
EMSL BASIS SET LIBRARY

  5
    0    1    2    3    4
    5    5    4    3    1
    5    5    4    3    1

    10.6602660     3.4076430     1.0892820     0.3481980     0.1063090

 1.0000000  0.0000000  0.0000000  0.0000000  0.0000000 
 0.0000000  1.0000000  0.0000000  0.0000000  0.0000000 
 0.0000000  0.0000000  1.0000000  0.0000000  0.0000000 
 0.0000000  0.0000000  0.0000000  1.0000000  0.0000000 
 0.0000000  0.0000000  0.0000000  0.0000000  1.0000000 

    11.6954750     3.6164960     1.1182990     0.3458030     0.1154120

 1.0000000  0.0000000  0.0000000  0.0000000  0.0000000 
 0.0000000  1.0000000  0.0000000  0.0000000  0.0000000 
 0.0000000  0.0000000  1.0000000  0.0000000  0.0000000 
 0.0000000  0.0000000  0.0000000  1.0000000  0.0000000 
 0.0000000  0.0000000  0.0000000  0.0000000  1.0000000 

    24.2974700    11.3177750     1.4999190     0.3918570

 1.0000000  0.0000000  0.0000000  0.0000000 
 0.0000000  1.0000000  0.0000000  0.0000000 
 0.0000000  0.0000000  1.0000000  0.0000000 
 0.0000000  0.0000000  0.0000000  1.0000000 

     7.5698470     1.2793910     0.5068880

 1.0000000  0.0000000  0.0000000 
 0.0000000  1.0000000  0.0000000 
 0.0000000  0.0000000  1.0000000 

     1.1295440

 1.0000000 




