!  aug-pcJ-2_2006  EMSL  Basis Set Exchange Library   3/18/13 9:59 PM
! Elements                             References
! --------                             ----------
! H He B C N O F Ne Al Si P S Cl Ar: Frank Jensen, The Basis Set Convergence of Spin-Spin Coupling Constants Calculated by Density Functional Methods, J. Chem. Theo. Comp. 2, 1360 (2006).
! 



H:aug-pcJ-2_2006
EMSL BASIS SET LIBRARY

  3
    0    1    2
    6    4    3
    9    4    3

  0.235696E+05  0.942782E+03  0.754226E+02  0.113499E+02  0.259926E+01
  0.735130E+00  0.231669E+00  0.741474E-01  0.223340E-01

 .78366E-4       .0E0       .0E0       .0E0       .0E0       .0E0 
 .35232E-2       .0E0       .0E0       .0E0       .0E0       .0E0 
 .62397E-1       .0E0       .0E0       .0E0       .0E0       .0E0 
      .5E0       .0E0       .0E0       .0E0       .0E0       .0E0 
      .0E0       .1E1       .0E0       .0E0       .0E0       .0E0 
      .0E0       .0E0       .1E1       .0E0       .0E0       .0E0 
      .0E0       .0E0       .0E0       .1E1       .0E0       .0E0 
      .0E0       .0E0       .0E0       .0E0       .1E1       .0E0 
      .0E0       .0E0       .0E0       .0E0       .0E0       .1E1 

  0.960000E+01  0.160000E+01  0.450000E+00  0.670010E-01

      .1E1       .0E0       .0E0       .0E0 
      .0E0       .1E1       .0E0       .0E0 
      .0E0       .0E0       .1E1       .0E0 
      .0E0       .0E0       .0E0       .1E1 

  0.750000E+01  0.125000E+01  0.893340E-01

      .1E1       .0E0       .0E0 
      .0E0       .1E1       .0E0 
      .0E0       .0E0       .1E1 

HE:aug-pcJ-2_2006
EMSL BASIS SET LIBRARY

  3
    0    1    2
    6    4    3
    9    4    3

  0.693030E+05  0.277212E+04  0.221770E+03  0.333745E+02  0.761142E+01
  0.210890E+01  0.628777E+00  0.184688E+00  0.512300E-01

 .79788E-4       .0E0       .0E0       .0E0       .0E0       .0E0 
 .35878E-2       .0E0       .0E0       .0E0       .0E0       .0E0 
 .63327E-1       .0E0       .0E0       .0E0       .0E0       .0E0 
      .5E0       .0E0       .0E0       .0E0       .0E0       .0E0 
      .0E0       .1E1       .0E0       .0E0       .0E0       .0E0 
      .0E0       .0E0       .1E1       .0E0       .0E0       .0E0 
      .0E0       .0E0       .0E0       .1E1       .0E0       .0E0 
      .0E0       .0E0       .0E0       .0E0       .1E1       .0E0 
      .0E0       .0E0       .0E0       .0E0       .0E0       .1E1 

  0.144000E+02  0.240000E+01  0.680000E+00  0.153700E+00

      .1E1       .0E0       .0E0       .0E0 
      .0E0       .1E1       .0E0       .0E0 
      .0E0       .0E0       .1E1       .0E0 
      .0E0       .0E0       .0E0       .1E1 

  0.108000E+02  0.180000E+01  0.204900E+00

      .1E1       .0E0       .0E0 
      .0E0       .1E1       .0E0 
      .0E0       .0E0       .1E1 

B:aug-pcJ-2_2006
EMSL BASIS SET LIBRARY

  4
    0    1    2    3
    8    6    4    3
   13    8    4    3

  0.163139E+07  0.652555E+05  0.522044E+04  0.783187E+03  0.178312E+03
  0.504687E+02  0.162854E+02  0.568847E+01  0.204949E+01  0.514726E+00
  0.215561E+00  0.774565E-01  0.259700E-01

 .39808E-5       .0E0       .0E0       .0E0       .0E0       .0E0       .0E0 
      .0E0 
 .17903E-3       .0E0       .0E0       .0E0       .0E0       .0E0       .0E0 
      .0E0 
 .31708E-2       .0E0       .0E0       .0E0       .0E0       .0E0       .0E0 
      .0E0 
 .25704E-1       .0E0       .0E0       .0E0       .0E0       .0E0       .0E0 
      .0E0 
  .13048E0       .0E0       .0E0       .0E0       .0E0       .0E0       .0E0 
      .0E0 
      .5E0       .0E0       .0E0       .0E0       .0E0       .0E0       .0E0 
      .0E0 
      .0E0       .1E1       .0E0       .0E0       .0E0       .0E0       .0E0 
      .0E0 
      .0E0       .0E0       .1E1       .0E0       .0E0       .0E0       .0E0 
      .0E0 
      .0E0       .0E0       .0E0       .1E1       .0E0       .0E0       .0E0 
      .0E0 
      .0E0       .0E0       .0E0       .0E0       .1E1       .0E0       .0E0 
      .0E0 
      .0E0       .0E0       .0E0       .0E0       .0E0       .1E1       .0E0 
      .0E0 
      .0E0       .0E0       .0E0       .0E0       .0E0       .0E0       .1E1 
      .0E0 
      .0E0       .0E0       .0E0       .0E0       .0E0       .0E0       .0E0 
      .1E1 

  0.141765E+03  0.218100E+02  0.489298E+01  0.139763E+01  0.477473E+00
  0.164193E+00  0.540038E-01  0.166700E-01

  .3875E-2       .0E0       .0E0       .0E0       .0E0       .0E0 
 .67852E-1       .0E0       .0E0       .0E0       .0E0       .0E0 
      .5E0       .0E0       .0E0       .0E0       .0E0       .0E0 
      .0E0       .1E1       .0E0       .0E0       .0E0       .0E0 
      .0E0       .0E0       .1E1       .0E0       .0E0       .0E0 
      .0E0       .0E0       .0E0       .1E1       .0E0       .0E0 
      .0E0       .0E0       .0E0       .0E0       .1E1       .0E0 
      .0E0       .0E0       .0E0       .0E0       .0E0       .1E1 

  0.105000E+02  0.105000E+01  0.350000E+00  0.500100E-01

      .1E1       .0E0       .0E0       .0E0 
      .0E0       .1E1       .0E0       .0E0 
      .0E0       .0E0       .1E1       .0E0 
      .0E0       .0E0       .0E0       .1E1 

  0.435000E+01  0.870000E+00  0.666800E-01

      .1E1       .0E0       .0E0 
      .0E0       .1E1       .0E0 
      .0E0       .0E0       .1E1 

C:aug-pcJ-2_2006
EMSL BASIS SET LIBRARY

  4
    0    1    2    3
    8    6    4    3
   13    8    4    3

  0.245534E+07  0.982137E+05  0.785710E+04  0.117865E+04  0.268325E+03
  0.759483E+02  0.245586E+02  0.862118E+01  0.312784E+01  0.822020E+00
  0.330170E+00  0.114628E+00  0.372170E-01

 .39479E-5       .0E0       .0E0       .0E0       .0E0       .0E0       .0E0 
      .0E0 
 .17754E-3       .0E0       .0E0       .0E0       .0E0       .0E0       .0E0 
      .0E0 
  .3145E-2       .0E0       .0E0       .0E0       .0E0       .0E0       .0E0 
      .0E0 
 .25501E-1       .0E0       .0E0       .0E0       .0E0       .0E0       .0E0 
      .0E0 
  .12969E0       .0E0       .0E0       .0E0       .0E0       .0E0       .0E0 
      .0E0 
      .5E0       .0E0       .0E0       .0E0       .0E0       .0E0       .0E0 
      .0E0 
      .0E0       .1E1       .0E0       .0E0       .0E0       .0E0       .0E0 
      .0E0 
      .0E0       .0E0       .1E1       .0E0       .0E0       .0E0       .0E0 
      .0E0 
      .0E0       .0E0       .0E0       .1E1       .0E0       .0E0       .0E0 
      .0E0 
      .0E0       .0E0       .0E0       .0E0       .1E1       .0E0       .0E0 
      .0E0 
      .0E0       .0E0       .0E0       .0E0       .0E0       .1E1       .0E0 
      .0E0 
      .0E0       .0E0       .0E0       .0E0       .0E0       .0E0       .1E1 
      .0E0 
      .0E0       .0E0       .0E0       .0E0       .0E0       .0E0       .0E0 
      .1E1 

  0.219536E+03  0.337748E+02  0.767659E+01  0.223567E+01  0.764466E+00
  0.262325E+00  0.846377E-01  0.264490E-01

 .37702E-2       .0E0       .0E0       .0E0       .0E0       .0E0 
 .67147E-1       .0E0       .0E0       .0E0       .0E0       .0E0 
      .5E0       .0E0       .0E0       .0E0       .0E0       .0E0 
      .0E0       .1E1       .0E0       .0E0       .0E0       .0E0 
      .0E0       .0E0       .1E1       .0E0       .0E0       .0E0 
      .0E0       .0E0       .0E0       .1E1       .0E0       .0E0 
      .0E0       .0E0       .0E0       .0E0       .1E1       .0E0 
      .0E0       .0E0       .0E0       .0E0       .0E0       .1E1 

  0.140000E+02  0.140000E+01  0.450000E+00  0.793480E-01

      .1E1       .0E0       .0E0       .0E0 
      .0E0       .1E1       .0E0       .0E0 
      .0E0       .0E0       .1E1       .0E0 
      .0E0       .0E0       .0E0       .1E1 

  0.475000E+01  0.950000E+00  0.105800E+00

      .1E1       .0E0       .0E0 
      .0E0       .1E1       .0E0 
      .0E0       .0E0       .1E1 

N:aug-pcJ-2_2006
EMSL BASIS SET LIBRARY

  4
    0    1    2    3
    8    6    4    3
   13    8    4    3

  0.346918E+07  0.138767E+06  0.111014E+05  0.166525E+04  0.379083E+03
  0.107300E+03  0.347472E+02  0.122494E+02  0.447434E+01  0.124037E+01
  0.487426E+00  0.164842E+00  0.521650E-01

 .39226E-5       .0E0       .0E0       .0E0       .0E0       .0E0       .0E0 
      .0E0 
 .17639E-3       .0E0       .0E0       .0E0       .0E0       .0E0       .0E0 
      .0E0 
 .31251E-2       .0E0       .0E0       .0E0       .0E0       .0E0       .0E0 
      .0E0 
 .25344E-1       .0E0       .0E0       .0E0       .0E0       .0E0       .0E0 
      .0E0 
  .12908E0       .0E0       .0E0       .0E0       .0E0       .0E0       .0E0 
      .0E0 
      .5E0       .0E0       .0E0       .0E0       .0E0       .0E0       .0E0 
      .0E0 
      .0E0       .1E1       .0E0       .0E0       .0E0       .0E0       .0E0 
      .0E0 
      .0E0       .0E0       .1E1       .0E0       .0E0       .0E0       .0E0 
      .0E0 
      .0E0       .0E0       .0E0       .1E1       .0E0       .0E0       .0E0 
      .0E0 
      .0E0       .0E0       .0E0       .0E0       .1E1       .0E0       .0E0 
      .0E0 
      .0E0       .0E0       .0E0       .0E0       .0E0       .1E1       .0E0 
      .0E0 
      .0E0       .0E0       .0E0       .0E0       .0E0       .0E0       .1E1 
      .0E0 
      .0E0       .0E0       .0E0       .0E0       .0E0       .0E0       .0E0 
      .1E1 

  0.311572E+03  0.479342E+02  0.109994E+02  0.324724E+01  0.111138E+01
  0.379881E+00  0.120678E+00  0.360230E-01

 .37235E-2       .0E0       .0E0       .0E0       .0E0       .0E0 
 .67021E-1       .0E0       .0E0       .0E0       .0E0       .0E0 
      .5E0       .0E0       .0E0       .0E0       .0E0       .0E0 
      .0E0       .1E1       .0E0       .0E0       .0E0       .0E0 
      .0E0       .0E0       .1E1       .0E0       .0E0       .0E0 
      .0E0       .0E0       .0E0       .1E1       .0E0       .0E0 
      .0E0       .0E0       .0E0       .0E0       .1E1       .0E0 
      .0E0       .0E0       .0E0       .0E0       .0E0       .1E1 

  0.180000E+02  0.180000E+01  0.550000E+00  0.108070E+00

      .1E1       .0E0       .0E0       .0E0 
      .0E0       .1E1       .0E0       .0E0 
      .0E0       .0E0       .1E1       .0E0 
      .0E0       .0E0       .0E0       .1E1 

  0.510000E+01  0.102000E+01  0.144090E+00

      .1E1       .0E0       .0E0 
      .0E0       .1E1       .0E0 
      .0E0       .0E0       .1E1 

O:aug-pcJ-2_2006
EMSL BASIS SET LIBRARY

  4
    0    1    2    3
    8    6    4    3
   13    8    4    3

  0.461950E+07  0.184780E+06  0.147824E+05  0.221733E+04  0.504741E+03
  0.142873E+03  0.463005E+02  0.163373E+02  0.598281E+01  0.167180E+01
  0.646621E+00  0.216687E+00  0.681410E-01

  .3909E-5       .0E0       .0E0       .0E0       .0E0       .0E0       .0E0 
      .0E0 
 .17577E-3       .0E0       .0E0       .0E0       .0E0       .0E0       .0E0 
      .0E0 
 .31144E-2       .0E0       .0E0       .0E0       .0E0       .0E0       .0E0 
      .0E0 
  .2526E-1       .0E0       .0E0       .0E0       .0E0       .0E0       .0E0 
      .0E0 
  .12875E0       .0E0       .0E0       .0E0       .0E0       .0E0       .0E0 
      .0E0 
      .5E0       .0E0       .0E0       .0E0       .0E0       .0E0       .0E0 
      .0E0 
      .0E0       .1E1       .0E0       .0E0       .0E0       .0E0       .0E0 
      .0E0 
      .0E0       .0E0       .1E1       .0E0       .0E0       .0E0       .0E0 
      .0E0 
      .0E0       .0E0       .0E0       .1E1       .0E0       .0E0       .0E0 
      .0E0 
      .0E0       .0E0       .0E0       .0E0       .1E1       .0E0       .0E0 
      .0E0 
      .0E0       .0E0       .0E0       .0E0       .0E0       .1E1       .0E0 
      .0E0 
      .0E0       .0E0       .0E0       .0E0       .0E0       .0E0       .1E1 
      .0E0 
      .0E0       .0E0       .0E0       .0E0       .0E0       .0E0       .0E0 
      .1E1 

  0.392755E+03  0.604239E+02  0.139351E+02  0.415313E+01  0.141579E+01
  0.475491E+00  0.145292E+00  0.418710E-01

  .3751E-2       .0E0       .0E0       .0E0       .0E0       .0E0 
 .67601E-1       .0E0       .0E0       .0E0       .0E0       .0E0 
      .5E0       .0E0       .0E0       .0E0       .0E0       .0E0 
      .0E0       .1E1       .0E0       .0E0       .0E0       .0E0 
      .0E0       .0E0       .1E1       .0E0       .0E0       .0E0 
      .0E0       .0E0       .0E0       .1E1       .0E0       .0E0 
      .0E0       .0E0       .0E0       .0E0       .1E1       .0E0 
      .0E0       .0E0       .0E0       .0E0       .0E0       .1E1 

  0.220000E+02  0.220000E+01  0.650000E+00  0.125610E+00

      .1E1       .0E0       .0E0       .0E0 
      .0E0       .1E1       .0E0       .0E0 
      .0E0       .0E0       .1E1       .0E0 
      .0E0       .0E0       .0E0       .1E1 

  0.550000E+01  0.110000E+01  0.167480E+00

      .1E1       .0E0       .0E0 
      .0E0       .1E1       .0E0 
      .0E0       .0E0       .1E1 

F:aug-pcJ-2_2006
EMSL BASIS SET LIBRARY

  4
    0    1    2    3
    8    6    4    3
   13    8    4    3

  0.597718E+07  0.239087E+06  0.191270E+05  0.286889E+04  0.653038E+03
  0.184852E+03  0.599488E+02  0.211900E+02  0.778456E+01  0.223052E+01
  0.854087E+00  0.283365E+00  0.882760E-01

  .3895E-5       .0E0       .0E0       .0E0       .0E0       .0E0       .0E0 
      .0E0 
 .17514E-3       .0E0       .0E0       .0E0       .0E0       .0E0       .0E0 
      .0E0 
 .31034E-2       .0E0       .0E0       .0E0       .0E0       .0E0       .0E0 
      .0E0 
 .25174E-1       .0E0       .0E0       .0E0       .0E0       .0E0       .0E0 
      .0E0 
  .12841E0       .0E0       .0E0       .0E0       .0E0       .0E0       .0E0 
      .0E0 
      .5E0       .0E0       .0E0       .0E0       .0E0       .0E0       .0E0 
      .0E0 
      .0E0       .1E1       .0E0       .0E0       .0E0       .0E0       .0E0 
      .0E0 
      .0E0       .0E0       .1E1       .0E0       .0E0       .0E0       .0E0 
      .0E0 
      .0E0       .0E0       .0E0       .1E1       .0E0       .0E0       .0E0 
      .0E0 
      .0E0       .0E0       .0E0       .0E0       .1E1       .0E0       .0E0 
      .0E0 
      .0E0       .0E0       .0E0       .0E0       .0E0       .1E1       .0E0 
      .0E0 
      .0E0       .0E0       .0E0       .0E0       .0E0       .0E0       .1E1 
      .0E0 
      .0E0       .0E0       .0E0       .0E0       .0E0       .0E0       .0E0 
      .1E1 

  0.504656E+03  0.776394E+02  0.179653E+02  0.540046E+01  0.184226E+01
  0.615322E+00  0.184888E+00  0.523760E-01

 .37138E-2       .0E0       .0E0       .0E0       .0E0       .0E0 
 .67401E-1       .0E0       .0E0       .0E0       .0E0       .0E0 
      .5E0       .0E0       .0E0       .0E0       .0E0       .0E0 
      .0E0       .1E1       .0E0       .0E0       .0E0       .0E0 
      .0E0       .0E0       .1E1       .0E0       .0E0       .0E0 
      .0E0       .0E0       .0E0       .1E1       .0E0       .0E0 
      .0E0       .0E0       .0E0       .0E0       .1E1       .0E0 
      .0E0       .0E0       .0E0       .0E0       .0E0       .1E1 

  0.280000E+02  0.280000E+01  0.800000E+00  0.157130E+00

      .1E1       .0E0       .0E0       .0E0 
      .0E0       .1E1       .0E0       .0E0 
      .0E0       .0E0       .1E1       .0E0 
      .0E0       .0E0       .0E0       .1E1 

  0.600000E+01  0.120000E+01  0.209510E+00

      .1E1       .0E0       .0E0 
      .0E0       .1E1       .0E0 
      .0E0       .0E0       .1E1 

NE:aug-pcJ-2_2006
EMSL BASIS SET LIBRARY

  4
    0    1    2    3
    8    6    4    3
   13    8    4    3

  0.746237E+07  0.298495E+06  0.238796E+05  0.358170E+04  0.815274E+03
  0.230775E+03  0.748837E+02  0.265176E+02  0.976916E+01  0.283050E+01
  0.107398E+01  0.354000E+00  0.109500E+00

 .38876E-5       .0E0       .0E0       .0E0       .0E0       .0E0       .0E0 
      .0E0 
 .17478E-3       .0E0       .0E0       .0E0       .0E0       .0E0       .0E0 
      .0E0 
 .30973E-2       .0E0       .0E0       .0E0       .0E0       .0E0       .0E0 
      .0E0 
 .25125E-1       .0E0       .0E0       .0E0       .0E0       .0E0       .0E0 
      .0E0 
  .12822E0       .0E0       .0E0       .0E0       .0E0       .0E0       .0E0 
      .0E0 
      .5E0       .0E0       .0E0       .0E0       .0E0       .0E0       .0E0 
      .0E0 
      .0E0       .1E1       .0E0       .0E0       .0E0       .0E0       .0E0 
      .0E0 
      .0E0       .0E0       .1E1       .0E0       .0E0       .0E0       .0E0 
      .0E0 
      .0E0       .0E0       .0E0       .1E1       .0E0       .0E0       .0E0 
      .0E0 
      .0E0       .0E0       .0E0       .0E0       .1E1       .0E0       .0E0 
      .0E0 
      .0E0       .0E0       .0E0       .0E0       .0E0       .1E1       .0E0 
      .0E0 
      .0E0       .0E0       .0E0       .0E0       .0E0       .0E0       .1E1 
      .0E0 
      .0E0       .0E0       .0E0       .0E0       .0E0       .0E0       .0E0 
      .1E1 

  0.631190E+03  0.971062E+02  0.225433E+02  0.681727E+01  0.232630E+01
  0.774247E+00  0.230256E+00  0.646200E-01

 .36906E-2       .0E0       .0E0       .0E0       .0E0       .0E0 
 .67295E-1       .0E0       .0E0       .0E0       .0E0       .0E0 
      .5E0       .0E0       .0E0       .0E0       .0E0       .0E0 
      .0E0       .1E1       .0E0       .0E0       .0E0       .0E0 
      .0E0       .0E0       .1E1       .0E0       .0E0       .0E0 
      .0E0       .0E0       .0E0       .1E1       .0E0       .0E0 
      .0E0       .0E0       .0E0       .0E0       .1E1       .0E0 
      .0E0       .0E0       .0E0       .0E0       .0E0       .1E1 

  0.300000E+02  0.300000E+01  0.850000E+00  0.193900E+00

      .1E1       .0E0       .0E0       .0E0 
      .0E0       .1E1       .0E0       .0E0 
      .0E0       .0E0       .1E1       .0E0 
      .0E0       .0E0       .0E0       .1E1 

  0.650000E+01  0.130000E+01  0.258500E+00

      .1E1       .0E0       .0E0 
      .0E0       .1E1       .0E0 
      .0E0       .0E0       .1E1 

AL:aug-pcJ-2_2006
EMSL BASIS SET LIBRARY

  4
    0    1    2    3
    9    7    4    3
   16   12    4    3

  0.311689E+08  0.124676E+07  0.997406E+05  0.149488E+05  0.340254E+04
  0.963526E+03  0.314045E+03  0.112883E+03  0.434736E+02  0.172917E+02
  0.616220E+01  0.252257E+01  0.968742E+00  0.192507E+00  0.678131E-01
  0.223100E-01

  .6667E-6       .0E0       .0E0       .0E0       .0E0       .0E0       .0E0 
      .0E0       .0E0 
 .30011E-4   -.127E-7       .0E0       .0E0       .0E0       .0E0       .0E0 
      .0E0       .0E0 
 .53247E-3  -.1633E-6       .0E0       .0E0       .0E0       .0E0       .0E0 
      .0E0       .0E0 
 .43257E-2  .21686E-5       .0E0       .0E0       .0E0       .0E0       .0E0 
      .0E0       .0E0 
 .22208E-1  .86753E-4       .0E0       .0E0       .0E0       .0E0       .0E0 
      .0E0       .0E0 
 .88338E-1  .13618E-2       .0E0       .0E0       .0E0       .0E0       .0E0 
      .0E0       .0E0 
  .26704E0  .14234E-1       .0E0       .0E0       .0E0       .0E0       .0E0 
      .0E0       .0E0 
      .5E0   .10498E0       .0E0       .0E0       .0E0       .0E0       .0E0 
      .0E0       .0E0 
      .0E0       .5E0       .0E0       .0E0       .0E0       .0E0       .0E0 
      .0E0       .0E0 
      .0E0       .0E0       .1E1       .0E0       .0E0       .0E0       .0E0 
      .0E0       .0E0 
      .0E0       .0E0       .0E0       .1E1       .0E0       .0E0       .0E0 
      .0E0       .0E0 
      .0E0       .0E0       .0E0       .0E0       .1E1       .0E0       .0E0 
      .0E0       .0E0 
      .0E0       .0E0       .0E0       .0E0       .0E0       .1E1       .0E0 
      .0E0       .0E0 
      .0E0       .0E0       .0E0       .0E0       .0E0       .0E0       .1E1 
      .0E0       .0E0 
      .0E0       .0E0       .0E0       .0E0       .0E0       .0E0       .0E0 
      .1E1       .0E0 
      .0E0       .0E0       .0E0       .0E0       .0E0       .0E0       .0E0 
      .0E0       .1E1 

  0.376812E+04  0.579711E+03  0.137542E+03  0.440670E+02  0.161481E+02
  0.648883E+01  0.266323E+01  0.107925E+01  0.397715E+00  0.134753E+00
  0.421854E-01  0.124300E-01

 .84562E-4       .0E0       .0E0       .0E0       .0E0       .0E0       .0E0 
 .16822E-2       .0E0       .0E0       .0E0       .0E0       .0E0       .0E0 
 .14316E-1       .0E0       .0E0       .0E0       .0E0       .0E0       .0E0 
 .71057E-1       .0E0       .0E0       .0E0       .0E0       .0E0       .0E0 
  .23464E0       .0E0       .0E0       .0E0       .0E0       .0E0       .0E0 
      .5E0       .0E0       .0E0       .0E0       .0E0       .0E0       .0E0 
      .0E0       .1E1       .0E0       .0E0       .0E0       .0E0       .0E0 
      .0E0       .0E0       .1E1       .0E0       .0E0       .0E0       .0E0 
      .0E0       .0E0       .0E0       .1E1       .0E0       .0E0       .0E0 
      .0E0       .0E0       .0E0       .0E0       .1E1       .0E0       .0E0 
      .0E0       .0E0       .0E0       .0E0       .0E0       .1E1       .0E0 
      .0E0       .0E0       .0E0       .0E0       .0E0       .0E0       .1E1 

  0.661500E+02  0.147000E+01  0.330000E+00  0.372900E-01

      .1E1       .0E0       .0E0       .0E0 
      .0E0       .1E1       .0E0       .0E0 
      .0E0       .0E0       .1E1       .0E0 
      .0E0       .0E0       .0E0       .1E1 

  0.216000E+02  0.480000E+00  0.497200E-01

      .1E1       .0E0       .0E0 
      .0E0       .1E1       .0E0 
      .0E0       .0E0       .1E1 

SI:aug-pcJ-2_2006
EMSL BASIS SET LIBRARY

  4
    0    1    2    3
    9    7    4    3
   16   12    4    3

  0.375113E+08  0.150045E+07  0.120036E+06  0.179906E+05  0.409483E+04
  0.115961E+04  0.378002E+03  0.135934E+03  0.524107E+02  0.209268E+02
  0.771301E+01  0.316043E+01  0.123483E+01  0.267752E+00  0.940670E-01
  0.308780E-01

  .6656E-6       .0E0       .0E0       .0E0       .0E0       .0E0       .0E0 
      .0E0       .0E0 
 .29934E-4    -.24E-8       .0E0       .0E0       .0E0       .0E0       .0E0 
      .0E0       .0E0 
 .53173E-3  -.2059E-6       .0E0       .0E0       .0E0       .0E0       .0E0 
      .0E0       .0E0 
 .43124E-2  .44401E-5       .0E0       .0E0       .0E0       .0E0       .0E0 
      .0E0       .0E0 
 .22202E-1  .76995E-4       .0E0       .0E0       .0E0       .0E0       .0E0 
      .0E0       .0E0 
 .88078E-1  .14126E-2       .0E0       .0E0       .0E0       .0E0       .0E0 
      .0E0       .0E0 
   .2683E0  .13768E-1       .0E0       .0E0       .0E0       .0E0       .0E0 
      .0E0       .0E0 
      .5E0   .10539E0       .0E0       .0E0       .0E0       .0E0       .0E0 
      .0E0       .0E0 
      .0E0       .5E0       .0E0       .0E0       .0E0       .0E0       .0E0 
      .0E0       .0E0 
      .0E0       .0E0       .1E1       .0E0       .0E0       .0E0       .0E0 
      .0E0       .0E0 
      .0E0       .0E0       .0E0       .1E1       .0E0       .0E0       .0E0 
      .0E0       .0E0 
      .0E0       .0E0       .0E0       .0E0       .1E1       .0E0       .0E0 
      .0E0       .0E0 
      .0E0       .0E0       .0E0       .0E0       .0E0       .1E1       .0E0 
      .0E0       .0E0 
      .0E0       .0E0       .0E0       .0E0       .0E0       .0E0       .1E1 
      .0E0       .0E0 
      .0E0       .0E0       .0E0       .0E0       .0E0       .0E0       .0E0 
      .1E1       .0E0 
      .0E0       .0E0       .0E0       .0E0       .0E0       .0E0       .0E0 
      .0E0       .1E1 

  0.440132E+04  0.677127E+03  0.160671E+03  0.515846E+02  0.189478E+02
  0.761629E+01  0.313171E+01  0.127035E+01  0.433319E+00  0.160882E+00
  0.548828E-01  0.175270E-01

 .84091E-4       .0E0       .0E0       .0E0       .0E0       .0E0       .0E0 
 .16743E-2       .0E0       .0E0       .0E0       .0E0       .0E0       .0E0 
 .14276E-1       .0E0       .0E0       .0E0       .0E0       .0E0       .0E0 
 .70816E-1       .0E0       .0E0       .0E0       .0E0       .0E0       .0E0 
  .23476E0       .0E0       .0E0       .0E0       .0E0       .0E0       .0E0 
      .5E0       .0E0       .0E0       .0E0       .0E0       .0E0       .0E0 
      .0E0       .1E1       .0E0       .0E0       .0E0       .0E0       .0E0 
      .0E0       .0E0       .1E1       .0E0       .0E0       .0E0       .0E0 
      .0E0       .0E0       .0E0       .1E1       .0E0       .0E0       .0E0 
      .0E0       .0E0       .0E0       .0E0       .1E1       .0E0       .0E0 
      .0E0       .0E0       .0E0       .0E0       .0E0       .1E1       .0E0 
      .0E0       .0E0       .0E0       .0E0       .0E0       .0E0       .1E1 

  0.756000E+02  0.168000E+01  0.380000E+00  0.525800E-01

      .1E1       .0E0       .0E0       .0E0 
      .0E0       .1E1       .0E0       .0E0 
      .0E0       .0E0       .1E1       .0E0 
      .0E0       .0E0       .0E0       .1E1 

  0.243000E+02  0.540000E+00  0.701070E-01

      .1E1       .0E0       .0E0 
      .0E0       .1E1       .0E0 
      .0E0       .0E0       .1E1 

P:aug-pcJ-2_2006
EMSL BASIS SET LIBRARY

  4
    0    1    2    3
    9    7    4    3
   16   12    4    3

  0.455262E+08  0.182105E+07  0.145684E+06  0.218357E+05  0.496987E+04
  0.140734E+04  0.458776E+03  0.165076E+03  0.637443E+02  0.255982E+02
  0.993071E+01  0.396858E+01  0.155647E+01  0.354039E+00  0.123939E+00
  0.405480E-01

   .669E-6       .0E0       .0E0       .0E0       .0E0       .0E0       .0E0 
      .0E0       .0E0 
 .30036E-4   -.144E-7       .0E0       .0E0       .0E0       .0E0       .0E0 
      .0E0       .0E0 
 .53483E-3   .3318E-6       .0E0       .0E0       .0E0       .0E0       .0E0 
      .0E0       .0E0 
 .43222E-2 -.83835E-5       .0E0       .0E0       .0E0       .0E0       .0E0 
      .0E0       .0E0 
 .22375E-1 -.58173E-4       .0E0       .0E0       .0E0       .0E0       .0E0 
      .0E0       .0E0 
 .88241E-1 -.15207E-2       .0E0       .0E0       .0E0       .0E0       .0E0 
      .0E0       .0E0 
   .2724E0 -.13041E-1       .0E0       .0E0       .0E0       .0E0       .0E0 
      .0E0       .0E0 
      .5E0  -.10691E0       .0E0       .0E0       .0E0       .0E0       .0E0 
      .0E0       .0E0 
      .0E0      -.5E0       .0E0       .0E0       .0E0       .0E0       .0E0 
      .0E0       .0E0 
      .0E0       .0E0       .1E1       .0E0       .0E0       .0E0       .0E0 
      .0E0       .0E0 
      .0E0       .0E0       .0E0       .1E1       .0E0       .0E0       .0E0 
      .0E0       .0E0 
      .0E0       .0E0       .0E0       .0E0       .1E1       .0E0       .0E0 
      .0E0       .0E0 
      .0E0       .0E0       .0E0       .0E0       .0E0       .1E1       .0E0 
      .0E0       .0E0 
      .0E0       .0E0       .0E0       .0E0       .0E0       .0E0       .1E1 
      .0E0       .0E0 
      .0E0       .0E0       .0E0       .0E0       .0E0       .0E0       .0E0 
      .1E1       .0E0 
      .0E0       .0E0       .0E0       .0E0       .0E0       .0E0       .0E0 
      .0E0       .1E1 

  0.537048E+04  0.826228E+03  0.196023E+03  0.629511E+02  0.232219E+02
  0.938850E+01  0.389968E+01  0.160483E+01  0.560532E+00  0.211746E+00
  0.734856E-01  0.238480E-01

 .79656E-4       .0E0       .0E0       .0E0       .0E0       .0E0       .0E0 
 .15886E-2       .0E0       .0E0       .0E0       .0E0       .0E0       .0E0 
 .13653E-1       .0E0       .0E0       .0E0       .0E0       .0E0       .0E0 
 .68473E-1       .0E0       .0E0       .0E0       .0E0       .0E0       .0E0 
   .2298E0       .0E0       .0E0       .0E0       .0E0       .0E0       .0E0 
      .5E0       .0E0       .0E0       .0E0       .0E0       .0E0       .0E0 
      .0E0       .1E1       .0E0       .0E0       .0E0       .0E0       .0E0 
      .0E0       .0E0       .1E1       .0E0       .0E0       .0E0       .0E0 
      .0E0       .0E0       .0E0       .1E1       .0E0       .0E0       .0E0 
      .0E0       .0E0       .0E0       .0E0       .1E1       .0E0       .0E0 
      .0E0       .0E0       .0E0       .0E0       .0E0       .1E1       .0E0 
      .0E0       .0E0       .0E0       .0E0       .0E0       .0E0       .1E1 

  0.850500E+02  0.189000E+01  0.430000E+00  0.715430E-01

      .1E1       .0E0       .0E0       .0E0 
      .0E0       .1E1       .0E0       .0E0 
      .0E0       .0E0       .1E1       .0E0 
      .0E0       .0E0       .0E0       .1E1 

  0.270000E+02  0.600000E+00  0.953900E-01

      .1E1       .0E0       .0E0 
      .0E0       .1E1       .0E0 
      .0E0       .0E0       .1E1 

S:aug-pcJ-2_2006
EMSL BASIS SET LIBRARY

  4
    0    1    2    3
    9    7    4    3
   16   12    4    3

  0.537596E+08  0.215038E+07  0.172031E+06  0.257828E+05  0.586816E+04
  0.166173E+04  0.541749E+03  0.195015E+03  0.753959E+02  0.304065E+02
  0.121210E+02  0.477769E+01  0.189064E+01  0.446857E+00  0.156208E+00
  0.510370E-01

  .6696E-6       .0E0       .0E0       .0E0       .0E0       .0E0       .0E0 
      .0E0       .0E0 
 .30036E-4    .241E-7       .0E0       .0E0       .0E0       .0E0       .0E0 
      .0E0       .0E0 
  .5356E-3  -.3789E-6       .0E0       .0E0       .0E0       .0E0       .0E0 
      .0E0       .0E0 
 .43203E-2  .10511E-4       .0E0       .0E0       .0E0       .0E0       .0E0 
      .0E0       .0E0 
 .22434E-1  .48885E-4       .0E0       .0E0       .0E0       .0E0       .0E0 
      .0E0       .0E0 
 .88191E-1  .15724E-2       .0E0       .0E0       .0E0       .0E0       .0E0 
      .0E0       .0E0 
  .27437E0  .12624E-1       .0E0       .0E0       .0E0       .0E0       .0E0 
      .0E0       .0E0 
      .5E0   .10746E0       .0E0       .0E0       .0E0       .0E0       .0E0 
      .0E0       .0E0 
      .0E0       .5E0       .0E0       .0E0       .0E0       .0E0       .0E0 
      .0E0       .0E0 
      .0E0       .0E0       .1E1       .0E0       .0E0       .0E0       .0E0 
      .0E0       .0E0 
      .0E0       .0E0       .0E0       .1E1       .0E0       .0E0       .0E0 
      .0E0       .0E0 
      .0E0       .0E0       .0E0       .0E0       .1E1       .0E0       .0E0 
      .0E0       .0E0 
      .0E0       .0E0       .0E0       .0E0       .0E0       .1E1       .0E0 
      .0E0       .0E0 
      .0E0       .0E0       .0E0       .0E0       .0E0       .0E0       .1E1 
      .0E0       .0E0 
      .0E0       .0E0       .0E0       .0E0       .0E0       .0E0       .0E0 
      .1E1       .0E0 
      .0E0       .0E0       .0E0       .0E0       .0E0       .0E0       .0E0 
      .0E0       .1E1 

  0.629281E+04  0.968124E+03  0.229696E+03  0.738332E+02  0.273117E+02
  0.110740E+02  0.463067E+01  0.192993E+01  0.687828E+00  0.256627E+00
  0.872507E-01  0.277760E-01

 .77683E-4       .0E0       .0E0       .0E0       .0E0       .0E0       .0E0 
 .15508E-2       .0E0       .0E0       .0E0       .0E0       .0E0       .0E0 
  .1338E-1       .0E0       .0E0       .0E0       .0E0       .0E0       .0E0 
 .67403E-1       .0E0       .0E0       .0E0       .0E0       .0E0       .0E0 
  .22774E0       .0E0       .0E0       .0E0       .0E0       .0E0       .0E0 
      .5E0       .0E0       .0E0       .0E0       .0E0       .0E0       .0E0 
      .0E0       .1E1       .0E0       .0E0       .0E0       .0E0       .0E0 
      .0E0       .0E0       .1E1       .0E0       .0E0       .0E0       .0E0 
      .0E0       .0E0       .0E0       .1E1       .0E0       .0E0       .0E0 
      .0E0       .0E0       .0E0       .0E0       .1E1       .0E0       .0E0 
      .0E0       .0E0       .0E0       .0E0       .0E0       .1E1       .0E0 
      .0E0       .0E0       .0E0       .0E0       .0E0       .0E0       .1E1 

  0.945000E+02  0.210000E+01  0.480000E+00  0.833270E-01

      .1E1       .0E0       .0E0       .0E0 
      .0E0       .1E1       .0E0       .0E0 
      .0E0       .0E0       .1E1       .0E0 
      .0E0       .0E0       .0E0       .1E1 

  0.297000E+02  0.660000E+00  0.111100E+00

      .1E1       .0E0       .0E0 
      .0E0       .1E1       .0E0 
      .0E0       .0E0       .1E1 

CL:aug-pcJ-2_2006
EMSL BASIS SET LIBRARY

  4
    0    1    2    3
    9    7    4    3
   16   12    4    3

  0.628606E+08  0.251442E+07  0.201154E+06  0.301463E+05  0.686097E+04
  0.194281E+04  0.633417E+03  0.228102E+03  0.882880E+02  0.357500E+02
  0.145706E+02  0.565799E+01  0.225543E+01  0.549472E+00  0.191260E+00
  0.622410E-01

  .6705E-6       .0E0       .0E0       .0E0       .0E0       .0E0       .0E0 
      .0E0       .0E0 
 .30046E-4    .329E-7       .0E0       .0E0       .0E0       .0E0       .0E0 
      .0E0       .0E0 
 .53648E-3  -.4173E-6       .0E0       .0E0       .0E0       .0E0       .0E0 
      .0E0       .0E0 
 .43197E-2  .12437E-4       .0E0       .0E0       .0E0       .0E0       .0E0 
      .0E0       .0E0 
 .22498E-1  .40758E-4       .0E0       .0E0       .0E0       .0E0       .0E0 
      .0E0       .0E0 
 .88174E-1   .1619E-2       .0E0       .0E0       .0E0       .0E0       .0E0 
      .0E0       .0E0 
   .2763E0  .12253E-1       .0E0       .0E0       .0E0       .0E0       .0E0 
      .0E0       .0E0 
      .5E0   .10794E0       .0E0       .0E0       .0E0       .0E0       .0E0 
      .0E0       .0E0 
      .0E0       .5E0       .0E0       .0E0       .0E0       .0E0       .0E0 
      .0E0       .0E0 
      .0E0       .0E0       .1E1       .0E0       .0E0       .0E0       .0E0 
      .0E0       .0E0 
      .0E0       .0E0       .0E0       .1E1       .0E0       .0E0       .0E0 
      .0E0       .0E0 
      .0E0       .0E0       .0E0       .0E0       .1E1       .0E0       .0E0 
      .0E0       .0E0 
      .0E0       .0E0       .0E0       .0E0       .0E0       .1E1       .0E0 
      .0E0       .0E0 
      .0E0       .0E0       .0E0       .0E0       .0E0       .0E0       .1E1 
      .0E0       .0E0 
      .0E0       .0E0       .0E0       .0E0       .0E0       .0E0       .0E0 
      .1E1       .0E0 
      .0E0       .0E0       .0E0       .0E0       .0E0       .0E0       .0E0 
      .0E0       .1E1 

  0.734431E+04  0.112989E+04  0.268065E+03  0.862217E+02  0.319790E+02
  0.130083E+02  0.547663E+01  0.230897E+01  0.846008E+00  0.316591E+00
  0.107157E+00  0.339700E-01

 .75528E-4       .0E0       .0E0       .0E0       .0E0       .0E0       .0E0 
 .15093E-2       .0E0       .0E0       .0E0       .0E0       .0E0       .0E0 
 .13075E-1       .0E0       .0E0       .0E0       .0E0       .0E0       .0E0 
 .66213E-1       .0E0       .0E0       .0E0       .0E0       .0E0       .0E0 
  .22535E0       .0E0       .0E0       .0E0       .0E0       .0E0       .0E0 
      .5E0       .0E0       .0E0       .0E0       .0E0       .0E0       .0E0 
      .0E0       .1E1       .0E0       .0E0       .0E0       .0E0       .0E0 
      .0E0       .0E0       .1E1       .0E0       .0E0       .0E0       .0E0 
      .0E0       .0E0       .0E0       .1E1       .0E0       .0E0       .0E0 
      .0E0       .0E0       .0E0       .0E0       .1E1       .0E0       .0E0 
      .0E0       .0E0       .0E0       .0E0       .0E0       .1E1       .0E0 
      .0E0       .0E0       .0E0       .0E0       .0E0       .0E0       .1E1 

  0.103950E+03  0.231000E+01  0.520000E+00  0.101910E+00

      .1E1       .0E0       .0E0       .0E0 
      .0E0       .1E1       .0E0       .0E0 
      .0E0       .0E0       .1E1       .0E0 
      .0E0       .0E0       .0E0       .1E1 

  0.324000E+02  0.720000E+00  0.135880E+00

      .1E1       .0E0       .0E0 
      .0E0       .1E1       .0E0 
      .0E0       .0E0       .1E1 

AR:aug-pcJ-2_2006
EMSL BASIS SET LIBRARY

  4
    0    1    2    3
    9    7    4    3
   16   12    4    3

  0.726592E+08  0.290637E+07  0.232509E+06  0.348444E+05  0.793034E+04
  0.224569E+04  0.732218E+03  0.263770E+03  0.102195E+03  0.415255E+02
  0.172018E+02  0.659673E+01  0.264773E+01  0.661927E+00  0.229008E+00
  0.741100E-01

  .6721E-6       .0E0       .0E0       .0E0       .0E0       .0E0       .0E0 
      .0E0       .0E0 
 .30058E-4    .437E-7       .0E0       .0E0       .0E0       .0E0       .0E0 
      .0E0       .0E0 
 .53718E-3  -.3472E-6       .0E0       .0E0       .0E0       .0E0       .0E0 
      .0E0       .0E0 
 .43188E-2  .14765E-4       .0E0       .0E0       .0E0       .0E0       .0E0 
      .0E0       .0E0 
 .22546E-1  .38485E-4       .0E0       .0E0       .0E0       .0E0       .0E0 
      .0E0       .0E0 
 .88139E-1  .16711E-2       .0E0       .0E0       .0E0       .0E0       .0E0 
      .0E0       .0E0 
  .27786E0  .11998E-1       .0E0       .0E0       .0E0       .0E0       .0E0 
      .0E0       .0E0 
      .5E0   .10836E0       .0E0       .0E0       .0E0       .0E0       .0E0 
      .0E0       .0E0 
      .0E0       .5E0       .0E0       .0E0       .0E0       .0E0       .0E0 
      .0E0       .0E0 
      .0E0       .0E0       .1E1       .0E0       .0E0       .0E0       .0E0 
      .0E0       .0E0 
      .0E0       .0E0       .0E0       .1E1       .0E0       .0E0       .0E0 
      .0E0       .0E0 
      .0E0       .0E0       .0E0       .0E0       .1E1       .0E0       .0E0 
      .0E0       .0E0 
      .0E0       .0E0       .0E0       .0E0       .0E0       .1E1       .0E0 
      .0E0       .0E0 
      .0E0       .0E0       .0E0       .0E0       .0E0       .0E0       .1E1 
      .0E0       .0E0 
      .0E0       .0E0       .0E0       .0E0       .0E0       .0E0       .0E0 
      .1E1       .0E0 
      .0E0       .0E0       .0E0       .0E0       .0E0       .0E0       .0E0 
      .0E0       .1E1 

  0.843481E+04  0.129766E+04  0.307863E+03  0.990961E+02  0.368369E+02
  0.150266E+02  0.636619E+01  0.271095E+01  0.101824E+01  0.382742E+00
  0.129456E+00  0.410100E-01

 .74129E-4       .0E0       .0E0       .0E0       .0E0       .0E0       .0E0 
 .14824E-2       .0E0       .0E0       .0E0       .0E0       .0E0       .0E0 
  .1288E-1       .0E0       .0E0       .0E0       .0E0       .0E0       .0E0 
 .65446E-1       .0E0       .0E0       .0E0       .0E0       .0E0       .0E0 
  .22393E0       .0E0       .0E0       .0E0       .0E0       .0E0       .0E0 
      .5E0       .0E0       .0E0       .0E0       .0E0       .0E0       .0E0 
      .0E0       .1E1       .0E0       .0E0       .0E0       .0E0       .0E0 
      .0E0       .0E0       .1E1       .0E0       .0E0       .0E0       .0E0 
      .0E0       .0E0       .0E0       .1E1       .0E0       .0E0       .0E0 
      .0E0       .0E0       .0E0       .0E0       .1E1       .0E0       .0E0 
      .0E0       .0E0       .0E0       .0E0       .0E0       .1E1       .0E0 
      .0E0       .0E0       .0E0       .0E0       .0E0       .0E0       .1E1 

  0.113400E+03  0.252000E+01  0.570000E+00  0.123000E+00

      .1E1       .0E0       .0E0       .0E0 
      .0E0       .1E1       .0E0       .0E0 
      .0E0       .0E0       .1E1       .0E0 
      .0E0       .0E0       .0E0       .1E1 

  0.351000E+02  0.780000E+00  0.164000E+00

      .1E1       .0E0       .0E0 
      .0E0       .1E1       .0E0 
      .0E0       .0E0       .1E1 




