!  aug-cc-pV(D+d)Z  EMSL  Basis Set Exchange Library   3/18/13 6:07 PM
! Elements                             References
! --------                             ----------
! Al - Ar: T.H. Dunning, Jr., K.A. Peterson and A.K. Wilson, J. Chem. Phys. 114,
! 9244 (2001)
!   

! Elements                             References
! --------                             ---------
! Al - Ar: T.H. Dunning, Jr., K. A. Peterson and A. K. Wilson, J. Chem. Phys. 
! 114, 9244 (2001).
!   


AL:aug-cc-pV(D+d)Z
EMSL BASIS SET LIBRARY

  3
    0    1    2
    5    4    3
   13    9    3

 64150.0000000  9617.0000000  2189.0000000   620.5000000   202.7000000
    73.1500000    28.5500000    11.7700000     3.3000000     1.1730000
     0.1752000     0.0647300     0.0231000

 .29025E-3 -.75805E-4  .17508E-4  0.0000000  0.0000000 
 .22506E-2 -.58179E-3  .13421E-3  0.0000000  0.0000000 
 .11646E-1 -.30811E-2  .71244E-3  0.0000000  0.0000000 
 .46738E-1 -.12311E-1  .28433E-2  0.0000000  0.0000000 
   .1463E0 -.41978E-1  .97684E-2  0.0000000  0.0000000 
  .33028E0  -.10337E0  .24185E-1  0.0000000  0.0000000 
  .41586E0  -.19631E0  .47499E-1  0.0000000  0.0000000 
  .18925E0    -.83E-1  .20362E-1  0.0000000  0.0000000 
 .11589E-1   .54104E0  -.15879E0  0.0000000  0.0000000 
-.12838E-2    .5788E0  -.31169E0  0.0000000  0.0000000 
 .42588E-3  .28815E-1   .62015E0  0.0000000  0.0000000 
-.19928E-3  -.9538E-2   .52094E0  1.0000000  0.0000000 
 0.0000000  0.0000000  0.0000000  0.0000000  1.0000000 

   258.8000000    60.8900000    19.1400000     6.8810000     2.5740000
     0.9572000     0.2099000     0.0598600     0.0153000

 .40685E-2 -.74805E-3  0.0000000  0.0000000 
 .30682E-1  -.5458E-2  0.0000000  0.0000000 
  .12915E0 -.24537E-1  0.0000000  0.0000000 
  .32083E0 -.58214E-1  0.0000000  0.0000000 
  .45382E0 -.98376E-1  0.0000000  0.0000000 
  .27507E0 -.26006E-1  0.0000000  0.0000000 
 .19081E-1   .46402E0  0.0000000  0.0000000 
-.31285E-2   .64887E0  1.0000000  0.0000000 
 0.0000000  0.0000000  0.0000000  1.0000000 

     1.1950000     0.1900000     0.0552000

 1.0000000  0.0000000  0.0000000 
 0.0000000  1.0000000  0.0000000 
 0.0000000  0.0000000  1.0000000 

SI:aug-cc-pV(D+d)Z
EMSL BASIS SET LIBRARY

  3
    0    1    2
    5    4    3
   13    9    3

 78860.0000000 11820.0000000  2692.0000000   763.4000000   249.6000000
    90.2800000    35.2900000    14.5100000     4.0530000     1.4820000
     0.2517000     0.0924300     0.0332000

 .27044E-3 -.72318E-4  .18511E-4  0.0000000  0.0000000 
 .20972E-2 -.55512E-3  .14224E-3  0.0000000  0.0000000 
 .10851E-1  -.2938E-2  .75218E-3  0.0000000  0.0000000 
 .43675E-1 -.11769E-1  .30228E-2  0.0000000  0.0000000 
  .13765E0 -.40291E-1  .10368E-1  0.0000000  0.0000000 
  .31664E0  -.10061E0  .26256E-1  0.0000000  0.0000000 
  .41858E0  -.19653E0  .52399E-1  0.0000000  0.0000000 
  .21021E0  -.10238E0  .29096E-1  0.0000000  0.0000000 
 .14495E-1   .52719E0    -.178E0  0.0000000  0.0000000 
-.20359E-2   .59325E0  -.34687E0  0.0000000  0.0000000 
 .62419E-3  .33265E-1   .62302E0  0.0000000  0.0000000 
-.28287E-3 -.97366E-2   .53771E0  1.0000000  0.0000000 
 0.0000000  0.0000000  0.0000000  0.0000000  1.0000000 

   315.9000000    74.4200000    23.4800000     8.4880000     3.2170000
     1.2290000     0.2964000     0.0876800     0.0250000

 .39266E-2  -.8583E-3  0.0000000  0.0000000 
 .29881E-1 -.63033E-2  0.0000000  0.0000000 
  .12721E0 -.28826E-1  0.0000000  0.0000000 
  .32094E0 -.69456E-1  0.0000000  0.0000000 
  .45543E0  -.11949E0  0.0000000  0.0000000 
  .26856E0 -.19958E-1  0.0000000  0.0000000 
 .18834E-1   .51027E0  0.0000000  0.0000000 
-.26243E-2   .60038E0  1.0000000  0.0000000 
 0.0000000  0.0000000  0.0000000  1.0000000 

     1.8030000     0.2750000     0.0840000

 1.0000000  0.0000000  0.0000000 
 0.0000000  1.0000000  0.0000000 
 0.0000000  0.0000000  1.0000000 

P:aug-cc-pV(D+d)Z
EMSL BASIS SET LIBRARY

  3
    0    1    2
    5    4    3
   13    9    3

 94840.0000000 14220.0000000  3236.0000000   917.1000000   299.5000000
   108.1000000    42.1800000    17.2800000     4.8580000     1.8180000
     0.3372000     0.1232000     0.0417000

 .25551E-3 -.69694E-4   .1912E-4  0.0000000  0.0000000 
 .19819E-2 -.53527E-3  .14722E-3  0.0000000  0.0000000 
 .10276E-1 -.28371E-2  .77791E-3  0.0000000  0.0000000 
 .41482E-1 -.11398E-1  .31455E-2  0.0000000  0.0000000 
  .13198E0 -.39293E-1   .1082E-1  0.0000000  0.0000000 
  .30866E0 -.99636E-1  .27996E-1  0.0000000  0.0000000 
  .42065E0  -.19798E0  .56398E-1  0.0000000  0.0000000 
  .22288E0  -.11486E0  .35819E-1  0.0000000  0.0000000 
 .16404E-1    .5186E0  -.19339E0  0.0000000  0.0000000 
-.25426E-2   .60185E0   -.3721E0  0.0000000  0.0000000 
 .74805E-3  .36861E-1   .62425E0  0.0000000  0.0000000 
-.33096E-3 -.97076E-2   .55172E0  1.0000000  0.0000000 
 0.0000000  0.0000000  0.0000000  0.0000000  1.0000000 

   370.5000000    87.3300000    27.5900000    10.0000000     3.8250000
     1.4940000     0.3921000     0.1186000     0.0343000

   .395E-2 -.95983E-3  0.0000000  0.0000000 
 .30249E-1 -.71118E-2  0.0000000  0.0000000 
  .12955E0 -.32712E-1  0.0000000  0.0000000 
  .32759E0 -.79578E-1  0.0000000  0.0000000 
  .45699E0  -.13502E0  0.0000000  0.0000000 
  .25309E0 -.91058E-2  0.0000000  0.0000000 
  .1688E-1    .5378E0  0.0000000  0.0000000 
-.20709E-2   .56907E0  1.0000000  0.0000000 
 0.0000000  0.0000000  0.0000000  1.0000000 

     2.5060000     0.3740000     0.1160000

 1.0000000  0.0000000  0.0000000 
 0.0000000  1.0000000  0.0000000 
 0.0000000  0.0000000  1.0000000 

S:aug-cc-pV(D+d)Z
EMSL BASIS SET LIBRARY

  3
    0    1    2
    5    4    3
   13    9    3

 110800.000000 16610.0000000  3781.0000000  1071.0000000   349.8000000
   126.3000000    49.2600000    20.1600000     5.7200000     2.1820000
     0.4327000     0.1570000     0.0507000

 .24764E-3 -.68704E-4  .19908E-4  0.0000000  0.0000000 
 .19203E-2 -.52768E-3  .15348E-3  0.0000000  0.0000000 
 .99619E-2 -.27967E-2   .8095E-3  0.0000000  0.0000000 
 .40298E-1 -.11265E-1  .32897E-2  0.0000000  0.0000000 
   .1286E0 -.38883E-1  .11297E-1  0.0000000  0.0000000 
  .30348E0 -.99502E-1  .29638E-1  0.0000000  0.0000000 
  .42143E0  -.19974E0  .59985E-1  0.0000000  0.0000000 
  .23078E0  -.12336E0  .41325E-1  0.0000000  0.0000000 
 .17897E-1   .51319E0  -.20747E0  0.0000000  0.0000000 
-.29752E-2   .60712E0  -.39289E0  0.0000000  0.0000000 
 .84952E-3  .39675E-1   .63284E0  0.0000000  0.0000000 
-.36794E-3 -.94686E-2   .55692E0  1.0000000  0.0000000 
 0.0000000  0.0000000  0.0000000  0.0000000  1.0000000 

   399.7000000    94.1900000    29.7500000    10.7700000     4.1190000
     1.6250000     0.4726000     0.1407000     0.0399000

 .44754E-2 -.11625E-2  0.0000000  0.0000000 
 .34171E-1 -.86566E-2  0.0000000  0.0000000 
  .14425E0 -.39089E-1  0.0000000  0.0000000 
  .35393E0 -.93462E-1  0.0000000  0.0000000 
  .45908E0  -.14799E0  0.0000000  0.0000000 
  .20638E0   .3019E-1  0.0000000  0.0000000 
 .10214E-1   .56157E0  0.0000000  0.0000000 
-.60312E-4   .53478E0  1.0000000  0.0000000 
 0.0000000  0.0000000  0.0000000  1.0000000 

     2.9940000     0.4810000     0.1550000

 1.0000000  0.0000000  0.0000000 
 0.0000000  1.0000000  0.0000000 
 0.0000000  0.0000000  1.0000000 

CL:aug-cc-pV(D+d)Z
EMSL BASIS SET LIBRARY

  3
    0    1    2
    5    4    3
   13    9    3

 127900.000000 19170.0000000  4363.0000000  1236.0000000   403.6000000
   145.7000000    56.8100000    23.2300000     6.6440000     2.5750000
     0.5371000     0.1938000     0.0608000

 .24115E-3 -.67892E-4  .20499E-4  0.0000000  0.0000000 
  .1871E-2 -.52184E-3   .1583E-3  0.0000000  0.0000000 
 .97083E-2 -.27651E-2  .83364E-3  0.0000000  0.0000000 
 .39315E-1 -.11154E-1  .33988E-2  0.0000000  0.0000000 
  .12593E0 -.38592E-1  .11674E-1  0.0000000  0.0000000 
  .29934E0 -.99485E-1  .30962E-1  0.0000000  0.0000000 
  .42189E0  -.20139E0  .62953E-1  0.0000000  0.0000000 
   .2372E0  -.13031E0  .46026E-1  0.0000000  0.0000000 
 .19153E-1   .50944E0  -.21931E0  0.0000000  0.0000000 
-.33479E-2   .61072E0  -.40877E0  0.0000000  0.0000000 
 .92988E-3  .42155E-1   .63846E0  0.0000000  0.0000000 
-.39638E-3 -.92343E-2   .56236E0  1.0000000  0.0000000 
 0.0000000  0.0000000  0.0000000  0.0000000  1.0000000 

   417.6000000    98.3300000    31.0400000    11.1900000     4.2490000
     1.6240000     0.5322000     0.1620000     0.0466000

 .52598E-2 -.14357E-2  0.0000000  0.0000000 
 .39833E-1  -.1078E-1  0.0000000  0.0000000 
  .16466E0 -.47008E-1  0.0000000  0.0000000 
  .38732E0  -.11103E0  0.0000000  0.0000000 
  .45707E0  -.15328E0  0.0000000  0.0000000 
  .15164E0  .89461E-1  0.0000000  0.0000000 
 .18162E-2   .57944E0  0.0000000  0.0000000 
  .1883E-2   .48327E0  1.0000000  0.0000000 
 0.0000000  0.0000000  0.0000000  1.0000000 

     3.6520000     0.6030000     0.1980000

 1.0000000  0.0000000  0.0000000 
 0.0000000  1.0000000  0.0000000 
 0.0000000  0.0000000  1.0000000 

AR:aug-cc-pV(D+d)Z
EMSL BASIS SET LIBRARY

  3
    0    1    2
    5    4    3
   13    9    3

 145700.000000 21840.0000000  4972.0000000  1408.0000000   459.7000000
   165.9000000    64.6900000    26.4400000     7.6280000     2.9960000
     0.6504000     0.2337000     0.0709000

  .2367E-3 -.67491E-4  .21046E-4  0.0000000  0.0000000 
 .18352E-2 -.51852E-3  .16256E-3  0.0000000  0.0000000 
 .95286E-2 -.27482E-2  .85546E-3  0.0000000  0.0000000 
 .38628E-1 -.11101E-1  .34974E-2  0.0000000  0.0000000 
  .12408E0 -.38482E-1  .12016E-1  0.0000000  0.0000000 
  .29647E0  -.9976E-1  .32137E-1  0.0000000  0.0000000 
  .42207E0  -.20309E0  .65528E-1  0.0000000  0.0000000 
  .24171E0  -.13561E0  .49937E-1  0.0000000  0.0000000 
 .20051E-1    .5072E0  -.22977E0  0.0000000  0.0000000 
  -.361E-2    .6129E0  -.42101E0  0.0000000  0.0000000 
 .97561E-3  .44297E-1   .64233E0  0.0000000  0.0000000 
-.41132E-3 -.89928E-2   .56754E0  1.0000000  0.0000000 
 0.0000000  0.0000000  0.0000000  0.0000000  1.0000000 

   453.7000000   106.8000000    33.7300000    12.1300000     4.5940000
     1.6780000     0.5909000     0.1852000     0.0533000

 .57056E-2 -.16066E-2  0.0000000  0.0000000 
 .43046E-1 -.12171E-1  0.0000000  0.0000000 
  .17659E0 -.52079E-1  0.0000000  0.0000000 
  .40686E0  -.12374E0  0.0000000  0.0000000 
  .45255E0  -.15162E0  0.0000000  0.0000000 
   .1228E0   .14242E0  0.0000000  0.0000000 
  -.446E-2    .5845E0  0.0000000  0.0000000 
 .20522E-2   .43754E0  1.0000000  0.0000000 
 0.0000000  0.0000000  0.0000000  1.0000000 

     4.3900000     0.7390000     0.2380000

 1.0000000  0.0000000  0.0000000 
 0.0000000  1.0000000  0.0000000 
 0.0000000  0.0000000  1.0000000 




