!  aug-pcJ-3_2006  EMSL  Basis Set Exchange Library   3/18/13 10:00 PM
! Elements                             References
! --------                             ----------
! H He B C N O F Ne Al Si P S Cl Ar: Frank Jensen, The Basis Set Convergence of Spin-Spin Coupling Constants Calculated by Density Functional Methods, J. Chem. Theo. Comp. 2, 1360 (2006).
! 



H:aug-pcJ-3_2006
EMSL BASIS SET LIBRARY

  4
    0    1    2    3
    9    6    4    2
   12    6    4    2

  0.242090E+06  0.968361E+04  0.774689E+03  0.116159E+03  0.264490E+02
  0.750149E+01  0.245685E+01  0.887743E+00  0.340847E+00  0.134773E+00
  0.522633E-01  0.188000E-01

 .76856E-4       .0E0       .0E0       .0E0       .0E0       .0E0       .0E0 
      .0E0       .0E0 
 .34561E-2       .0E0       .0E0       .0E0       .0E0       .0E0       .0E0 
      .0E0       .0E0 
 .61307E-1       .0E0       .0E0       .0E0       .0E0       .0E0       .0E0 
      .0E0       .0E0 
      .5E0       .0E0       .0E0       .0E0       .0E0       .0E0       .0E0 
      .0E0       .0E0 
      .0E0       .1E1       .0E0       .0E0       .0E0       .0E0       .0E0 
      .0E0       .0E0 
      .0E0       .0E0       .1E1       .0E0       .0E0       .0E0       .0E0 
      .0E0       .0E0 
      .0E0       .0E0       .0E0       .1E1       .0E0       .0E0       .0E0 
      .0E0       .0E0 
      .0E0       .0E0       .0E0       .0E0       .1E1       .0E0       .0E0 
      .0E0       .0E0 
      .0E0       .0E0       .0E0       .0E0       .0E0       .1E1       .0E0 
      .0E0       .0E0 
      .0E0       .0E0       .0E0       .0E0       .0E0       .0E0       .1E1 
      .0E0       .0E0 
      .0E0       .0E0       .0E0       .0E0       .0E0       .0E0       .0E0 
      .1E1       .0E0 
      .0E0       .0E0       .0E0       .0E0       .0E0       .0E0       .0E0 
      .0E0       .1E1 

  0.390000E+02  0.650000E+01  0.155000E+01  0.550000E+00  0.200000E+00
  0.563990E-01

      .1E1       .0E0       .0E0       .0E0       .0E0       .0E0 
      .0E0       .1E1       .0E0       .0E0       .0E0       .0E0 
      .0E0       .0E0       .1E1       .0E0       .0E0       .0E0 
      .0E0       .0E0       .0E0       .1E1       .0E0       .0E0 
      .0E0       .0E0       .0E0       .0E0       .1E1       .0E0 
      .0E0       .0E0       .0E0       .0E0       .0E0       .1E1 

  0.117000E+02  0.195000E+01  0.650000E+00  0.751990E-01

      .1E1       .0E0       .0E0       .0E0 
      .0E0       .1E1       .0E0       .0E0 
      .0E0       .0E0       .1E1       .0E0 
      .0E0       .0E0       .0E0       .1E1 

  0.220000E+01  0.939990E-01

      .1E1       .0E0 
      .0E0       .1E1 

HE:aug-pcJ-3_2006
EMSL BASIS SET LIBRARY

  4
    0    1    2    3
    9    6    4    2
   12    6    4    2

  0.677320E+06  0.270928E+05  0.216742E+04  0.324988E+03  0.739935E+02
  0.209754E+02  0.684520E+01  0.243945E+01  0.902506E+00  0.333134E+00
  0.124133E+00  0.430400E-01

 .77036E-4       .0E0       .0E0       .0E0       .0E0       .0E0       .0E0 
      .0E0       .0E0 
 .34631E-2       .0E0       .0E0       .0E0       .0E0       .0E0       .0E0 
      .0E0       .0E0 
 .61431E-1       .0E0       .0E0       .0E0       .0E0       .0E0       .0E0 
      .0E0       .0E0 
      .5E0       .0E0       .0E0       .0E0       .0E0       .0E0       .0E0 
      .0E0       .0E0 
      .0E0       .1E1       .0E0       .0E0       .0E0       .0E0       .0E0 
      .0E0       .0E0 
      .0E0       .0E0       .1E1       .0E0       .0E0       .0E0       .0E0 
      .0E0       .0E0 
      .0E0       .0E0       .0E0       .1E1       .0E0       .0E0       .0E0 
      .0E0       .0E0 
      .0E0       .0E0       .0E0       .0E0       .1E1       .0E0       .0E0 
      .0E0       .0E0 
      .0E0       .0E0       .0E0       .0E0       .0E0       .1E1       .0E0 
      .0E0       .0E0 
      .0E0       .0E0       .0E0       .0E0       .0E0       .0E0       .1E1 
      .0E0       .0E0 
      .0E0       .0E0       .0E0       .0E0       .0E0       .0E0       .0E0 
      .1E1       .0E0 
      .0E0       .0E0       .0E0       .0E0       .0E0       .0E0       .0E0 
      .0E0       .1E1 

  0.642000E+02  0.107000E+02  0.255000E+01  0.900000E+00  0.330000E+00
  0.129100E+00

      .1E1       .0E0       .0E0       .0E0       .0E0       .0E0 
      .0E0       .1E1       .0E0       .0E0       .0E0       .0E0 
      .0E0       .0E0       .1E1       .0E0       .0E0       .0E0 
      .0E0       .0E0       .0E0       .1E1       .0E0       .0E0 
      .0E0       .0E0       .0E0       .0E0       .1E1       .0E0 
      .0E0       .0E0       .0E0       .0E0       .0E0       .1E1 

  0.192000E+02  0.320000E+01  0.107000E+01  0.172200E+00

      .1E1       .0E0       .0E0       .0E0 
      .0E0       .1E1       .0E0       .0E0 
      .0E0       .0E0       .1E1       .0E0 
      .0E0       .0E0       .0E0       .1E1 

  0.320000E+01  0.215200E+00

      .1E1       .0E0 
      .0E0       .1E1 

B:aug-pcJ-3_2006
EMSL BASIS SET LIBRARY

  5
    0    1    2    3    4
   11    9    6    4    2
   17   11    6    4    2

  0.179421E+08  0.717685E+06  0.574148E+05  0.860153E+04  0.195779E+04
  0.554611E+03  0.181051E+03  0.654909E+02  0.255994E+02  0.105323E+02
  0.444648E+01  0.188320E+01  0.698312E+00  0.343100E+00  0.142760E+00
  0.581574E-01  0.219100E-01

  .9834E-6       .0E0       .0E0       .0E0       .0E0       .0E0       .0E0 
      .0E0       .0E0       .0E0       .0E0 
 .44297E-4       .0E0       .0E0       .0E0       .0E0       .0E0       .0E0 
      .0E0       .0E0       .0E0       .0E0 
 .78679E-3       .0E0       .0E0       .0E0       .0E0       .0E0       .0E0 
      .0E0       .0E0       .0E0       .0E0 
 .64177E-2       .0E0       .0E0       .0E0       .0E0       .0E0       .0E0 
      .0E0       .0E0       .0E0       .0E0 
 .33491E-1       .0E0       .0E0       .0E0       .0E0       .0E0       .0E0 
      .0E0       .0E0       .0E0       .0E0 
  .14054E0       .0E0       .0E0       .0E0       .0E0       .0E0       .0E0 
      .0E0       .0E0       .0E0       .0E0 
      .5E0       .0E0       .0E0       .0E0       .0E0       .0E0       .0E0 
      .0E0       .0E0       .0E0       .0E0 
      .0E0       .1E1       .0E0       .0E0       .0E0       .0E0       .0E0 
      .0E0       .0E0       .0E0       .0E0 
      .0E0       .0E0       .1E1       .0E0       .0E0       .0E0       .0E0 
      .0E0       .0E0       .0E0       .0E0 
      .0E0       .0E0       .0E0       .1E1       .0E0       .0E0       .0E0 
      .0E0       .0E0       .0E0       .0E0 
      .0E0       .0E0       .0E0       .0E0       .1E1       .0E0       .0E0 
      .0E0       .0E0       .0E0       .0E0 
      .0E0       .0E0       .0E0       .0E0       .0E0       .1E1       .0E0 
      .0E0       .0E0       .0E0       .0E0 
      .0E0       .0E0       .0E0       .0E0       .0E0       .0E0       .1E1 
      .0E0       .0E0       .0E0       .0E0 
      .0E0       .0E0       .0E0       .0E0       .0E0       .0E0       .0E0 
      .1E1       .0E0       .0E0       .0E0 
      .0E0       .0E0       .0E0       .0E0       .0E0       .0E0       .0E0 
      .0E0       .1E1       .0E0       .0E0 
      .0E0       .0E0       .0E0       .0E0       .0E0       .0E0       .0E0 
      .0E0       .0E0       .1E1       .0E0 
      .0E0       .0E0       .0E0       .0E0       .0E0       .0E0       .0E0 
      .0E0       .0E0       .0E0       .1E1 

  0.585723E+03  0.901112E+02  0.211653E+02  0.656183E+01  0.256465E+01
  0.105104E+01  0.451929E+00  0.194682E+00  0.832120E-01  0.332973E-01
  0.123400E-01

 .29782E-2       .0E0       .0E0       .0E0       .0E0       .0E0       .0E0 
      .0E0       .0E0 
 .57689E-1       .0E0       .0E0       .0E0       .0E0       .0E0       .0E0 
      .0E0       .0E0 
      .5E0       .0E0       .0E0       .0E0       .0E0       .0E0       .0E0 
      .0E0       .0E0 
      .0E0       .1E1       .0E0       .0E0       .0E0       .0E0       .0E0 
      .0E0       .0E0 
      .0E0       .0E0       .1E1       .0E0       .0E0       .0E0       .0E0 
      .0E0       .0E0 
      .0E0       .0E0       .0E0       .1E1       .0E0       .0E0       .0E0 
      .0E0       .0E0 
      .0E0       .0E0       .0E0       .0E0       .1E1       .0E0       .0E0 
      .0E0       .0E0 
      .0E0       .0E0       .0E0       .0E0       .0E0       .1E1       .0E0 
      .0E0       .0E0 
      .0E0       .0E0       .0E0       .0E0       .0E0       .0E0       .1E1 
      .0E0       .0E0 
      .0E0       .0E0       .0E0       .0E0       .0E0       .0E0       .0E0 
      .1E1       .0E0 
      .0E0       .0E0       .0E0       .0E0       .0E0       .0E0       .0E0 
      .0E0       .1E1 

  0.220000E+02  0.400000E+01  0.105000E+01  0.400000E+00  0.150000E+00
  0.370100E-01

      .1E1       .0E0       .0E0       .0E0       .0E0       .0E0 
      .0E0       .1E1       .0E0       .0E0       .0E0       .0E0 
      .0E0       .0E0       .1E1       .0E0       .0E0       .0E0 
      .0E0       .0E0       .0E0       .1E1       .0E0       .0E0 
      .0E0       .0E0       .0E0       .0E0       .1E1       .0E0 
      .0E0       .0E0       .0E0       .0E0       .0E0       .1E1 

  0.420000E+01  0.120000E+01  0.520000E+00  0.493500E-01

      .1E1       .0E0       .0E0       .0E0 
      .0E0       .1E1       .0E0       .0E0 
      .0E0       .0E0       .1E1       .0E0 
      .0E0       .0E0       .0E0       .1E1 

  0.130000E+01  0.616800E-01

      .1E1       .0E0 
      .0E0       .1E1 

C:aug-pcJ-3_2006
EMSL BASIS SET LIBRARY

  5
    0    1    2    3    4
   11    9    6    4    2
   17   11    6    4    2

  0.272316E+08  0.108927E+07  0.871412E+05  0.130520E+05  0.297061E+04
  0.841460E+03  0.274589E+03  0.992150E+02  0.386940E+02  0.159109E+02
  0.676677E+01  0.289837E+01  0.112459E+01  0.514464E+00  0.211760E+00
  0.850172E-01  0.316050E-01

  .9798E-6       .0E0       .0E0       .0E0       .0E0       .0E0       .0E0 
      .0E0       .0E0       .0E0       .0E0 
 .44135E-4       .0E0       .0E0       .0E0       .0E0       .0E0       .0E0 
      .0E0       .0E0       .0E0       .0E0 
 .78406E-3       .0E0       .0E0       .0E0       .0E0       .0E0       .0E0 
      .0E0       .0E0       .0E0       .0E0 
 .63971E-2       .0E0       .0E0       .0E0       .0E0       .0E0       .0E0 
      .0E0       .0E0       .0E0       .0E0 
 .33387E-1       .0E0       .0E0       .0E0       .0E0       .0E0       .0E0 
      .0E0       .0E0       .0E0       .0E0 
   .1402E0       .0E0       .0E0       .0E0       .0E0       .0E0       .0E0 
      .0E0       .0E0       .0E0       .0E0 
      .5E0       .0E0       .0E0       .0E0       .0E0       .0E0       .0E0 
      .0E0       .0E0       .0E0       .0E0 
      .0E0       .1E1       .0E0       .0E0       .0E0       .0E0       .0E0 
      .0E0       .0E0       .0E0       .0E0 
      .0E0       .0E0       .1E1       .0E0       .0E0       .0E0       .0E0 
      .0E0       .0E0       .0E0       .0E0 
      .0E0       .0E0       .0E0       .1E1       .0E0       .0E0       .0E0 
      .0E0       .0E0       .0E0       .0E0 
      .0E0       .0E0       .0E0       .0E0       .1E1       .0E0       .0E0 
      .0E0       .0E0       .0E0       .0E0 
      .0E0       .0E0       .0E0       .0E0       .0E0       .1E1       .0E0 
      .0E0       .0E0       .0E0       .0E0 
      .0E0       .0E0       .0E0       .0E0       .0E0       .0E0       .1E1 
      .0E0       .0E0       .0E0       .0E0 
      .0E0       .0E0       .0E0       .0E0       .0E0       .0E0       .0E0 
      .1E1       .0E0       .0E0       .0E0 
      .0E0       .0E0       .0E0       .0E0       .0E0       .0E0       .0E0 
      .0E0       .1E1       .0E0       .0E0 
      .0E0       .0E0       .0E0       .0E0       .0E0       .0E0       .0E0 
      .0E0       .0E0       .1E1       .0E0 
      .0E0       .0E0       .0E0       .0E0       .0E0       .0E0       .0E0 
      .0E0       .0E0       .0E0       .1E1 

  0.963557E+03  0.148240E+03  0.349117E+02  0.108936E+02  0.419336E+01
  0.171343E+01  0.735662E+00  0.316374E+00  0.132416E+00  0.519006E-01
  0.188730E-01

 .29098E-2       .0E0       .0E0       .0E0       .0E0       .0E0       .0E0 
      .0E0       .0E0 
 .56838E-1       .0E0       .0E0       .0E0       .0E0       .0E0       .0E0 
      .0E0       .0E0 
      .5E0       .0E0       .0E0       .0E0       .0E0       .0E0       .0E0 
      .0E0       .0E0 
      .0E0       .1E1       .0E0       .0E0       .0E0       .0E0       .0E0 
      .0E0       .0E0 
      .0E0       .0E0       .1E1       .0E0       .0E0       .0E0       .0E0 
      .0E0       .0E0 
      .0E0       .0E0       .0E0       .1E1       .0E0       .0E0       .0E0 
      .0E0       .0E0 
      .0E0       .0E0       .0E0       .0E0       .1E1       .0E0       .0E0 
      .0E0       .0E0 
      .0E0       .0E0       .0E0       .0E0       .0E0       .1E1       .0E0 
      .0E0       .0E0 
      .0E0       .0E0       .0E0       .0E0       .0E0       .0E0       .1E1 
      .0E0       .0E0 
      .0E0       .0E0       .0E0       .0E0       .0E0       .0E0       .0E0 
      .1E1       .0E0 
      .0E0       .0E0       .0E0       .0E0       .0E0       .0E0       .0E0 
      .0E0       .1E1 

  0.286000E+02  0.520000E+01  0.135000E+01  0.520000E+00  0.200000E+00
  0.566190E-01

      .1E1       .0E0       .0E0       .0E0       .0E0       .0E0 
      .0E0       .1E1       .0E0       .0E0       .0E0       .0E0 
      .0E0       .0E0       .1E1       .0E0       .0E0       .0E0 
      .0E0       .0E0       .0E0       .1E1       .0E0       .0E0 
      .0E0       .0E0       .0E0       .0E0       .1E1       .0E0 
      .0E0       .0E0       .0E0       .0E0       .0E0       .1E1 

  0.525000E+01  0.150000E+01  0.650000E+00  0.754920E-01

      .1E1       .0E0       .0E0       .0E0 
      .0E0       .1E1       .0E0       .0E0 
      .0E0       .0E0       .1E1       .0E0 
      .0E0       .0E0       .0E0       .1E1 

  0.140000E+01  0.943650E-01

      .1E1       .0E0 
      .0E0       .1E1 

N:aug-pcJ-3_2006
EMSL BASIS SET LIBRARY

  5
    0    1    2    3    4
   11    9    6    4    2
   17   11    6    4    2

  0.389206E+08  0.155682E+07  0.124546E+06  0.186556E+05  0.424506E+04
  0.120210E+04  0.392142E+03  0.141580E+03  0.551359E+02  0.226432E+02
  0.965655E+01  0.416854E+01  0.166780E+01  0.745736E+00  0.305157E+00
  0.120888E+00  0.444440E-01

  .9764E-6       .0E0       .0E0       .0E0       .0E0       .0E0       .0E0 
      .0E0       .0E0       .0E0       .0E0 
 .43997E-4       .0E0       .0E0       .0E0       .0E0       .0E0       .0E0 
      .0E0       .0E0       .0E0       .0E0 
  .7815E-3       .0E0       .0E0       .0E0       .0E0       .0E0       .0E0 
      .0E0       .0E0       .0E0       .0E0 
  .6377E-2       .0E0       .0E0       .0E0       .0E0       .0E0       .0E0 
      .0E0       .0E0       .0E0       .0E0 
 .33298E-1       .0E0       .0E0       .0E0       .0E0       .0E0       .0E0 
      .0E0       .0E0       .0E0       .0E0 
  .13995E0       .0E0       .0E0       .0E0       .0E0       .0E0       .0E0 
      .0E0       .0E0       .0E0       .0E0 
      .5E0       .0E0       .0E0       .0E0       .0E0       .0E0       .0E0 
      .0E0       .0E0       .0E0       .0E0 
      .0E0       .1E1       .0E0       .0E0       .0E0       .0E0       .0E0 
      .0E0       .0E0       .0E0       .0E0 
      .0E0       .0E0       .1E1       .0E0       .0E0       .0E0       .0E0 
      .0E0       .0E0       .0E0       .0E0 
      .0E0       .0E0       .0E0       .1E1       .0E0       .0E0       .0E0 
      .0E0       .0E0       .0E0       .0E0 
      .0E0       .0E0       .0E0       .0E0       .1E1       .0E0       .0E0 
      .0E0       .0E0       .0E0       .0E0 
      .0E0       .0E0       .0E0       .0E0       .0E0       .1E1       .0E0 
      .0E0       .0E0       .0E0       .0E0 
      .0E0       .0E0       .0E0       .0E0       .0E0       .0E0       .1E1 
      .0E0       .0E0       .0E0       .0E0 
      .0E0       .0E0       .0E0       .0E0       .0E0       .0E0       .0E0 
      .1E1       .0E0       .0E0       .0E0 
      .0E0       .0E0       .0E0       .0E0       .0E0       .0E0       .0E0 
      .0E0       .1E1       .0E0       .0E0 
      .0E0       .0E0       .0E0       .0E0       .0E0       .0E0       .0E0 
      .0E0       .0E0       .1E1       .0E0 
      .0E0       .0E0       .0E0       .0E0       .0E0       .0E0       .0E0 
      .0E0       .0E0       .0E0       .1E1 

  0.141886E+04  0.218287E+03  0.514884E+02  0.161303E+02  0.613074E+01
  0.250523E+01  0.107298E+01  0.458381E+00  0.189481E+00  0.733589E-01
  0.263880E-01

 .28733E-2       .0E0       .0E0       .0E0       .0E0       .0E0       .0E0 
      .0E0       .0E0 
 .56526E-1       .0E0       .0E0       .0E0       .0E0       .0E0       .0E0 
      .0E0       .0E0 
      .5E0       .0E0       .0E0       .0E0       .0E0       .0E0       .0E0 
      .0E0       .0E0 
      .0E0       .1E1       .0E0       .0E0       .0E0       .0E0       .0E0 
      .0E0       .0E0 
      .0E0       .0E0       .1E1       .0E0       .0E0       .0E0       .0E0 
      .0E0       .0E0 
      .0E0       .0E0       .0E0       .1E1       .0E0       .0E0       .0E0 
      .0E0       .0E0 
      .0E0       .0E0       .0E0       .0E0       .1E1       .0E0       .0E0 
      .0E0       .0E0 
      .0E0       .0E0       .0E0       .0E0       .0E0       .1E1       .0E0 
      .0E0       .0E0 
      .0E0       .0E0       .0E0       .0E0       .0E0       .0E0       .1E1 
      .0E0       .0E0 
      .0E0       .0E0       .0E0       .0E0       .0E0       .0E0       .0E0 
      .1E1       .0E0 
      .0E0       .0E0       .0E0       .0E0       .0E0       .0E0       .0E0 
      .0E0       .1E1 

  0.330000E+02  0.600000E+01  0.165000E+01  0.650000E+00  0.250000E+00
  0.791640E-01

      .1E1       .0E0       .0E0       .0E0       .0E0       .0E0 
      .0E0       .1E1       .0E0       .0E0       .0E0       .0E0 
      .0E0       .0E0       .1E1       .0E0       .0E0       .0E0 
      .0E0       .0E0       .0E0       .1E1       .0E0       .0E0 
      .0E0       .0E0       .0E0       .0E0       .1E1       .0E0 
      .0E0       .0E0       .0E0       .0E0       .0E0       .1E1 

  0.630000E+01  0.180000E+01  0.770000E+00  0.105550E+00

      .1E1       .0E0       .0E0       .0E0 
      .0E0       .1E1       .0E0       .0E0 
      .0E0       .0E0       .1E1       .0E0 
      .0E0       .0E0       .0E0       .1E1 

  0.150000E+01  0.131940E+00

      .1E1       .0E0 
      .0E0       .1E1 

O:aug-pcJ-3_2006
EMSL BASIS SET LIBRARY

  5
    0    1    2    3    4
   11    9    6    4    2
   17   11    6    4    2

  0.512593E+08  0.205037E+07  0.164030E+06  0.245674E+05  0.559105E+04
  0.158362E+04  0.516670E+03  0.186555E+03  0.726960E+02  0.299924E+02
  0.128992E+02  0.561355E+01  0.229864E+01  0.999797E+00  0.407461E+00
  0.159225E+00  0.576900E-01

  .9767E-6       .0E0       .0E0       .0E0       .0E0       .0E0       .0E0 
      .0E0       .0E0       .0E0       .0E0 
 .44004E-4       .0E0       .0E0       .0E0       .0E0       .0E0       .0E0 
      .0E0       .0E0       .0E0       .0E0 
 .78172E-3       .0E0       .0E0       .0E0       .0E0       .0E0       .0E0 
      .0E0       .0E0       .0E0       .0E0 
 .63792E-2       .0E0       .0E0       .0E0       .0E0       .0E0       .0E0 
      .0E0       .0E0       .0E0       .0E0 
 .33298E-1       .0E0       .0E0       .0E0       .0E0       .0E0       .0E0 
      .0E0       .0E0       .0E0       .0E0 
  .13992E0       .0E0       .0E0       .0E0       .0E0       .0E0       .0E0 
      .0E0       .0E0       .0E0       .0E0 
      .5E0       .0E0       .0E0       .0E0       .0E0       .0E0       .0E0 
      .0E0       .0E0       .0E0       .0E0 
      .0E0       .1E1       .0E0       .0E0       .0E0       .0E0       .0E0 
      .0E0       .0E0       .0E0       .0E0 
      .0E0       .0E0       .1E1       .0E0       .0E0       .0E0       .0E0 
      .0E0       .0E0       .0E0       .0E0 
      .0E0       .0E0       .0E0       .1E1       .0E0       .0E0       .0E0 
      .0E0       .0E0       .0E0       .0E0 
      .0E0       .0E0       .0E0       .0E0       .1E1       .0E0       .0E0 
      .0E0       .0E0       .0E0       .0E0 
      .0E0       .0E0       .0E0       .0E0       .0E0       .1E1       .0E0 
      .0E0       .0E0       .0E0       .0E0 
      .0E0       .0E0       .0E0       .0E0       .0E0       .0E0       .1E1 
      .0E0       .0E0       .0E0       .0E0 
      .0E0       .0E0       .0E0       .0E0       .0E0       .0E0       .0E0 
      .1E1       .0E0       .0E0       .0E0 
      .0E0       .0E0       .0E0       .0E0       .0E0       .0E0       .0E0 
      .0E0       .1E1       .0E0       .0E0 
      .0E0       .0E0       .0E0       .0E0       .0E0       .0E0       .0E0 
      .0E0       .0E0       .1E1       .0E0 
      .0E0       .0E0       .0E0       .0E0       .0E0       .0E0       .0E0 
      .0E0       .0E0       .0E0       .1E1 

  0.176812E+04  0.272018E+03  0.642425E+02  0.202494E+02  0.764384E+01
  0.312320E+01  0.132510E+01  0.555508E+00  0.222286E+00  0.840097E-01
  0.294770E-01

  .2886E-2       .0E0       .0E0       .0E0       .0E0       .0E0       .0E0 
      .0E0       .0E0 
 .56975E-1       .0E0       .0E0       .0E0       .0E0       .0E0       .0E0 
      .0E0       .0E0 
      .5E0       .0E0       .0E0       .0E0       .0E0       .0E0       .0E0 
      .0E0       .0E0 
      .0E0       .1E1       .0E0       .0E0       .0E0       .0E0       .0E0 
      .0E0       .0E0 
      .0E0       .0E0       .1E1       .0E0       .0E0       .0E0       .0E0 
      .0E0       .0E0 
      .0E0       .0E0       .0E0       .1E1       .0E0       .0E0       .0E0 
      .0E0       .0E0 
      .0E0       .0E0       .0E0       .0E0       .1E1       .0E0       .0E0 
      .0E0       .0E0 
      .0E0       .0E0       .0E0       .0E0       .0E0       .1E1       .0E0 
      .0E0       .0E0 
      .0E0       .0E0       .0E0       .0E0       .0E0       .0E0       .1E1 
      .0E0       .0E0 
      .0E0       .0E0       .0E0       .0E0       .0E0       .0E0       .0E0 
      .1E1       .0E0 
      .0E0       .0E0       .0E0       .0E0       .0E0       .0E0       .0E0 
      .0E0       .1E1 

  0.385000E+02  0.700000E+01  0.200000E+01  0.800000E+00  0.300000E+00
  0.884310E-01

      .1E1       .0E0       .0E0       .0E0       .0E0       .0E0 
      .0E0       .1E1       .0E0       .0E0       .0E0       .0E0 
      .0E0       .0E0       .1E1       .0E0       .0E0       .0E0 
      .0E0       .0E0       .0E0       .1E1       .0E0       .0E0 
      .0E0       .0E0       .0E0       .0E0       .1E1       .0E0 
      .0E0       .0E0       .0E0       .0E0       .0E0       .1E1 

  0.735000E+01  0.210000E+01  0.900000E+00  0.117910E+00

      .1E1       .0E0       .0E0       .0E0 
      .0E0       .1E1       .0E0       .0E0 
      .0E0       .0E0       .1E1       .0E0 
      .0E0       .0E0       .0E0       .1E1 

  0.160000E+01  0.147390E+00

      .1E1       .0E0 
      .0E0       .1E1 

F:aug-pcJ-3_2006
EMSL BASIS SET LIBRARY

  5
    0    1    2    3    4
   11    9    6    4    2
   17   11    6    4    2

  0.673933E+08  0.269573E+07  0.215659E+06  0.322991E+05  0.735044E+04
  0.208182E+04  0.679087E+03  0.245100E+03  0.954615E+02  0.394224E+02
  0.170182E+02  0.745246E+01  0.313290E+01  0.133946E+01  0.542183E+00
  0.209037E+00  0.749240E-01

  .9748E-6       .0E0       .0E0       .0E0       .0E0       .0E0       .0E0 
      .0E0       .0E0       .0E0       .0E0 
 .43919E-4       .0E0       .0E0       .0E0       .0E0       .0E0       .0E0 
      .0E0       .0E0       .0E0       .0E0 
 .78023E-3       .0E0       .0E0       .0E0       .0E0       .0E0       .0E0 
      .0E0       .0E0       .0E0       .0E0 
 .63673E-2       .0E0       .0E0       .0E0       .0E0       .0E0       .0E0 
      .0E0       .0E0       .0E0       .0E0 
  .3324E-1       .0E0       .0E0       .0E0       .0E0       .0E0       .0E0 
      .0E0       .0E0       .0E0       .0E0 
  .13974E0       .0E0       .0E0       .0E0       .0E0       .0E0       .0E0 
      .0E0       .0E0       .0E0       .0E0 
      .5E0       .0E0       .0E0       .0E0       .0E0       .0E0       .0E0 
      .0E0       .0E0       .0E0       .0E0 
      .0E0       .1E1       .0E0       .0E0       .0E0       .0E0       .0E0 
      .0E0       .0E0       .0E0       .0E0 
      .0E0       .0E0       .1E1       .0E0       .0E0       .0E0       .0E0 
      .0E0       .0E0       .0E0       .0E0 
      .0E0       .0E0       .0E0       .1E1       .0E0       .0E0       .0E0 
      .0E0       .0E0       .0E0       .0E0 
      .0E0       .0E0       .0E0       .0E0       .1E1       .0E0       .0E0 
      .0E0       .0E0       .0E0       .0E0 
      .0E0       .0E0       .0E0       .0E0       .0E0       .1E1       .0E0 
      .0E0       .0E0       .0E0       .0E0 
      .0E0       .0E0       .0E0       .0E0       .0E0       .0E0       .1E1 
      .0E0       .0E0       .0E0       .0E0 
      .0E0       .0E0       .0E0       .0E0       .0E0       .0E0       .0E0 
      .1E1       .0E0       .0E0       .0E0 
      .0E0       .0E0       .0E0       .0E0       .0E0       .0E0       .0E0 
      .0E0       .1E1       .0E0       .0E0 
      .0E0       .0E0       .0E0       .0E0       .0E0       .0E0       .0E0 
      .0E0       .0E0       .1E1       .0E0 
      .0E0       .0E0       .0E0       .0E0       .0E0       .0E0       .0E0 
      .0E0       .0E0       .0E0       .1E1 

  0.228290E+04  0.351216E+03  0.829778E+02  0.262671E+02  0.993065E+01
  0.406700E+01  0.172462E+01  0.719760E+00  0.286244E+00  0.107890E+00
  0.378560E-01

 .28714E-2       .0E0       .0E0       .0E0       .0E0       .0E0       .0E0 
      .0E0       .0E0 
 .56806E-1       .0E0       .0E0       .0E0       .0E0       .0E0       .0E0 
      .0E0       .0E0 
      .5E0       .0E0       .0E0       .0E0       .0E0       .0E0       .0E0 
      .0E0       .0E0 
      .0E0       .1E1       .0E0       .0E0       .0E0       .0E0       .0E0 
      .0E0       .0E0 
      .0E0       .0E0       .1E1       .0E0       .0E0       .0E0       .0E0 
      .0E0       .0E0 
      .0E0       .0E0       .0E0       .1E1       .0E0       .0E0       .0E0 
      .0E0       .0E0 
      .0E0       .0E0       .0E0       .0E0       .1E1       .0E0       .0E0 
      .0E0       .0E0 
      .0E0       .0E0       .0E0       .0E0       .0E0       .1E1       .0E0 
      .0E0       .0E0 
      .0E0       .0E0       .0E0       .0E0       .0E0       .0E0       .1E1 
      .0E0       .0E0 
      .0E0       .0E0       .0E0       .0E0       .0E0       .0E0       .0E0 
      .1E1       .0E0 
      .0E0       .0E0       .0E0       .0E0       .0E0       .0E0       .0E0 
      .0E0       .1E1 

  0.462000E+02  0.840000E+01  0.260000E+01  0.100000E+01  0.350000E+00
  0.113570E+00

      .1E1       .0E0       .0E0       .0E0       .0E0       .0E0 
      .0E0       .1E1       .0E0       .0E0       .0E0       .0E0 
      .0E0       .0E0       .1E1       .0E0       .0E0       .0E0 
      .0E0       .0E0       .0E0       .1E1       .0E0       .0E0 
      .0E0       .0E0       .0E0       .0E0       .1E1       .0E0 
      .0E0       .0E0       .0E0       .0E0       .0E0       .1E1 

  0.910000E+01  0.260000E+01  0.105000E+01  0.151420E+00

      .1E1       .0E0       .0E0       .0E0 
      .0E0       .1E1       .0E0       .0E0 
      .0E0       .0E0       .1E1       .0E0 
      .0E0       .0E0       .0E0       .1E1 

  0.170000E+01  0.189280E+00

      .1E1       .0E0 
      .0E0       .1E1 

NE:aug-pcJ-3_2006
EMSL BASIS SET LIBRARY

  5
    0    1    2    3    4
   11    9    6    4    2
   17   11    6    4    2

  0.845824E+08  0.338329E+07  0.270664E+06  0.405414E+05  0.922653E+04
  0.261317E+04  0.852388E+03  0.307607E+03  0.119758E+03  0.494369E+02
  0.213685E+02  0.939206E+01  0.398322E+01  0.168867E+01  0.680305E+00
  0.260241E+00  0.924800E-01

  .9772E-6       .0E0       .0E0       .0E0       .0E0       .0E0       .0E0 
      .0E0       .0E0       .0E0       .0E0 
 .43902E-4       .0E0       .0E0       .0E0       .0E0       .0E0       .0E0 
      .0E0       .0E0       .0E0       .0E0 
 .77982E-3       .0E0       .0E0       .0E0       .0E0       .0E0       .0E0 
      .0E0       .0E0       .0E0       .0E0 
 .63634E-2       .0E0       .0E0       .0E0       .0E0       .0E0       .0E0 
      .0E0       .0E0       .0E0       .0E0 
 .33219E-1       .0E0       .0E0       .0E0       .0E0       .0E0       .0E0 
      .0E0       .0E0       .0E0       .0E0 
  .13968E0       .0E0       .0E0       .0E0       .0E0       .0E0       .0E0 
      .0E0       .0E0       .0E0       .0E0 
      .5E0       .0E0       .0E0       .0E0       .0E0       .0E0       .0E0 
      .0E0       .0E0       .0E0       .0E0 
      .0E0       .1E1       .0E0       .0E0       .0E0       .0E0       .0E0 
      .0E0       .0E0       .0E0       .0E0 
      .0E0       .0E0       .1E1       .0E0       .0E0       .0E0       .0E0 
      .0E0       .0E0       .0E0       .0E0 
      .0E0       .0E0       .0E0       .1E1       .0E0       .0E0       .0E0 
      .0E0       .0E0       .0E0       .0E0 
      .0E0       .0E0       .0E0       .0E0       .1E1       .0E0       .0E0 
      .0E0       .0E0       .0E0       .0E0 
      .0E0       .0E0       .0E0       .0E0       .0E0       .1E1       .0E0 
      .0E0       .0E0       .0E0       .0E0 
      .0E0       .0E0       .0E0       .0E0       .0E0       .0E0       .1E1 
      .0E0       .0E0       .0E0       .0E0 
      .0E0       .0E0       .0E0       .0E0       .0E0       .0E0       .0E0 
      .1E1       .0E0       .0E0       .0E0 
      .0E0       .0E0       .0E0       .0E0       .0E0       .0E0       .0E0 
      .0E0       .1E1       .0E0       .0E0 
      .0E0       .0E0       .0E0       .0E0       .0E0       .0E0       .0E0 
      .0E0       .0E0       .1E1       .0E0 
      .0E0       .0E0       .0E0       .0E0       .0E0       .0E0       .0E0 
      .0E0       .0E0       .0E0       .1E1 

  0.288244E+04  0.443452E+03  0.104816E+03  0.332550E+02  0.125479E+02
  0.514211E+01  0.217829E+01  0.906445E+00  0.359944E+00  0.135148E+00
  0.472100E-01

 .28589E-2       .0E0       .0E0       .0E0       .0E0       .0E0       .0E0 
      .0E0       .0E0 
 .56682E-1       .0E0       .0E0       .0E0       .0E0       .0E0       .0E0 
      .0E0       .0E0 
      .5E0       .0E0       .0E0       .0E0       .0E0       .0E0       .0E0 
      .0E0       .0E0 
      .0E0       .1E1       .0E0       .0E0       .0E0       .0E0       .0E0 
      .0E0       .0E0 
      .0E0       .0E0       .1E1       .0E0       .0E0       .0E0       .0E0 
      .0E0       .0E0 
      .0E0       .0E0       .0E0       .1E1       .0E0       .0E0       .0E0 
      .0E0       .0E0 
      .0E0       .0E0       .0E0       .0E0       .1E1       .0E0       .0E0 
      .0E0       .0E0 
      .0E0       .0E0       .0E0       .0E0       .0E0       .1E1       .0E0 
      .0E0       .0E0 
      .0E0       .0E0       .0E0       .0E0       .0E0       .0E0       .1E1 
      .0E0       .0E0 
      .0E0       .0E0       .0E0       .0E0       .0E0       .0E0       .0E0 
      .1E1       .0E0 
      .0E0       .0E0       .0E0       .0E0       .0E0       .0E0       .0E0 
      .0E0       .1E1 

  0.550000E+02  0.100000E+02  0.300000E+01  0.115000E+01  0.400000E+00
  0.141600E+00

      .1E1       .0E0       .0E0       .0E0       .0E0       .0E0 
      .0E0       .1E1       .0E0       .0E0       .0E0       .0E0 
      .0E0       .0E0       .1E1       .0E0       .0E0       .0E0 
      .0E0       .0E0       .0E0       .1E1       .0E0       .0E0 
      .0E0       .0E0       .0E0       .0E0       .1E1       .0E0 
      .0E0       .0E0       .0E0       .0E0       .0E0       .1E1 

  0.980000E+01  0.280000E+01  0.115000E+01  0.188800E+00

      .1E1       .0E0       .0E0       .0E0 
      .0E0       .1E1       .0E0       .0E0 
      .0E0       .0E0       .1E1       .0E0 
      .0E0       .0E0       .0E0       .1E1 

  0.180000E+01  0.236000E+00

      .1E1       .0E0 
      .0E0       .1E1 

AL:aug-pcJ-3_2006
EMSL BASIS SET LIBRARY

  5
    0    1    2    3    4
   12   11    6    4    2
   20   15    6    4    2

  0.225467E+09  0.901868E+07  0.721495E+06  0.108090E+06  0.246053E+05
  0.697136E+04  0.227488E+04  0.821595E+03  0.320775E+03  0.133150E+03
  0.578165E+02  0.259536E+02  0.118993E+02  0.474985E+01  0.206880E+01
  0.877791E+00  0.249508E+00  0.114618E+00  0.481927E-01  0.186900E-01

  .1654E-6       .0E0       .0E0       .0E0       .0E0       .0E0       .0E0 
      .0E0       .0E0       .0E0       .0E0       .0E0 
  .7327E-5    .376E-7       .0E0       .0E0       .0E0       .0E0       .0E0 
      .0E0       .0E0       .0E0       .0E0       .0E0 
 .13271E-3   -.718E-7       .0E0       .0E0       .0E0       .0E0       .0E0 
      .0E0       .0E0       .0E0       .0E0       .0E0 
 .10574E-2  .67458E-5       .0E0       .0E0       .0E0       .0E0       .0E0 
      .0E0       .0E0       .0E0       .0E0       .0E0 
 .56806E-2 -.10576E-4       .0E0       .0E0       .0E0       .0E0       .0E0 
      .0E0       .0E0       .0E0       .0E0       .0E0 
 .22638E-1   .3298E-3       .0E0       .0E0       .0E0       .0E0       .0E0 
      .0E0       .0E0       .0E0       .0E0       .0E0 
 .83189E-1  .73568E-3       .0E0       .0E0       .0E0       .0E0       .0E0 
      .0E0       .0E0       .0E0       .0E0       .0E0 
  .21952E0  .14956E-1       .0E0       .0E0       .0E0       .0E0       .0E0 
      .0E0       .0E0       .0E0       .0E0       .0E0 
      .5E0  .72004E-1       .0E0       .0E0       .0E0       .0E0       .0E0 
      .0E0       .0E0       .0E0       .0E0       .0E0 
      .0E0       .5E0       .0E0       .0E0       .0E0       .0E0       .0E0 
      .0E0       .0E0       .0E0       .0E0       .0E0 
      .0E0       .0E0       .1E1       .0E0       .0E0       .0E0       .0E0 
      .0E0       .0E0       .0E0       .0E0       .0E0 
      .0E0       .0E0       .0E0       .1E1       .0E0       .0E0       .0E0 
      .0E0       .0E0       .0E0       .0E0       .0E0 
      .0E0       .0E0       .0E0       .0E0       .1E1       .0E0       .0E0 
      .0E0       .0E0       .0E0       .0E0       .0E0 
      .0E0       .0E0       .0E0       .0E0       .0E0       .1E1       .0E0 
      .0E0       .0E0       .0E0       .0E0       .0E0 
      .0E0       .0E0       .0E0       .0E0       .0E0       .0E0       .1E1 
      .0E0       .0E0       .0E0       .0E0       .0E0 
      .0E0       .0E0       .0E0       .0E0       .0E0       .0E0       .0E0 
      .1E1       .0E0       .0E0       .0E0       .0E0 
      .0E0       .0E0       .0E0       .0E0       .0E0       .0E0       .0E0 
      .0E0       .1E1       .0E0       .0E0       .0E0 
      .0E0       .0E0       .0E0       .0E0       .0E0       .0E0       .0E0 
      .0E0       .0E0       .1E1       .0E0       .0E0 
      .0E0       .0E0       .0E0       .0E0       .0E0       .0E0       .0E0 
      .0E0       .0E0       .0E0       .1E1       .0E0 
      .0E0       .0E0       .0E0       .0E0       .0E0       .0E0       .0E0 
      .0E0       .0E0       .0E0       .0E0       .1E1 

  0.131283E+05  0.201974E+04  0.478633E+03  0.155019E+03  0.579042E+02
  0.241400E+02  0.107894E+02  0.497298E+01  0.231607E+01  0.107906E+01
  0.491590E+00  0.204824E+00  0.792561E-01  0.289276E-01  0.983900E-02

 .11354E-3       .0E0       .0E0       .0E0       .0E0       .0E0       .0E0 
      .0E0       .0E0       .0E0       .0E0 
 .23178E-2       .0E0       .0E0       .0E0       .0E0       .0E0       .0E0 
      .0E0       .0E0       .0E0       .0E0 
 .21083E-1       .0E0       .0E0       .0E0       .0E0       .0E0       .0E0 
      .0E0       .0E0       .0E0       .0E0 
  .11742E0       .0E0       .0E0       .0E0       .0E0       .0E0       .0E0 
      .0E0       .0E0       .0E0       .0E0 
      .5E0       .0E0       .0E0       .0E0       .0E0       .0E0       .0E0 
      .0E0       .0E0       .0E0       .0E0 
      .0E0       .1E1       .0E0       .0E0       .0E0       .0E0       .0E0 
      .0E0       .0E0       .0E0       .0E0 
      .0E0       .0E0       .1E1       .0E0       .0E0       .0E0       .0E0 
      .0E0       .0E0       .0E0       .0E0 
      .0E0       .0E0       .0E0       .1E1       .0E0       .0E0       .0E0 
      .0E0       .0E0       .0E0       .0E0 
      .0E0       .0E0       .0E0       .0E0       .1E1       .0E0       .0E0 
      .0E0       .0E0       .0E0       .0E0 
      .0E0       .0E0       .0E0       .0E0       .0E0       .1E1       .0E0 
      .0E0       .0E0       .0E0       .0E0 
      .0E0       .0E0       .0E0       .0E0       .0E0       .0E0       .1E1 
      .0E0       .0E0       .0E0       .0E0 
      .0E0       .0E0       .0E0       .0E0       .0E0       .0E0       .0E0 
      .1E1       .0E0       .0E0       .0E0 
      .0E0       .0E0       .0E0       .0E0       .0E0       .0E0       .0E0 
      .0E0       .1E1       .0E0       .0E0 
      .0E0       .0E0       .0E0       .0E0       .0E0       .0E0       .0E0 
      .0E0       .0E0       .1E1       .0E0 
      .0E0       .0E0       .0E0       .0E0       .0E0       .0E0       .0E0 
      .0E0       .0E0       .0E0       .1E1 

  0.840000E+02  0.560000E+01  0.147000E+01  0.440000E+00  0.160000E+00
  0.295200E-01

      .1E1       .0E0       .0E0       .0E0       .0E0       .0E0 
      .0E0       .1E1       .0E0       .0E0       .0E0       .0E0 
      .0E0       .0E0       .1E1       .0E0       .0E0       .0E0 
      .0E0       .0E0       .0E0       .1E1       .0E0       .0E0 
      .0E0       .0E0       .0E0       .0E0       .1E1       .0E0 
      .0E0       .0E0       .0E0       .0E0       .0E0       .1E1 

  0.192000E+02  0.960000E+00  0.320000E+00  0.393600E-01

      .1E1       .0E0       .0E0       .0E0 
      .0E0       .1E1       .0E0       .0E0 
      .0E0       .0E0       .1E1       .0E0 
      .0E0       .0E0       .0E0       .1E1 

  0.580000E+00  0.492000E-01

      .1E1       .0E0 
      .0E0       .1E1 

SI:aug-pcJ-3_2006
EMSL BASIS SET LIBRARY

  5
    0    1    2    3    4
   12   11    6    4    2
   20   15    6    4    2

  0.274202E+09  0.109681E+08  0.877445E+06  0.131448E+06  0.299289E+05
  0.848016E+04  0.276723E+04  0.999396E+03  0.390144E+03  0.161910E+03
  0.703042E+02  0.315787E+02  0.144804E+02  0.583828E+01  0.259465E+01
  0.112498E+01  0.353562E+00  0.161600E+00  0.672611E-01  0.261050E-01

  .1612E-6       .0E0       .0E0       .0E0       .0E0       .0E0       .0E0 
      .0E0       .0E0       .0E0       .0E0       .0E0 
 .71358E-5    .377E-7       .0E0       .0E0       .0E0       .0E0       .0E0 
      .0E0       .0E0       .0E0       .0E0       .0E0 
 .12928E-3   -.514E-7       .0E0       .0E0       .0E0       .0E0       .0E0 
      .0E0       .0E0       .0E0       .0E0       .0E0 
 .10307E-2  .65548E-5       .0E0       .0E0       .0E0       .0E0       .0E0 
      .0E0       .0E0       .0E0       .0E0       .0E0 
 .55485E-2 -.93931E-5       .0E0       .0E0       .0E0       .0E0       .0E0 
      .0E0       .0E0       .0E0       .0E0       .0E0 
 .22184E-1  .31676E-3       .0E0       .0E0       .0E0       .0E0       .0E0 
      .0E0       .0E0       .0E0       .0E0       .0E0 
  .8186E-1  .71772E-3       .0E0       .0E0       .0E0       .0E0       .0E0 
      .0E0       .0E0       .0E0       .0E0       .0E0 
  .21779E0  .14414E-1       .0E0       .0E0       .0E0       .0E0       .0E0 
      .0E0       .0E0       .0E0       .0E0       .0E0 
      .5E0  .71035E-1       .0E0       .0E0       .0E0       .0E0       .0E0 
      .0E0       .0E0       .0E0       .0E0       .0E0 
      .0E0       .5E0       .0E0       .0E0       .0E0       .0E0       .0E0 
      .0E0       .0E0       .0E0       .0E0       .0E0 
      .0E0       .0E0       .1E1       .0E0       .0E0       .0E0       .0E0 
      .0E0       .0E0       .0E0       .0E0       .0E0 
      .0E0       .0E0       .0E0       .1E1       .0E0       .0E0       .0E0 
      .0E0       .0E0       .0E0       .0E0       .0E0 
      .0E0       .0E0       .0E0       .0E0       .1E1       .0E0       .0E0 
      .0E0       .0E0       .0E0       .0E0       .0E0 
      .0E0       .0E0       .0E0       .0E0       .0E0       .1E1       .0E0 
      .0E0       .0E0       .0E0       .0E0       .0E0 
      .0E0       .0E0       .0E0       .0E0       .0E0       .0E0       .1E1 
      .0E0       .0E0       .0E0       .0E0       .0E0 
      .0E0       .0E0       .0E0       .0E0       .0E0       .0E0       .0E0 
      .1E1       .0E0       .0E0       .0E0       .0E0 
      .0E0       .0E0       .0E0       .0E0       .0E0       .0E0       .0E0 
      .0E0       .1E1       .0E0       .0E0       .0E0 
      .0E0       .0E0       .0E0       .0E0       .0E0       .0E0       .0E0 
      .0E0       .0E0       .1E1       .0E0       .0E0 
      .0E0       .0E0       .0E0       .0E0       .0E0       .0E0       .0E0 
      .0E0       .0E0       .0E0       .1E1       .0E0 
      .0E0       .0E0       .0E0       .0E0       .0E0       .0E0       .0E0 
      .0E0       .0E0       .0E0       .0E0       .1E1 

  0.149703E+05  0.230312E+04  0.545845E+03  0.177054E+03  0.663775E+02
  0.276011E+02  0.123430E+02  0.568939E+01  0.264060E+01  0.120944E+01
  0.520126E+00  0.232558E+00  0.981411E-01  0.383603E-01  0.145600E-01

 .11033E-3       .0E0       .0E0       .0E0       .0E0       .0E0       .0E0 
      .0E0       .0E0       .0E0       .0E0 
 .22416E-2       .0E0       .0E0       .0E0       .0E0       .0E0       .0E0 
      .0E0       .0E0       .0E0       .0E0 
 .20453E-1       .0E0       .0E0       .0E0       .0E0       .0E0       .0E0 
      .0E0       .0E0       .0E0       .0E0 
    .116E0       .0E0       .0E0       .0E0       .0E0       .0E0       .0E0 
      .0E0       .0E0       .0E0       .0E0 
      .5E0       .0E0       .0E0       .0E0       .0E0       .0E0       .0E0 
      .0E0       .0E0       .0E0       .0E0 
      .0E0       .1E1       .0E0       .0E0       .0E0       .0E0       .0E0 
      .0E0       .0E0       .0E0       .0E0 
      .0E0       .0E0       .1E1       .0E0       .0E0       .0E0       .0E0 
      .0E0       .0E0       .0E0       .0E0 
      .0E0       .0E0       .0E0       .1E1       .0E0       .0E0       .0E0 
      .0E0       .0E0       .0E0       .0E0 
      .0E0       .0E0       .0E0       .0E0       .1E1       .0E0       .0E0 
      .0E0       .0E0       .0E0       .0E0 
      .0E0       .0E0       .0E0       .0E0       .0E0       .1E1       .0E0 
      .0E0       .0E0       .0E0       .0E0 
      .0E0       .0E0       .0E0       .0E0       .0E0       .0E0       .1E1 
      .0E0       .0E0       .0E0       .0E0 
      .0E0       .0E0       .0E0       .0E0       .0E0       .0E0       .0E0 
      .1E1       .0E0       .0E0       .0E0 
      .0E0       .0E0       .0E0       .0E0       .0E0       .0E0       .0E0 
      .0E0       .1E1       .0E0       .0E0 
      .0E0       .0E0       .0E0       .0E0       .0E0       .0E0       .0E0 
      .0E0       .0E0       .1E1       .0E0 
      .0E0       .0E0       .0E0       .0E0       .0E0       .0E0       .0E0 
      .0E0       .0E0       .0E0       .1E1 

  0.999000E+02  0.666000E+01  0.175000E+01  0.520000E+00  0.190000E+00
  0.436800E-01

      .1E1       .0E0       .0E0       .0E0       .0E0       .0E0 
      .0E0       .1E1       .0E0       .0E0       .0E0       .0E0 
      .0E0       .0E0       .1E1       .0E0       .0E0       .0E0 
      .0E0       .0E0       .0E0       .1E1       .0E0       .0E0 
      .0E0       .0E0       .0E0       .0E0       .1E1       .0E0 
      .0E0       .0E0       .0E0       .0E0       .0E0       .1E1 

  0.230000E+02  0.115000E+01  0.380000E+00  0.582400E-01

      .1E1       .0E0       .0E0       .0E0 
      .0E0       .1E1       .0E0       .0E0 
      .0E0       .0E0       .1E1       .0E0 
      .0E0       .0E0       .0E0       .1E1 

  0.650000E+00  0.728000E-01

      .1E1       .0E0 
      .0E0       .1E1 

P:aug-pcJ-3_2006
EMSL BASIS SET LIBRARY

  5
    0    1    2    3    4
   12   11    6    4    2
   20   15    6    4    2

  0.332403E+09  0.132961E+08  0.106369E+07  0.160001E+06  0.365133E+05
  0.103592E+05  0.338283E+04  0.122229E+04  0.477305E+03  0.198087E+03
  0.859940E+02  0.386272E+02  0.176880E+02  0.725513E+01  0.326989E+01
  0.143127E+01  0.470467E+00  0.212895E+00  0.877424E-01  0.334080E-01

  .1678E-6       .0E0       .0E0       .0E0       .0E0       .0E0       .0E0 
      .0E0       .0E0       .0E0       .0E0       .0E0 
 .74537E-5   -.349E-7       .0E0       .0E0       .0E0       .0E0       .0E0 
      .0E0       .0E0       .0E0       .0E0       .0E0 
 .13436E-3    .325E-7       .0E0       .0E0       .0E0       .0E0       .0E0 
      .0E0       .0E0       .0E0       .0E0       .0E0 
 .10684E-2  -.5942E-5       .0E0       .0E0       .0E0       .0E0       .0E0 
      .0E0       .0E0       .0E0       .0E0       .0E0 
 .57009E-2  .66571E-5       .0E0       .0E0       .0E0       .0E0       .0E0 
      .0E0       .0E0       .0E0       .0E0       .0E0 
 .22831E-1 -.29755E-3       .0E0       .0E0       .0E0       .0E0       .0E0 
      .0E0       .0E0       .0E0       .0E0       .0E0 
 .83288E-1 -.81825E-3       .0E0       .0E0       .0E0       .0E0       .0E0 
      .0E0       .0E0       .0E0       .0E0       .0E0 
  .22253E0 -.14223E-1       .0E0       .0E0       .0E0       .0E0       .0E0 
      .0E0       .0E0       .0E0       .0E0       .0E0 
      .5E0 -.73124E-1       .0E0       .0E0       .0E0       .0E0       .0E0 
      .0E0       .0E0       .0E0       .0E0       .0E0 
      .0E0      -.5E0       .0E0       .0E0       .0E0       .0E0       .0E0 
      .0E0       .0E0       .0E0       .0E0       .0E0 
      .0E0       .0E0       .1E1       .0E0       .0E0       .0E0       .0E0 
      .0E0       .0E0       .0E0       .0E0       .0E0 
      .0E0       .0E0       .0E0       .1E1       .0E0       .0E0       .0E0 
      .0E0       .0E0       .0E0       .0E0       .0E0 
      .0E0       .0E0       .0E0       .0E0       .1E1       .0E0       .0E0 
      .0E0       .0E0       .0E0       .0E0       .0E0 
      .0E0       .0E0       .0E0       .0E0       .0E0       .1E1       .0E0 
      .0E0       .0E0       .0E0       .0E0       .0E0 
      .0E0       .0E0       .0E0       .0E0       .0E0       .0E0       .1E1 
      .0E0       .0E0       .0E0       .0E0       .0E0 
      .0E0       .0E0       .0E0       .0E0       .0E0       .0E0       .0E0 
      .1E1       .0E0       .0E0       .0E0       .0E0 
      .0E0       .0E0       .0E0       .0E0       .0E0       .0E0       .0E0 
      .0E0       .1E1       .0E0       .0E0       .0E0 
      .0E0       .0E0       .0E0       .0E0       .0E0       .0E0       .0E0 
      .0E0       .0E0       .1E1       .0E0       .0E0 
      .0E0       .0E0       .0E0       .0E0       .0E0       .0E0       .0E0 
      .0E0       .0E0       .0E0       .1E1       .0E0 
      .0E0       .0E0       .0E0       .0E0       .0E0       .0E0       .0E0 
      .0E0       .0E0       .0E0       .0E0       .1E1 

  0.179542E+05  0.276218E+04  0.654784E+03  0.212581E+03  0.798946E+02
  0.333660E+02  0.149865E+02  0.696804E+01  0.328178E+01  0.152471E+01
  0.669237E+00  0.299291E+00  0.128110E+00  0.509917E-01  0.188000E-01

 .11398E-3       .0E0       .0E0       .0E0       .0E0       .0E0       .0E0 
      .0E0       .0E0       .0E0       .0E0 
 .23215E-2       .0E0       .0E0       .0E0       .0E0       .0E0       .0E0 
      .0E0       .0E0       .0E0       .0E0 
 .21164E-1       .0E0       .0E0       .0E0       .0E0       .0E0       .0E0 
      .0E0       .0E0       .0E0       .0E0 
  .11739E0       .0E0       .0E0       .0E0       .0E0       .0E0       .0E0 
      .0E0       .0E0       .0E0       .0E0 
      .5E0       .0E0       .0E0       .0E0       .0E0       .0E0       .0E0 
      .0E0       .0E0       .0E0       .0E0 
      .0E0       .1E1       .0E0       .0E0       .0E0       .0E0       .0E0 
      .0E0       .0E0       .0E0       .0E0 
      .0E0       .0E0       .1E1       .0E0       .0E0       .0E0       .0E0 
      .0E0       .0E0       .0E0       .0E0 
      .0E0       .0E0       .0E0       .1E1       .0E0       .0E0       .0E0 
      .0E0       .0E0       .0E0       .0E0 
      .0E0       .0E0       .0E0       .0E0       .1E1       .0E0       .0E0 
      .0E0       .0E0       .0E0       .0E0 
      .0E0       .0E0       .0E0       .0E0       .0E0       .1E1       .0E0 
      .0E0       .0E0       .0E0       .0E0 
      .0E0       .0E0       .0E0       .0E0       .0E0       .0E0       .1E1 
      .0E0       .0E0       .0E0       .0E0 
      .0E0       .0E0       .0E0       .0E0       .0E0       .0E0       .0E0 
      .1E1       .0E0       .0E0       .0E0 
      .0E0       .0E0       .0E0       .0E0       .0E0       .0E0       .0E0 
      .0E0       .1E1       .0E0       .0E0 
      .0E0       .0E0       .0E0       .0E0       .0E0       .0E0       .0E0 
      .0E0       .0E0       .1E1       .0E0 
      .0E0       .0E0       .0E0       .0E0       .0E0       .0E0       .0E0 
      .0E0       .0E0       .0E0       .1E1 

  0.115650E+03  0.771000E+01  0.203000E+01  0.600000E+00  0.220000E+00
  0.563990E-01

      .1E1       .0E0       .0E0       .0E0       .0E0       .0E0 
      .0E0       .1E1       .0E0       .0E0       .0E0       .0E0 
      .0E0       .0E0       .1E1       .0E0       .0E0       .0E0 
      .0E0       .0E0       .0E0       .1E1       .0E0       .0E0 
      .0E0       .0E0       .0E0       .0E0       .1E1       .0E0 
      .0E0       .0E0       .0E0       .0E0       .0E0       .1E1 

  0.268000E+02  0.134000E+01  0.450000E+00  0.751990E-01

      .1E1       .0E0       .0E0       .0E0 
      .0E0       .1E1       .0E0       .0E0 
      .0E0       .0E0       .1E1       .0E0 
      .0E0       .0E0       .0E0       .1E1 

  0.720000E+00  0.939990E-01

      .1E1       .0E0 
      .0E0       .1E1 

S:aug-pcJ-3_2006
EMSL BASIS SET LIBRARY

  5
    0    1    2    3    4
   12   11    6    4    2
   20   15    6    4    2

  0.390761E+09  0.156305E+08  0.125044E+07  0.188077E+06  0.429181E+05
  0.121790E+05  0.397874E+04  0.143814E+04  0.561672E+03  0.233113E+03
  0.101218E+03  0.454926E+02  0.208467E+02  0.864916E+01  0.394558E+01
  0.174718E+01  0.599527E+00  0.271272E+00  0.110799E+00  0.418370E-01

  .1688E-6       .0E0       .0E0       .0E0       .0E0       .0E0       .0E0 
      .0E0       .0E0       .0E0       .0E0       .0E0 
  .7493E-5    .349E-7       .0E0       .0E0       .0E0       .0E0       .0E0 
      .0E0       .0E0       .0E0       .0E0       .0E0 
 .13498E-3    -.34E-8       .0E0       .0E0       .0E0       .0E0       .0E0 
      .0E0       .0E0       .0E0       .0E0       .0E0 
 .10752E-2  .56612E-5       .0E0       .0E0       .0E0       .0E0       .0E0 
      .0E0       .0E0       .0E0       .0E0       .0E0 
 .57248E-2 -.44428E-5       .0E0       .0E0       .0E0       .0E0       .0E0 
      .0E0       .0E0       .0E0       .0E0       .0E0 
 .22982E-1  .28595E-3       .0E0       .0E0       .0E0       .0E0       .0E0 
      .0E0       .0E0       .0E0       .0E0       .0E0 
 .83488E-1  .86657E-3       .0E0       .0E0       .0E0       .0E0       .0E0 
      .0E0       .0E0       .0E0       .0E0       .0E0 
  .22425E0  .13973E-1       .0E0       .0E0       .0E0       .0E0       .0E0 
      .0E0       .0E0       .0E0       .0E0       .0E0 
      .5E0  .73827E-1       .0E0       .0E0       .0E0       .0E0       .0E0 
      .0E0       .0E0       .0E0       .0E0       .0E0 
      .0E0       .5E0       .0E0       .0E0       .0E0       .0E0       .0E0 
      .0E0       .0E0       .0E0       .0E0       .0E0 
      .0E0       .0E0       .1E1       .0E0       .0E0       .0E0       .0E0 
      .0E0       .0E0       .0E0       .0E0       .0E0 
      .0E0       .0E0       .0E0       .1E1       .0E0       .0E0       .0E0 
      .0E0       .0E0       .0E0       .0E0       .0E0 
      .0E0       .0E0       .0E0       .0E0       .1E1       .0E0       .0E0 
      .0E0       .0E0       .0E0       .0E0       .0E0 
      .0E0       .0E0       .0E0       .0E0       .0E0       .1E1       .0E0 
      .0E0       .0E0       .0E0       .0E0       .0E0 
      .0E0       .0E0       .0E0       .0E0       .0E0       .0E0       .1E1 
      .0E0       .0E0       .0E0       .0E0       .0E0 
      .0E0       .0E0       .0E0       .0E0       .0E0       .0E0       .0E0 
      .1E1       .0E0       .0E0       .0E0       .0E0 
      .0E0       .0E0       .0E0       .0E0       .0E0       .0E0       .0E0 
      .0E0       .1E1       .0E0       .0E0       .0E0 
      .0E0       .0E0       .0E0       .0E0       .0E0       .0E0       .0E0 
      .0E0       .0E0       .1E1       .0E0       .0E0 
      .0E0       .0E0       .0E0       .0E0       .0E0       .0E0       .0E0 
      .0E0       .0E0       .0E0       .1E1       .0E0 
      .0E0       .0E0       .0E0       .0E0       .0E0       .0E0       .0E0 
      .0E0       .0E0       .0E0       .0E0       .1E1 

  0.213577E+05  0.328580E+04  0.778928E+03  0.252759E+03  0.950996E+02
  0.398205E+02  0.179253E+02  0.836991E+01  0.396547E+01  0.185395E+01
  0.819709E+00  0.361168E+00  0.150974E+00  0.596196E-01  0.218200E-01

 .11286E-3       .0E0       .0E0       .0E0       .0E0       .0E0       .0E0 
      .0E0       .0E0       .0E0       .0E0 
 .22983E-2       .0E0       .0E0       .0E0       .0E0       .0E0       .0E0 
      .0E0       .0E0       .0E0       .0E0 
 .20992E-1       .0E0       .0E0       .0E0       .0E0       .0E0       .0E0 
      .0E0       .0E0       .0E0       .0E0 
  .11705E0       .0E0       .0E0       .0E0       .0E0       .0E0       .0E0 
      .0E0       .0E0       .0E0       .0E0 
      .5E0       .0E0       .0E0       .0E0       .0E0       .0E0       .0E0 
      .0E0       .0E0       .0E0       .0E0 
      .0E0       .1E1       .0E0       .0E0       .0E0       .0E0       .0E0 
      .0E0       .0E0       .0E0       .0E0 
      .0E0       .0E0       .1E1       .0E0       .0E0       .0E0       .0E0 
      .0E0       .0E0       .0E0       .0E0 
      .0E0       .0E0       .0E0       .1E1       .0E0       .0E0       .0E0 
      .0E0       .0E0       .0E0       .0E0 
      .0E0       .0E0       .0E0       .0E0       .1E1       .0E0       .0E0 
      .0E0       .0E0       .0E0       .0E0 
      .0E0       .0E0       .0E0       .0E0       .0E0       .1E1       .0E0 
      .0E0       .0E0       .0E0       .0E0 
      .0E0       .0E0       .0E0       .0E0       .0E0       .0E0       .1E1 
      .0E0       .0E0       .0E0       .0E0 
      .0E0       .0E0       .0E0       .0E0       .0E0       .0E0       .0E0 
      .1E1       .0E0       .0E0       .0E0 
      .0E0       .0E0       .0E0       .0E0       .0E0       .0E0       .0E0 
      .0E0       .1E1       .0E0       .0E0 
      .0E0       .0E0       .0E0       .0E0       .0E0       .0E0       .0E0 
      .0E0       .0E0       .1E1       .0E0 
      .0E0       .0E0       .0E0       .0E0       .0E0       .0E0       .0E0 
      .0E0       .0E0       .0E0       .1E1 

  0.131400E+03  0.876000E+01  0.230000E+01  0.680000E+00  0.250000E+00
  0.654610E-01

      .1E1       .0E0       .0E0       .0E0       .0E0       .0E0 
      .0E0       .1E1       .0E0       .0E0       .0E0       .0E0 
      .0E0       .0E0       .1E1       .0E0       .0E0       .0E0 
      .0E0       .0E0       .0E0       .1E1       .0E0       .0E0 
      .0E0       .0E0       .0E0       .0E0       .1E1       .0E0 
      .0E0       .0E0       .0E0       .0E0       .0E0       .1E1 

  0.306000E+02  0.153000E+01  0.510000E+00  0.872820E-01

      .1E1       .0E0       .0E0       .0E0 
      .0E0       .1E1       .0E0       .0E0 
      .0E0       .0E0       .1E1       .0E0 
      .0E0       .0E0       .0E0       .1E1 

  0.790000E+00  0.109100E+00

      .1E1       .0E0 
      .0E0       .1E1 

CL:aug-pcJ-3_2006
EMSL BASIS SET LIBRARY

  5
    0    1    2    3    4
   12   11    6    4    2
   20   15    6    4    2

  0.456590E+09  0.182636E+08  0.146109E+07  0.219593E+06  0.500849E+05
  0.142058E+05  0.463895E+04  0.167635E+04  0.654515E+03  0.271526E+03
  0.117867E+03  0.529838E+02  0.242916E+02  0.101841E+02  0.469284E+01
  0.209736E+01  0.748674E+00  0.336135E+00  0.135729E+00  0.507110E-01

  .1686E-6       .0E0       .0E0       .0E0       .0E0       .0E0       .0E0 
      .0E0       .0E0       .0E0       .0E0       .0E0 
 .74886E-5    .327E-7       .0E0       .0E0       .0E0       .0E0       .0E0 
      .0E0       .0E0       .0E0       .0E0       .0E0 
 .13484E-3     .37E-8       .0E0       .0E0       .0E0       .0E0       .0E0 
      .0E0       .0E0       .0E0       .0E0       .0E0 
 .10765E-2  .52711E-5       .0E0       .0E0       .0E0       .0E0       .0E0 
      .0E0       .0E0       .0E0       .0E0       .0E0 
  .5725E-2 -.32959E-5       .0E0       .0E0       .0E0       .0E0       .0E0 
      .0E0       .0E0       .0E0       .0E0       .0E0 
 .23056E-1  .27228E-3       .0E0       .0E0       .0E0       .0E0       .0E0 
      .0E0       .0E0       .0E0       .0E0       .0E0 
 .83545E-1  .89361E-3       .0E0       .0E0       .0E0       .0E0       .0E0 
      .0E0       .0E0       .0E0       .0E0       .0E0 
  .22557E0  .13703E-1       .0E0       .0E0       .0E0       .0E0       .0E0 
      .0E0       .0E0       .0E0       .0E0       .0E0 
      .5E0  .74259E-1       .0E0       .0E0       .0E0       .0E0       .0E0 
      .0E0       .0E0       .0E0       .0E0       .0E0 
      .0E0       .5E0       .0E0       .0E0       .0E0       .0E0       .0E0 
      .0E0       .0E0       .0E0       .0E0       .0E0 
      .0E0       .0E0       .1E1       .0E0       .0E0       .0E0       .0E0 
      .0E0       .0E0       .0E0       .0E0       .0E0 
      .0E0       .0E0       .0E0       .1E1       .0E0       .0E0       .0E0 
      .0E0       .0E0       .0E0       .0E0       .0E0 
      .0E0       .0E0       .0E0       .0E0       .1E1       .0E0       .0E0 
      .0E0       .0E0       .0E0       .0E0       .0E0 
      .0E0       .0E0       .0E0       .0E0       .0E0       .1E1       .0E0 
      .0E0       .0E0       .0E0       .0E0       .0E0 
      .0E0       .0E0       .0E0       .0E0       .0E0       .0E0       .1E1 
      .0E0       .0E0       .0E0       .0E0       .0E0 
      .0E0       .0E0       .0E0       .0E0       .0E0       .0E0       .0E0 
      .1E1       .0E0       .0E0       .0E0       .0E0 
      .0E0       .0E0       .0E0       .0E0       .0E0       .0E0       .0E0 
      .0E0       .1E1       .0E0       .0E0       .0E0 
      .0E0       .0E0       .0E0       .0E0       .0E0       .0E0       .0E0 
      .0E0       .0E0       .1E1       .0E0       .0E0 
      .0E0       .0E0       .0E0       .0E0       .0E0       .0E0       .0E0 
      .0E0       .0E0       .0E0       .1E1       .0E0 
      .0E0       .0E0       .0E0       .0E0       .0E0       .0E0       .0E0 
      .0E0       .0E0       .0E0       .0E0       .1E1 

  0.249969E+05  0.384568E+04  0.911226E+03  0.295641E+03  0.111403E+03
  0.467674E+02  0.211061E+02  0.990577E+01  0.473468E+01  0.223643E+01
  0.100711E+01  0.443689E+00  0.184880E+00  0.732679E-01  0.269040E-01

 .11205E-3       .0E0       .0E0       .0E0       .0E0       .0E0       .0E0 
      .0E0       .0E0       .0E0       .0E0 
 .22835E-2       .0E0       .0E0       .0E0       .0E0       .0E0       .0E0 
      .0E0       .0E0       .0E0       .0E0 
   .209E-1       .0E0       .0E0       .0E0       .0E0       .0E0       .0E0 
      .0E0       .0E0       .0E0       .0E0 
  .11689E0       .0E0       .0E0       .0E0       .0E0       .0E0       .0E0 
      .0E0       .0E0       .0E0       .0E0 
      .5E0       .0E0       .0E0       .0E0       .0E0       .0E0       .0E0 
      .0E0       .0E0       .0E0       .0E0 
      .0E0       .1E1       .0E0       .0E0       .0E0       .0E0       .0E0 
      .0E0       .0E0       .0E0       .0E0 
      .0E0       .0E0       .1E1       .0E0       .0E0       .0E0       .0E0 
      .0E0       .0E0       .0E0       .0E0 
      .0E0       .0E0       .0E0       .1E1       .0E0       .0E0       .0E0 
      .0E0       .0E0       .0E0       .0E0 
      .0E0       .0E0       .0E0       .0E0       .1E1       .0E0       .0E0 
      .0E0       .0E0       .0E0       .0E0 
      .0E0       .0E0       .0E0       .0E0       .0E0       .1E1       .0E0 
      .0E0       .0E0       .0E0       .0E0 
      .0E0       .0E0       .0E0       .0E0       .0E0       .0E0       .1E1 
      .0E0       .0E0       .0E0       .0E0 
      .0E0       .0E0       .0E0       .0E0       .0E0       .0E0       .0E0 
      .1E1       .0E0       .0E0       .0E0 
      .0E0       .0E0       .0E0       .0E0       .0E0       .0E0       .0E0 
      .0E0       .1E1       .0E0       .0E0 
      .0E0       .0E0       .0E0       .0E0       .0E0       .0E0       .0E0 
      .0E0       .0E0       .1E1       .0E0 
      .0E0       .0E0       .0E0       .0E0       .0E0       .0E0       .0E0 
      .0E0       .0E0       .0E0       .1E1 

  0.147150E+03  0.981000E+01  0.258000E+01  0.760000E+00  0.280000E+00
  0.807110E-01

      .1E1       .0E0       .0E0       .0E0       .0E0       .0E0 
      .0E0       .1E1       .0E0       .0E0       .0E0       .0E0 
      .0E0       .0E0       .1E1       .0E0       .0E0       .0E0 
      .0E0       .0E0       .0E0       .1E1       .0E0       .0E0 
      .0E0       .0E0       .0E0       .0E0       .1E1       .0E0 
      .0E0       .0E0       .0E0       .0E0       .0E0       .1E1 

  0.344000E+02  0.172000E+01  0.570000E+00  0.107610E+00

      .1E1       .0E0       .0E0       .0E0 
      .0E0       .1E1       .0E0       .0E0 
      .0E0       .0E0       .1E1       .0E0 
      .0E0       .0E0       .0E0       .1E1 

  0.860000E+00  0.134520E+00

      .1E1       .0E0 
      .0E0       .1E1 

AR:aug-pcJ-3_2006
EMSL BASIS SET LIBRARY

  5
    0    1    2    3    4
   12   11    6    4    2
   20   15    6    4    2

  0.531924E+09  0.212770E+08  0.170216E+07  0.254909E+06  0.580115E+05
  0.164313E+05  0.536050E+04  0.193540E+04  0.755086E+03  0.313082E+03
  0.135883E+03  0.610919E+02  0.280236E+02  0.118596E+02  0.551166E+01
  0.248217E+01  0.917608E+00  0.407031E+00  0.162384E+00  0.599900E-01

  .1669E-6       .0E0       .0E0       .0E0       .0E0       .0E0       .0E0 
      .0E0       .0E0       .0E0       .0E0       .0E0 
 .74436E-5     .14E-7       .0E0       .0E0       .0E0       .0E0       .0E0 
      .0E0       .0E0       .0E0       .0E0       .0E0 
 .13365E-3  -.1272E-6       .0E0       .0E0       .0E0       .0E0       .0E0 
      .0E0       .0E0       .0E0       .0E0       .0E0 
 .10729E-2   .3827E-5       .0E0       .0E0       .0E0       .0E0       .0E0 
      .0E0       .0E0       .0E0       .0E0       .0E0 
   .571E-2  -.7916E-5       .0E0       .0E0       .0E0       .0E0       .0E0 
      .0E0       .0E0       .0E0       .0E0       .0E0 
 .23082E-1  .23639E-3       .0E0       .0E0       .0E0       .0E0       .0E0 
      .0E0       .0E0       .0E0       .0E0       .0E0 
 .83506E-1  .83347E-3       .0E0       .0E0       .0E0       .0E0       .0E0 
      .0E0       .0E0       .0E0       .0E0       .0E0 
  .22675E0  .13227E-1       .0E0       .0E0       .0E0       .0E0       .0E0 
      .0E0       .0E0       .0E0       .0E0       .0E0 
      .5E0  .74164E-1       .0E0       .0E0       .0E0       .0E0       .0E0 
      .0E0       .0E0       .0E0       .0E0       .0E0 
      .0E0       .5E0       .0E0       .0E0       .0E0       .0E0       .0E0 
      .0E0       .0E0       .0E0       .0E0       .0E0 
      .0E0       .0E0       .1E1       .0E0       .0E0       .0E0       .0E0 
      .0E0       .0E0       .0E0       .0E0       .0E0 
      .0E0       .0E0       .0E0       .1E1       .0E0       .0E0       .0E0 
      .0E0       .0E0       .0E0       .0E0       .0E0 
      .0E0       .0E0       .0E0       .0E0       .1E1       .0E0       .0E0 
      .0E0       .0E0       .0E0       .0E0       .0E0 
      .0E0       .0E0       .0E0       .0E0       .0E0       .1E1       .0E0 
      .0E0       .0E0       .0E0       .0E0       .0E0 
      .0E0       .0E0       .0E0       .0E0       .0E0       .0E0       .1E1 
      .0E0       .0E0       .0E0       .0E0       .0E0 
      .0E0       .0E0       .0E0       .0E0       .0E0       .0E0       .0E0 
      .1E1       .0E0       .0E0       .0E0       .0E0 
      .0E0       .0E0       .0E0       .0E0       .0E0       .0E0       .0E0 
      .0E0       .1E1       .0E0       .0E0       .0E0 
      .0E0       .0E0       .0E0       .0E0       .0E0       .0E0       .0E0 
      .0E0       .0E0       .1E1       .0E0       .0E0 
      .0E0       .0E0       .0E0       .0E0       .0E0       .0E0       .0E0 
      .0E0       .0E0       .0E0       .1E1       .0E0 
      .0E0       .0E0       .0E0       .0E0       .0E0       .0E0       .0E0 
      .0E0       .0E0       .0E0       .0E0       .1E1 

  0.287006E+05  0.441547E+04  0.104630E+04  0.339536E+03  0.128103E+03
  0.538230E+02  0.243068E+02  0.114402E+02  0.551320E+01  0.263306E+01
  0.121091E+01  0.534114E+00  0.223141E+00  0.887920E-01  0.327300E-01

 .11164E-3       .0E0       .0E0       .0E0       .0E0       .0E0       .0E0 
      .0E0       .0E0       .0E0       .0E0 
 .22741E-2       .0E0       .0E0       .0E0       .0E0       .0E0       .0E0 
      .0E0       .0E0       .0E0       .0E0 
 .20836E-1       .0E0       .0E0       .0E0       .0E0       .0E0       .0E0 
      .0E0       .0E0       .0E0       .0E0 
  .11668E0       .0E0       .0E0       .0E0       .0E0       .0E0       .0E0 
      .0E0       .0E0       .0E0       .0E0 
      .5E0       .0E0       .0E0       .0E0       .0E0       .0E0       .0E0 
      .0E0       .0E0       .0E0       .0E0 
      .0E0       .1E1       .0E0       .0E0       .0E0       .0E0       .0E0 
      .0E0       .0E0       .0E0       .0E0 
      .0E0       .0E0       .1E1       .0E0       .0E0       .0E0       .0E0 
      .0E0       .0E0       .0E0       .0E0 
      .0E0       .0E0       .0E0       .1E1       .0E0       .0E0       .0E0 
      .0E0       .0E0       .0E0       .0E0 
      .0E0       .0E0       .0E0       .0E0       .1E1       .0E0       .0E0 
      .0E0       .0E0       .0E0       .0E0 
      .0E0       .0E0       .0E0       .0E0       .0E0       .1E1       .0E0 
      .0E0       .0E0       .0E0       .0E0 
      .0E0       .0E0       .0E0       .0E0       .0E0       .0E0       .1E1 
      .0E0       .0E0       .0E0       .0E0 
      .0E0       .0E0       .0E0       .0E0       .0E0       .0E0       .0E0 
      .1E1       .0E0       .0E0       .0E0 
      .0E0       .0E0       .0E0       .0E0       .0E0       .0E0       .0E0 
      .0E0       .1E1       .0E0       .0E0 
      .0E0       .0E0       .0E0       .0E0       .0E0       .0E0       .0E0 
      .0E0       .0E0       .1E1       .0E0 
      .0E0       .0E0       .0E0       .0E0       .0E0       .0E0       .0E0 
      .0E0       .0E0       .0E0       .1E1 

  0.162900E+03  0.108600E+02  0.286000E+01  0.840000E+00  0.310000E+00
  0.981900E-01

      .1E1       .0E0       .0E0       .0E0       .0E0       .0E0 
      .0E0       .1E1       .0E0       .0E0       .0E0       .0E0 
      .0E0       .0E0       .1E1       .0E0       .0E0       .0E0 
      .0E0       .0E0       .0E0       .1E1       .0E0       .0E0 
      .0E0       .0E0       .0E0       .0E0       .1E1       .0E0 
      .0E0       .0E0       .0E0       .0E0       .0E0       .1E1 

  0.382000E+02  0.191000E+01  0.630000E+00  0.130900E+00

      .1E1       .0E0       .0E0       .0E0 
      .0E0       .1E1       .0E0       .0E0 
      .0E0       .0E0       .1E1       .0E0 
      .0E0       .0E0       .0E0       .1E1 

  0.930000E+00  0.163600E+00

      .1E1       .0E0 
      .0E0       .1E1 




