!  aug-cc-pVTZ_OPTRI  EMSL  Basis Set Exchange Library   3/18/13 9:42 PM
! Elements                             References
! --------                             ----------
! H He B C N O F Ne Al Si P S Cl Ar: K.E. Yousaf and K.A. Peterson, Optimized complementary auxiliary basis sets for explicitly correlated methods: aug-cc-pVnZ orbital basis sets, Chemical Physics Letters 476, 303 (2009).
! 



H:aug-cc-pVTZ_OPTRI
EMSL BASIS SET LIBRARY

  4
    0    1    2    3
    3    3    2    1
    3    3    2    1

     1.7470550     0.4888250     0.2076740

 1.0000000  0.0000000  0.0000000 
 0.0000000  1.0000000  0.0000000 
 0.0000000  0.0000000  1.0000000 

     4.8370960     2.1141910     0.7026260

 1.0000000  0.0000000  0.0000000 
 0.0000000  1.0000000  0.0000000 
 0.0000000  0.0000000  1.0000000 

     1.7849140     0.6175130

 1.0000000  0.0000000 
 0.0000000  1.0000000 

     1.9187250

 1.0000000 

HE:aug-cc-pVTZ_OPTRI
EMSL BASIS SET LIBRARY

  4
    0    1    2    3
    3    3    2    1
    3    3    2    1

     4.7766510     1.0273960     0.3124060

 1.0000000  0.0000000  0.0000000 
 0.0000000  1.0000000  0.0000000 
 0.0000000  0.0000000  1.0000000 

     7.7011780     2.0313920     0.1190650

 1.0000000  0.0000000  0.0000000 
 0.0000000  1.0000000  0.0000000 
 0.0000000  0.0000000  1.0000000 

     4.5412270     1.0478080

 1.0000000  0.0000000 
 0.0000000  1.0000000 

     2.4275120

 1.0000000 

B:aug-cc-pVTZ_OPTRI
EMSL BASIS SET LIBRARY

  5
    0    1    2    3    4
    4    5    4    3    2
    4    5    4    3    2

     2.2671480     0.8800790     0.2447880     0.0461640

 1.0000000  0.0000000  0.0000000  0.0000000 
 0.0000000  1.0000000  0.0000000  0.0000000 
 0.0000000  0.0000000  1.0000000  0.0000000 
 0.0000000  0.0000000  0.0000000  1.0000000 

     2.4841420     0.7528550     0.4190740     0.1156080     0.0401160

 1.0000000  0.0000000  0.0000000  0.0000000  0.0000000 
 0.0000000  1.0000000  0.0000000  0.0000000  0.0000000 
 0.0000000  0.0000000  1.0000000  0.0000000  0.0000000 
 0.0000000  0.0000000  0.0000000  1.0000000  0.0000000 
 0.0000000  0.0000000  0.0000000  0.0000000  1.0000000 

     4.8473750     1.3974980     0.3936640     0.0908640

 1.0000000  0.0000000  0.0000000  0.0000000 
 0.0000000  1.0000000  0.0000000  0.0000000 
 0.0000000  0.0000000  1.0000000  0.0000000 
 0.0000000  0.0000000  0.0000000  1.0000000 

     1.8840320     0.8787800     0.2700710

 1.0000000  0.0000000  0.0000000 
 0.0000000  1.0000000  0.0000000 
 0.0000000  0.0000000  1.0000000 

     1.0223720     0.3753310

 1.0000000  0.0000000 
 0.0000000  1.0000000 

C:aug-cc-pVTZ_OPTRI
EMSL BASIS SET LIBRARY

  5
    0    1    2    3    4
    4    5    4    3    2
    4    5    4    3    2

     3.9642050     1.3508990     0.3471600     0.0712960

 1.0000000  0.0000000  0.0000000  0.0000000 
 0.0000000  1.0000000  0.0000000  0.0000000 
 0.0000000  0.0000000  1.0000000  0.0000000 
 0.0000000  0.0000000  0.0000000  1.0000000 

     3.3634370     1.0793800     0.5719810     0.1805510     0.0536290

 1.0000000  0.0000000  0.0000000  0.0000000  0.0000000 
 0.0000000  1.0000000  0.0000000  0.0000000  0.0000000 
 0.0000000  0.0000000  1.0000000  0.0000000  0.0000000 
 0.0000000  0.0000000  0.0000000  1.0000000  0.0000000 
 0.0000000  0.0000000  0.0000000  0.0000000  1.0000000 

     4.9484350     2.0420780     0.4992050     0.1497380

 1.0000000  0.0000000  0.0000000  0.0000000 
 0.0000000  1.0000000  0.0000000  0.0000000 
 0.0000000  0.0000000  1.0000000  0.0000000 
 0.0000000  0.0000000  0.0000000  1.0000000 

     3.4897200     1.3604080     0.5069690

 1.0000000  0.0000000  0.0000000 
 0.0000000  1.0000000  0.0000000 
 0.0000000  0.0000000  1.0000000 

     1.6030840     0.5832310

 1.0000000  0.0000000 
 0.0000000  1.0000000 

N:aug-cc-pVTZ_OPTRI
EMSL BASIS SET LIBRARY

  5
    0    1    2    3    4
    4    5    4    3    2
    4    5    4    3    2

     5.8477420     2.0001550     0.4941380     0.0863850

 1.0000000  0.0000000  0.0000000  0.0000000 
 0.0000000  1.0000000  0.0000000  0.0000000 
 0.0000000  0.0000000  1.0000000  0.0000000 
 0.0000000  0.0000000  0.0000000  1.0000000 

     4.4463680     1.4548940     0.8850870     0.2580350     0.0734520

 1.0000000  0.0000000  0.0000000  0.0000000  0.0000000 
 0.0000000  1.0000000  0.0000000  0.0000000  0.0000000 
 0.0000000  0.0000000  1.0000000  0.0000000  0.0000000 
 0.0000000  0.0000000  0.0000000  1.0000000  0.0000000 
 0.0000000  0.0000000  0.0000000  0.0000000  1.0000000 

     7.9836110     3.4268080     0.7908440     0.2395990

 1.0000000  0.0000000  0.0000000  0.0000000 
 0.0000000  1.0000000  0.0000000  0.0000000 
 0.0000000  0.0000000  1.0000000  0.0000000 
 0.0000000  0.0000000  0.0000000  1.0000000 

     5.4040350     2.0241770     0.7290710

 1.0000000  0.0000000  0.0000000 
 0.0000000  1.0000000  0.0000000 
 0.0000000  0.0000000  1.0000000 

     2.5286770     0.9505390

 1.0000000  0.0000000 
 0.0000000  1.0000000 

O:aug-cc-pVTZ_OPTRI
EMSL BASIS SET LIBRARY

  5
    0    1    2    3    4
    4    5    4    3    2
    4    5    4    3    2

    11.3525810     3.3758930     0.4533020     0.1104370

 1.0000000  0.0000000  0.0000000  0.0000000 
 0.0000000  1.0000000  0.0000000  0.0000000 
 0.0000000  0.0000000  1.0000000  0.0000000 
 0.0000000  0.0000000  0.0000000  1.0000000 

     5.4560910     2.3525840     1.0679520     0.3301450     0.0893680

 1.0000000  0.0000000  0.0000000  0.0000000  0.0000000 
 0.0000000  1.0000000  0.0000000  0.0000000  0.0000000 
 0.0000000  0.0000000  1.0000000  0.0000000  0.0000000 
 0.0000000  0.0000000  0.0000000  1.0000000  0.0000000 
 0.0000000  0.0000000  0.0000000  0.0000000  1.0000000 

    12.0698490     4.2787000     1.3747810     0.3193270

 1.0000000  0.0000000  0.0000000  0.0000000 
 0.0000000  1.0000000  0.0000000  0.0000000 
 0.0000000  0.0000000  1.0000000  0.0000000 
 0.0000000  0.0000000  0.0000000  1.0000000 

     6.9152510     3.2424930     0.7499350

 1.0000000  0.0000000  0.0000000 
 0.0000000  1.0000000  0.0000000 
 0.0000000  0.0000000  1.0000000 

     3.1413190     1.0754710

 1.0000000  0.0000000 
 0.0000000  1.0000000 

F:aug-cc-pVTZ_OPTRI
EMSL BASIS SET LIBRARY

  5
    0    1    2    3    4
    4    5    4    3    2
    4    5    4    3    2

    16.2490860     3.3814200     1.0996880     0.1373010

 1.0000000  0.0000000  0.0000000  0.0000000 
 0.0000000  1.0000000  0.0000000  0.0000000 
 0.0000000  0.0000000  1.0000000  0.0000000 
 0.0000000  0.0000000  0.0000000  1.0000000 

     7.6657940     3.0196150     1.3629930     0.4042330     0.1517170

 1.0000000  0.0000000  0.0000000  0.0000000  0.0000000 
 0.0000000  1.0000000  0.0000000  0.0000000  0.0000000 
 0.0000000  0.0000000  1.0000000  0.0000000  0.0000000 
 0.0000000  0.0000000  0.0000000  1.0000000  0.0000000 
 0.0000000  0.0000000  0.0000000  0.0000000  1.0000000 

    16.2177680     5.6999140     2.0227140     0.4381950

 1.0000000  0.0000000  0.0000000  0.0000000 
 0.0000000  1.0000000  0.0000000  0.0000000 
 0.0000000  0.0000000  1.0000000  0.0000000 
 0.0000000  0.0000000  0.0000000  1.0000000 

     9.8128910     4.8118310     1.0807210

 1.0000000  0.0000000  0.0000000 
 0.0000000  1.0000000  0.0000000 
 0.0000000  0.0000000  1.0000000 

     4.0534990     1.3579070

 1.0000000  0.0000000 
 0.0000000  1.0000000 

NE:aug-cc-pVTZ_OPTRI
EMSL BASIS SET LIBRARY

  5
    0    1    2    3    4
    4    5    4    3    2
    4    5    4    3    2

    21.7638680     4.4564600     1.4799290     0.2236740

 1.0000000  0.0000000  0.0000000  0.0000000 
 0.0000000  1.0000000  0.0000000  0.0000000 
 0.0000000  0.0000000  1.0000000  0.0000000 
 0.0000000  0.0000000  0.0000000  1.0000000 

     8.8150200     3.5110110     1.7043880     0.5458350     0.2194280

 1.0000000  0.0000000  0.0000000  0.0000000  0.0000000 
 0.0000000  1.0000000  0.0000000  0.0000000  0.0000000 
 0.0000000  0.0000000  1.0000000  0.0000000  0.0000000 
 0.0000000  0.0000000  0.0000000  1.0000000  0.0000000 
 0.0000000  0.0000000  0.0000000  0.0000000  1.0000000 

    36.0260060    11.0592340     1.7659490     0.6389530

 1.0000000  0.0000000  0.0000000  0.0000000 
 0.0000000  1.0000000  0.0000000  0.0000000 
 0.0000000  0.0000000  1.0000000  0.0000000 
 0.0000000  0.0000000  0.0000000  1.0000000 

    13.0362870     7.6031790     1.6025530

 1.0000000  0.0000000  0.0000000 
 0.0000000  1.0000000  0.0000000 
 0.0000000  0.0000000  1.0000000 

     5.1878530     1.7994760

 1.0000000  0.0000000 
 0.0000000  1.0000000 

AL:aug-cc-pVTZ_OPTRI
EMSL BASIS SET LIBRARY

  5
    0    1    2    3    4
    4    5    4    3    2
    4    5    4    3    2

     3.9522820     0.4992660     0.1136130     0.0342020

 1.0000000  0.0000000  0.0000000  0.0000000 
 0.0000000  1.0000000  0.0000000  0.0000000 
 0.0000000  0.0000000  1.0000000  0.0000000 
 0.0000000  0.0000000  0.0000000  1.0000000 

     4.3226840     1.9794900     1.3229000     0.4387020     0.0305890

 1.0000000  0.0000000  0.0000000  0.0000000  0.0000000 
 0.0000000  1.0000000  0.0000000  0.0000000  0.0000000 
 0.0000000  0.0000000  1.0000000  0.0000000  0.0000000 
 0.0000000  0.0000000  0.0000000  1.0000000  0.0000000 
 0.0000000  0.0000000  0.0000000  0.0000000  1.0000000 

     9.2862280     2.3523380     0.4988180     0.1663920

 1.0000000  0.0000000  0.0000000  0.0000000 
 0.0000000  1.0000000  0.0000000  0.0000000 
 0.0000000  0.0000000  1.0000000  0.0000000 
 0.0000000  0.0000000  0.0000000  1.0000000 

     1.3241760     0.4109700     0.1506400

 1.0000000  0.0000000  0.0000000 
 0.0000000  1.0000000  0.0000000 
 0.0000000  0.0000000  1.0000000 

     0.4818550     0.2259170

 1.0000000  0.0000000 
 0.0000000  1.0000000 

SI:aug-cc-pVTZ_OPTRI
EMSL BASIS SET LIBRARY

  5
    0    1    2    3    4
    4    5    4    3    2
    4    5    4    3    2

     6.5782740     0.7017370     0.1677000     0.0511820

 1.0000000  0.0000000  0.0000000  0.0000000 
 0.0000000  1.0000000  0.0000000  0.0000000 
 0.0000000  0.0000000  1.0000000  0.0000000 
 0.0000000  0.0000000  0.0000000  1.0000000 

     7.2071580     2.1878490     1.3682450     0.3834360     0.0399350

 1.0000000  0.0000000  0.0000000  0.0000000  0.0000000 
 0.0000000  1.0000000  0.0000000  0.0000000  0.0000000 
 0.0000000  0.0000000  1.0000000  0.0000000  0.0000000 
 0.0000000  0.0000000  0.0000000  1.0000000  0.0000000 
 0.0000000  0.0000000  0.0000000  0.0000000  1.0000000 

    10.0654090     4.1416080     0.9188210     0.2559090

 1.0000000  0.0000000  0.0000000  0.0000000 
 0.0000000  1.0000000  0.0000000  0.0000000 
 0.0000000  0.0000000  1.0000000  0.0000000 
 0.0000000  0.0000000  0.0000000  1.0000000 

     2.9190560     0.5155120     0.2244170

 1.0000000  0.0000000  0.0000000 
 0.0000000  1.0000000  0.0000000 
 0.0000000  0.0000000  1.0000000 

     0.6519090     0.3176700

 1.0000000  0.0000000 
 0.0000000  1.0000000 

P:aug-cc-pVTZ_OPTRI
EMSL BASIS SET LIBRARY

  5
    0    1    2    3    4
    4    5    4    3    2
    4    5    4    3    2

     8.2324400     1.4034300     0.3101870     0.0660430

 1.0000000  0.0000000  0.0000000  0.0000000 
 0.0000000  1.0000000  0.0000000  0.0000000 
 0.0000000  0.0000000  1.0000000  0.0000000 
 0.0000000  0.0000000  0.0000000  1.0000000 

     9.6778770     2.5253700     1.2013060     0.3966700     0.0459970

 1.0000000  0.0000000  0.0000000  0.0000000  0.0000000 
 0.0000000  1.0000000  0.0000000  0.0000000  0.0000000 
 0.0000000  0.0000000  1.0000000  0.0000000  0.0000000 
 0.0000000  0.0000000  0.0000000  1.0000000  0.0000000 
 0.0000000  0.0000000  0.0000000  0.0000000  1.0000000 

    13.6486590     4.6678810     2.0793380     0.3266950

 1.0000000  0.0000000  0.0000000  0.0000000 
 0.0000000  1.0000000  0.0000000  0.0000000 
 0.0000000  0.0000000  1.0000000  0.0000000 
 0.0000000  0.0000000  0.0000000  1.0000000 

     4.2525360     0.6887660     0.3019800

 1.0000000  0.0000000  0.0000000 
 0.0000000  1.0000000  0.0000000 
 0.0000000  0.0000000  1.0000000 

     0.8484670     0.4037330

 1.0000000  0.0000000 
 0.0000000  1.0000000 

S:aug-cc-pVTZ_OPTRI
EMSL BASIS SET LIBRARY

  5
    0    1    2    3    4
    4    5    4    3    2
    4    5    4    3    2

     7.1544480     1.7056790     0.3879650     0.0799490

 1.0000000  0.0000000  0.0000000  0.0000000 
 0.0000000  1.0000000  0.0000000  0.0000000 
 0.0000000  0.0000000  1.0000000  0.0000000 
 0.0000000  0.0000000  0.0000000  1.0000000 

    12.3430660     3.4969470     1.6303970     0.5394130     0.0564700

 1.0000000  0.0000000  0.0000000  0.0000000  0.0000000 
 0.0000000  1.0000000  0.0000000  0.0000000  0.0000000 
 0.0000000  0.0000000  1.0000000  0.0000000  0.0000000 
 0.0000000  0.0000000  0.0000000  1.0000000  0.0000000 
 0.0000000  0.0000000  0.0000000  0.0000000  1.0000000 

    19.2901410     7.3717540     1.8762860     0.4365220

 1.0000000  0.0000000  0.0000000  0.0000000 
 0.0000000  1.0000000  0.0000000  0.0000000 
 0.0000000  0.0000000  1.0000000  0.0000000 
 0.0000000  0.0000000  0.0000000  1.0000000 

     5.4398970     0.8572980     0.3723600

 1.0000000  0.0000000  0.0000000 
 0.0000000  1.0000000  0.0000000 
 0.0000000  0.0000000  1.0000000 

     1.0512970     0.4871740

 1.0000000  0.0000000 
 0.0000000  1.0000000 

CL:aug-cc-pVTZ_OPTRI
EMSL BASIS SET LIBRARY

  5
    0    1    2    3    4
    4    5    4    3    2
    4    5    4    3    2

     7.6159120     1.7009310     0.4736950     0.1084980

 1.0000000  0.0000000  0.0000000  0.0000000 
 0.0000000  1.0000000  0.0000000  0.0000000 
 0.0000000  0.0000000  1.0000000  0.0000000 
 0.0000000  0.0000000  0.0000000  1.0000000 

    13.8389550     4.1705200     1.9624920     0.5556280     0.0847390

 1.0000000  0.0000000  0.0000000  0.0000000  0.0000000 
 0.0000000  1.0000000  0.0000000  0.0000000  0.0000000 
 0.0000000  0.0000000  1.0000000  0.0000000  0.0000000 
 0.0000000  0.0000000  0.0000000  1.0000000  0.0000000 
 0.0000000  0.0000000  0.0000000  0.0000000  1.0000000 

    24.8750520    10.0803690     2.0236740     0.5084740

 1.0000000  0.0000000  0.0000000  0.0000000 
 0.0000000  1.0000000  0.0000000  0.0000000 
 0.0000000  0.0000000  1.0000000  0.0000000 
 0.0000000  0.0000000  0.0000000  1.0000000 

     6.8531320     1.0625280     0.4718520

 1.0000000  0.0000000  0.0000000 
 0.0000000  1.0000000  0.0000000 
 0.0000000  0.0000000  1.0000000 

     1.2891180     0.5923200

 1.0000000  0.0000000 
 0.0000000  1.0000000 

AR:aug-cc-pVTZ_OPTRI
EMSL BASIS SET LIBRARY

  5
    0    1    2    3    4
    4    5    4    3    2
    4    5    4    3    2

     8.6144650     1.8927430     0.5698370     0.1306560

 1.0000000  0.0000000  0.0000000  0.0000000 
 0.0000000  1.0000000  0.0000000  0.0000000 
 0.0000000  0.0000000  1.0000000  0.0000000 
 0.0000000  0.0000000  0.0000000  1.0000000 

    16.8243680     6.3006820     2.8069490     0.5350510     0.0825950

 1.0000000  0.0000000  0.0000000  0.0000000  0.0000000 
 0.0000000  1.0000000  0.0000000  0.0000000  0.0000000 
 0.0000000  0.0000000  1.0000000  0.0000000  0.0000000 
 0.0000000  0.0000000  0.0000000  1.0000000  0.0000000 
 0.0000000  0.0000000  0.0000000  0.0000000  1.0000000 

    31.2553800    12.4499870     2.3563880     0.6428840

 1.0000000  0.0000000  0.0000000  0.0000000 
 0.0000000  1.0000000  0.0000000  0.0000000 
 0.0000000  0.0000000  1.0000000  0.0000000 
 0.0000000  0.0000000  0.0000000  1.0000000 

     8.1895310     1.3323360     0.6026280

 1.0000000  0.0000000  0.0000000 
 0.0000000  1.0000000  0.0000000 
 0.0000000  0.0000000  1.0000000 

     1.5693630     0.7470470

 1.0000000  0.0000000 
 0.0000000  1.0000000 




