!  cc-pV(5+d)Z  EMSL  Basis Set Exchange Library   3/18/13 10:15 PM
! Elements                             References
! --------                             ----------
! Al - Ar: T.H. Dunning, Jr., K.A. Peterson and A.K. Wilson, to be published
!   


AL:cc-pV(5+d)Z
EMSL BASIS SET LIBRARY

  6
    0    1    2    3    4    5
    7    6    5    3    2    1
   20   12    5    3    2    1

 3269000.00000 489400.000000 111400.000000 31560.0000000 10320.0000000
  3731.0000000  1456.0000000   604.1000000   263.5000000   119.8000000
    56.3200000    27.1900000    13.2600000     6.0520000     2.9810000
     1.4760000     0.7334000     0.2447000     0.1088000     0.0467200

 .21396E-5 -.55603E-6  .12842E-6  0.0000000  0.0000000  0.0000000  0.0000000 
 .16626E-4  -.4323E-5  .99751E-6  0.0000000  0.0000000  0.0000000  0.0000000 
 .87517E-4 -.22741E-4  .52548E-5  0.0000000  0.0000000  0.0000000  0.0000000 
 .36899E-3 -.96012E-4  .22145E-4  0.0000000  0.0000000  0.0000000  0.0000000 
  .1339E-2 -.34838E-3  .80546E-4  0.0000000  0.0000000  0.0000000  0.0000000 
 .43564E-2 -.11384E-2  .26251E-3  0.0000000  0.0000000  0.0000000  0.0000000 
 .12896E-1 -.33874E-2  .78422E-3  0.0000000  0.0000000  0.0000000  0.0000000 
  .3482E-1  -.9315E-2  .21504E-2  0.0000000  0.0000000  0.0000000  0.0000000 
 .84353E-1 -.23302E-1  .54197E-2  0.0000000  0.0000000  0.0000000  0.0000000 
  .17591E0 -.52349E-1  .12169E-1  0.0000000  0.0000000  0.0000000  0.0000000 
  .29209E0  -.9995E-1  .23682E-1  0.0000000  0.0000000  0.0000000  0.0000000 
  .32822E0  -.15056E0  .36094E-1  0.0000000  0.0000000  0.0000000  0.0000000 
  .18693E0  -.11912E0  .30328E-1  0.0000000  0.0000000  0.0000000  0.0000000 
 .31043E-1   .10809E0 -.30903E-1  0.0000000  0.0000000  0.0000000  0.0000000 
-.50892E-3   .41113E0  -.11913E0  0.0000000  0.0000000  0.0000000  0.0000000 
 .14884E-2   .45721E0  -.21114E0  0.0000000  0.0000000  0.0000000  0.0000000 
-.27824E-3   .17594E0  -.15794E0  1.0000000  0.0000000  0.0000000  0.0000000 
 .11875E-3  .77061E-2   .33904E0  0.0000000  1.0000000  0.0000000  0.0000000 
 -.6615E-4 -.16617E-2    .6131E0  0.0000000  0.0000000  1.0000000  0.0000000 
 .17595E-4  .44535E-3   .23517E0  0.0000000  0.0000000  0.0000000  1.0000000 

  1461.0000000   346.2000000   112.2000000    42.5100000    17.7200000
     7.8520000     3.5710000     1.6370000     0.7382000     0.2577000
     0.0977300     0.0369000

 .20861E-3 -.37195E-4  0.0000000  0.0000000  0.0000000  0.0000000 
   .181E-2 -.32856E-3  0.0000000  0.0000000  0.0000000  0.0000000 
 .97343E-2 -.17426E-2  0.0000000  0.0000000  0.0000000  0.0000000 
 .37827E-1 -.69483E-2  0.0000000  0.0000000  0.0000000  0.0000000 
   .1109E0 -.20281E-1  0.0000000  0.0000000  0.0000000  0.0000000 
   .2343E0 -.44866E-1  0.0000000  0.0000000  0.0000000  0.0000000 
  .34524E0 -.64328E-1  0.0000000  0.0000000  0.0000000  0.0000000 
  .33143E0 -.75267E-1  0.0000000  0.0000000  0.0000000  0.0000000 
  .14706E0  .61601E-3  1.0000000  0.0000000  0.0000000  0.0000000 
 .12141E-1   .28782E0  0.0000000  1.0000000  0.0000000  0.0000000 
-.87164E-3   .54303E0  0.0000000  0.0000000  1.0000000  0.0000000 
 .43796E-3   .30186E0  0.0000000  0.0000000  0.0000000  1.0000000 

     2.6390000     0.5880000     0.3800000     0.1800000     0.0728000

 1.0000000  0.0000000  0.0000000  0.0000000  0.0000000 
 0.0000000  1.0000000  0.0000000  0.0000000  0.0000000 
 0.0000000  0.0000000  1.0000000  0.0000000  0.0000000 
 0.0000000  0.0000000  0.0000000  1.0000000  0.0000000 
 0.0000000  0.0000000  0.0000000  0.0000000  1.0000000 

     0.1300000     0.2580000     0.5130000

 1.0000000  0.0000000  0.0000000 
 0.0000000  1.0000000  0.0000000 
 0.0000000  0.0000000  1.0000000 

     0.2520000     0.5430000

 1.0000000  0.0000000 
 0.0000000  1.0000000 

     0.4460000

 1.0000000 

SI:cc-pV(5+d)Z
EMSL BASIS SET LIBRARY

  6
    0    1    2    3    4    5
    7    6    5    3    2    1
   20   12    5    3    2    1

 3948000.00000 591100.000000 134500.000000 38120.0000000 12460.0000000
  4504.0000000  1758.0000000   729.1000000   318.0000000   144.6000000
    67.9700000    32.8200000    16.0300000     7.3960000     3.6610000
     1.8230000     0.9147000     0.3393000     0.1500000     0.0643800

 .20371E-5 -.54208E-6  .13891E-6  0.0000000  0.0000000  0.0000000  0.0000000 
 .15839E-4 -.42168E-5  .10795E-5  0.0000000  0.0000000  0.0000000  0.0000000 
 .83359E-4 -.22181E-4  .56863E-5  0.0000000  0.0000000  0.0000000  0.0000000 
 .35136E-3 -.93603E-4  .23954E-4  0.0000000  0.0000000  0.0000000  0.0000000 
 .12766E-2 -.34012E-3  .87241E-4  0.0000000  0.0000000  0.0000000  0.0000000 
 .41519E-2 -.11106E-2  .28416E-3  0.0000000  0.0000000  0.0000000  0.0000000 
 .12303E-1 -.33088E-2  .84984E-3  0.0000000  0.0000000  0.0000000  0.0000000 
  .3331E-1  -.9116E-2  .23353E-2  0.0000000  0.0000000  0.0000000  0.0000000 
 .80984E-1 -.22879E-1  .59047E-2  0.0000000  0.0000000  0.0000000  0.0000000 
  .17029E0 -.51712E-1  .13346E-1  0.0000000  0.0000000  0.0000000  0.0000000 
  .28688E0 -.99909E-1  .26289E-1  0.0000000  0.0000000  0.0000000  0.0000000 
  .33034E0  -.15275E0  .40743E-1  0.0000000  0.0000000  0.0000000  0.0000000 
   .1966E0  -.12751E0  .36148E-1  0.0000000  0.0000000  0.0000000  0.0000000 
 .35454E-1  .94696E-1 -.30392E-1  0.0000000  0.0000000  0.0000000  0.0000000 
 -.5352E-3   .41404E0  -.13596E0  0.0000000  0.0000000  0.0000000  0.0000000 
 .16146E-2   .46793E0  -.25014E0  0.0000000  0.0000000  0.0000000  0.0000000 
-.37274E-3   .17393E0  -.15805E0  1.0000000  0.0000000  0.0000000  0.0000000 
 .14623E-3   .8439E-2   .36966E0  0.0000000  1.0000000  0.0000000  0.0000000 
-.78945E-4 -.99807E-3   .61772E0  0.0000000  0.0000000  1.0000000  0.0000000 
  .1928E-4   .3621E-3   .22251E0  0.0000000  0.0000000  0.0000000  1.0000000 

  1780.0000000   421.8000000   136.7000000    51.8100000    21.6000000
     9.5630000     4.3500000     2.0060000     0.9205000     0.3500000
     0.1381000     0.0533800

 .20121E-3 -.42715E-4  0.0000000  0.0000000  0.0000000  0.0000000 
 .17494E-2 -.37704E-3  0.0000000  0.0000000  0.0000000  0.0000000 
 .94814E-2 -.20224E-2  0.0000000  0.0000000  0.0000000  0.0000000 
 .37231E-1 -.81283E-2  0.0000000  0.0000000  0.0000000  0.0000000 
  .11076E0 -.24227E-1  0.0000000  0.0000000  0.0000000  0.0000000 
  .23793E0 -.54382E-1  0.0000000  0.0000000  0.0000000  0.0000000 
  .35369E0 -.79905E-1  0.0000000  0.0000000  0.0000000  0.0000000 
  .32884E0 -.88896E-1  0.0000000  0.0000000  0.0000000  0.0000000 
  .13237E0    .184E-1  1.0000000  0.0000000  0.0000000  0.0000000 
  .1033E-1    .3351E0  0.0000000  1.0000000  0.0000000  0.0000000 
 -.1503E-3   .53229E0  0.0000000  0.0000000  1.0000000  0.0000000 
 .26581E-3   .25437E0  0.0000000  0.0000000  0.0000000  1.0000000 

     3.7380000     0.8930000     0.5330000     0.2580000     0.1050000

 1.0000000  0.0000000  0.0000000  0.0000000  0.0000000 
 0.0000000  1.0000000  0.0000000  0.0000000  0.0000000 
 0.0000000  0.0000000  1.0000000  0.0000000  0.0000000 
 0.0000000  0.0000000  0.0000000  1.0000000  0.0000000 
 0.0000000  0.0000000  0.0000000  0.0000000  1.0000000 

     0.1690000     0.3410000     0.6880000

 1.0000000  0.0000000  0.0000000 
 0.0000000  1.0000000  0.0000000 
 0.0000000  0.0000000  1.0000000 

     0.3200000     0.7050000

 1.0000000  0.0000000 
 0.0000000  1.0000000 

     0.5830000

 1.0000000 

P:cc-pV(5+d)Z
EMSL BASIS SET LIBRARY

  6
    0    1    2    3    4    5
    7    6    5    3    2    1
   20   12    5    3    2    1

 4666000.00000 698600.000000 159000.000000 45040.0000000 14720.0000000
  5323.0000000  2076.0000000   861.1000000   375.7000000   170.8000000
    80.2900000    38.7700000    18.9300000     8.7960000     4.3580000
     2.1740000     1.0950000     0.4400000     0.1945000     0.0837600

 .19676E-5 -.53415E-6  .14678E-6  0.0000000  0.0000000  0.0000000  0.0000000 
 .15296E-4 -.41542E-5  .11406E-5  0.0000000  0.0000000  0.0000000  0.0000000 
 .80483E-4 -.21848E-4  .60057E-5  0.0000000  0.0000000  0.0000000  0.0000000 
 .33974E-3 -.92327E-4  .25343E-4  0.0000000  0.0000000  0.0000000  0.0000000 
 .12329E-2 -.33511E-3  .92161E-4  0.0000000  0.0000000  0.0000000  0.0000000 
 .40134E-2 -.10951E-2  .30056E-3  0.0000000  0.0000000  0.0000000  0.0000000 
 .11912E-1  -.3268E-2  .89988E-3  0.0000000  0.0000000  0.0000000  0.0000000 
 .32251E-1 -.89995E-2  .24735E-2  0.0000000  0.0000000  0.0000000  0.0000000 
 .78664E-1 -.22653E-1  .62681E-2  0.0000000  0.0000000  0.0000000  0.0000000 
  .16646E0 -.51465E-1   .1426E-1  0.0000000  0.0000000  0.0000000  0.0000000 
  .28304E0  -.10019E0  .28277E-1  0.0000000  0.0000000  0.0000000  0.0000000 
  .33194E0  -.15508E0  .44512E-1  0.0000000  0.0000000  0.0000000  0.0000000 
  .20335E0  -.13382E0  .40722E-1  0.0000000  0.0000000  0.0000000  0.0000000 
 .38318E-1  .87836E-1 -.30191E-1  0.0000000  0.0000000  0.0000000  0.0000000 
-.38472E-3   .42258E0  -.15289E0  0.0000000  0.0000000  0.0000000  0.0000000 
 .15874E-2    .4749E0  -.28241E0  0.0000000  0.0000000  0.0000000  0.0000000 
-.41338E-3     .165E0  -.14852E0  1.0000000  0.0000000  0.0000000  0.0000000 
 .15284E-3  .84686E-2   .39356E0  0.0000000  1.0000000  0.0000000  0.0000000 
-.82703E-4 -.29176E-3   .61733E0  0.0000000  0.0000000  1.0000000  0.0000000 
 .18413E-4  .28534E-3   .21461E0  0.0000000  0.0000000  0.0000000  1.0000000 

  2010.0000000   476.3000000   154.4000000    58.5100000    24.4000000
    10.8000000     4.9130000     2.2690000     1.0430000     0.4313000
     0.1767000     0.0700900

 .21592E-3 -.51144E-4  0.0000000  0.0000000  0.0000000  0.0000000 
 .18754E-2 -.44836E-3  0.0000000  0.0000000  0.0000000  0.0000000 
 .10174E-1 -.24234E-2  0.0000000  0.0000000  0.0000000  0.0000000 
 .39986E-1 -.96983E-2  0.0000000  0.0000000  0.0000000  0.0000000 
  .11856E0 -.29096E-1  0.0000000  0.0000000  0.0000000  0.0000000 
  .25182E0 -.64173E-1  0.0000000  0.0000000  0.0000000  0.0000000 
  .36656E0 -.94507E-1  0.0000000  0.0000000  0.0000000  0.0000000 
  .31618E0  -.9347E-1  0.0000000  0.0000000  0.0000000  0.0000000 
   .1047E0  .52061E-1  1.0000000  0.0000000  0.0000000  0.0000000 
 .60986E-2   .37462E0  0.0000000  1.0000000  0.0000000  0.0000000 
 .50208E-3    .5091E0  0.0000000  0.0000000  1.0000000  0.0000000 
-.29562E-4   .21512E0  0.0000000  0.0000000  0.0000000  1.0000000 

     5.1030000     1.2540000     0.7240000     0.3540000     0.1440000

 1.0000000  0.0000000  0.0000000  0.0000000  0.0000000 
 0.0000000  1.0000000  0.0000000  0.0000000  0.0000000 
 0.0000000  0.0000000  1.0000000  0.0000000  0.0000000 
 0.0000000  0.0000000  0.0000000  1.0000000  0.0000000 
 0.0000000  0.0000000  0.0000000  0.0000000  1.0000000 

     0.2190000     0.4500000     0.9230000

 1.0000000  0.0000000  0.0000000 
 0.0000000  1.0000000  0.0000000 
 0.0000000  0.0000000  1.0000000 

     0.4120000     0.9030000

 1.0000000  0.0000000 
 0.0000000  1.0000000 

     0.7450000

 1.0000000 

S:cc-pV(5+d)Z
EMSL BASIS SET LIBRARY

  6
    0    1    2    3    4    5
    7    6    5    3    2    1
   20   12    5    3    2    1

 5481000.00000 820600.000000 186700.000000 52880.0000000 17250.0000000
  6226.0000000  2429.0000000  1007.0000000   439.5000000   199.8000000
    93.9200000    45.3400000    22.1500000    10.3400000     5.1190000
     2.5530000     1.2820000     0.5450000     0.2411000     0.1035000

 .18934E-5 -.52291E-6  .15182E-6  0.0000000  0.0000000  0.0000000  0.0000000 
 .14721E-4 -.40669E-5  .11801E-5  0.0000000  0.0000000  0.0000000  0.0000000 
 .77508E-4 -.21406E-4   .6217E-5  0.0000000  0.0000000  0.0000000  0.0000000 
 .32722E-3 -.90454E-4   .2624E-4  0.0000000  0.0000000  0.0000000  0.0000000 
 .11936E-2 -.33008E-3  .95904E-4  0.0000000  0.0000000  0.0000000  0.0000000 
 .38839E-2 -.10778E-2  .31268E-3  0.0000000  0.0000000  0.0000000  0.0000000 
 .11534E-1 -.32187E-2  .93632E-3  0.0000000  0.0000000  0.0000000  0.0000000 
 .31275E-1 -.88722E-2  .25779E-2  0.0000000  0.0000000  0.0000000  0.0000000 
 .76439E-1 -.22377E-1  .65412E-2  0.0000000  0.0000000  0.0000000  0.0000000 
   .1627E0 -.51058E-1  .14963E-1  0.0000000  0.0000000  0.0000000  0.0000000 
  .27933E0  -.10022E0  .29894E-1  0.0000000  0.0000000  0.0000000  0.0000000 
  .33314E0   -.1568E0  .47695E-1  0.0000000  0.0000000  0.0000000  0.0000000 
  .20984E0  -.13975E0  .44956E-1  0.0000000  0.0000000  0.0000000  0.0000000 
 .41597E-1  .81006E-1 -.29301E-1  0.0000000  0.0000000  0.0000000  0.0000000 
-.45055E-3   .43088E0  -.16892E0  0.0000000  0.0000000  0.0000000  0.0000000 
 .16886E-2   .48169E0  -.31101E0  0.0000000  0.0000000  0.0000000  0.0000000 
-.51724E-3   .15686E0  -.13649E0  1.0000000  0.0000000  0.0000000  0.0000000 
 .18877E-3  .78881E-2    .4232E0  0.0000000  1.0000000  0.0000000  0.0000000 
-.99773E-4  .39353E-3   .61389E0  0.0000000  0.0000000  1.0000000  0.0000000 
 .20902E-4  .22376E-3   .20047E0  0.0000000  0.0000000  0.0000000  1.0000000 

  2200.0000000   521.4000000   169.0000000    64.0500000    26.7200000
    11.8300000     5.3780000     2.4820000     1.1160000     0.4848000
     0.2006000     0.0795100

 .23905E-3 -.60856E-4  0.0000000  0.0000000  0.0000000  0.0000000 
 .20769E-2 -.53042E-3  0.0000000  0.0000000  0.0000000  0.0000000 
 .11236E-1 -.28792E-2  0.0000000  0.0000000  0.0000000  0.0000000 
 .44069E-1  -.1144E-1  0.0000000  0.0000000  0.0000000  0.0000000 
  .12917E0 -.34276E-1  0.0000000  0.0000000  0.0000000  0.0000000 
  .26908E0 -.73581E-1  0.0000000  0.0000000  0.0000000  0.0000000 
  .37861E0  -.10778E0  0.0000000  0.0000000  0.0000000  0.0000000 
  .29678E0 -.87977E-1  0.0000000  0.0000000  0.0000000  0.0000000 
 .77968E-1   .10826E0  1.0000000  0.0000000  0.0000000  0.0000000 
 .20519E-2   .40708E0  0.0000000  1.0000000  0.0000000  0.0000000 
  .1436E-2   .46899E0  0.0000000  0.0000000  1.0000000  0.0000000 
  -.596E-4   .18488E0  0.0000000  0.0000000  0.0000000  1.0000000 

     6.5100000     1.5900000     0.8860000     0.4380000     0.1770000

 1.0000000  0.0000000  0.0000000  0.0000000  0.0000000 
 0.0000000  1.0000000  0.0000000  0.0000000  0.0000000 
 0.0000000  0.0000000  1.0000000  0.0000000  0.0000000 
 0.0000000  0.0000000  0.0000000  1.0000000  0.0000000 
 0.0000000  0.0000000  0.0000000  0.0000000  1.0000000 

     0.2550000     0.5290000     1.0960000

 1.0000000  0.0000000  0.0000000 
 0.0000000  1.0000000  0.0000000 
 0.0000000  0.0000000  1.0000000 

     0.4630000     1.0710000

 1.0000000  0.0000000 
 0.0000000  1.0000000 

     0.8720000

 1.0000000 

CL:cc-pV(5+d)Z
EMSL BASIS SET LIBRARY

  6
    0    1    2    3    4    5
    7    6    5    3    2    1
   20   12    5    3    2    1

 6410000.00000 959600.000000 218300.000000 61810.0000000 20140.0000000
  7264.0000000  2832.0000000  1175.0000000   512.6000000   233.0000000
   109.5000000    52.8600000    25.8400000    12.1700000     6.0300000
     3.0120000     1.5110000     0.6604000     0.2926000     0.1254000

 .18135E-5  -.5083E-6  .15381E-6  0.0000000  0.0000000  0.0000000  0.0000000 
 .14112E-4 -.39563E-5  .11965E-5  0.0000000  0.0000000  0.0000000  0.0000000 
 .74241E-4  -.2081E-4  .62983E-5  0.0000000  0.0000000  0.0000000  0.0000000 
 .31413E-3 -.88118E-4  .26645E-4  0.0000000  0.0000000  0.0000000  0.0000000 
 .11464E-2 -.32174E-3  .97416E-4  0.0000000  0.0000000  0.0000000  0.0000000 
 .37389E-2 -.10528E-2  .31836E-3  0.0000000  0.0000000  0.0000000  0.0000000 
 .11095E-1 -.31418E-2  .95238E-3  0.0000000  0.0000000  0.0000000  0.0000000 
 .30115E-1 -.86636E-2  .26243E-2  0.0000000  0.0000000  0.0000000  0.0000000 
 .73914E-1 -.21935E-1  .66816E-2  0.0000000  0.0000000  0.0000000  0.0000000 
  .15826E0 -.50258E-1   .1536E-1  0.0000000  0.0000000  0.0000000  0.0000000 
  .27475E0 -.99541E-1  .30943E-1  0.0000000  0.0000000  0.0000000  0.0000000 
  .33407E0  -.15765E0  .50064E-1  0.0000000  0.0000000  0.0000000  0.0000000 
  .21759E0  -.14602E0  .48978E-1  0.0000000  0.0000000  0.0000000  0.0000000 
 .45728E-1  .69223E-1 -.26081E-1  0.0000000  0.0000000  0.0000000  0.0000000 
-.13474E-3   .43041E0  -.17843E0  0.0000000  0.0000000  0.0000000  0.0000000 
 .16393E-2    .4908E0  -.33232E0  0.0000000  0.0000000  0.0000000  0.0000000 
-.52221E-3   .15839E0  -.13201E0  1.0000000  0.0000000  0.0000000  0.0000000 
 .18065E-3  .83988E-2   .44056E0  0.0000000  1.0000000  0.0000000  0.0000000 
-.99931E-4  .76848E-3   .61189E0  0.0000000  0.0000000  1.0000000  0.0000000 
 .19218E-4  .22715E-3   .19317E0  0.0000000  0.0000000  0.0000000  1.0000000 

  2548.0000000   603.7000000   195.6000000    74.1500000    30.9400000
    13.6900000     6.2290000     2.8780000     1.2820000     0.5641000
     0.2348000     0.0931200

  .2357E-3 -.63541E-4  0.0000000  0.0000000  0.0000000  0.0000000 
 .20516E-2 -.55326E-3  0.0000000  0.0000000  0.0000000  0.0000000 
 .11154E-1  -.3028E-2  0.0000000  0.0000000  0.0000000  0.0000000 
 .43982E-1 -.12065E-1  0.0000000  0.0000000  0.0000000  0.0000000 
  .12999E0 -.36635E-1  0.0000000  0.0000000  0.0000000  0.0000000 
  .27296E0 -.79076E-1  0.0000000  0.0000000  0.0000000  0.0000000 
  .38369E0  -.11742E0  0.0000000  0.0000000  0.0000000  0.0000000 
  .29187E0 -.86094E-1  0.0000000  0.0000000  0.0000000  0.0000000 
 .70446E-1   .14031E0  1.0000000  0.0000000  0.0000000  0.0000000 
 .12876E-2   .42234E0  0.0000000  1.0000000  0.0000000  0.0000000 
 .18262E-2   .44636E0  0.0000000  0.0000000  1.0000000  0.0000000 
 .19901E-4   .16663E0  0.0000000  0.0000000  0.0000000  1.0000000 

     8.3990000     2.0300000     1.0970000     0.5490000     0.2210000

 1.0000000  0.0000000  0.0000000  0.0000000  0.0000000 
 0.0000000  1.0000000  0.0000000  0.0000000  0.0000000 
 0.0000000  0.0000000  1.0000000  0.0000000  0.0000000 
 0.0000000  0.0000000  0.0000000  1.0000000  0.0000000 
 0.0000000  0.0000000  0.0000000  0.0000000  1.0000000 

     0.3200000     0.6560000     1.3450000

 1.0000000  0.0000000  0.0000000 
 0.0000000  1.0000000  0.0000000 
 0.0000000  0.0000000  1.0000000 

     0.5560000     1.3020000

 1.0000000  0.0000000 
 0.0000000  1.0000000 

     1.0530000

 1.0000000 

AR:cc-pV(5+d)Z
EMSL BASIS SET LIBRARY

  6
    0    1    2    3    4    5
    7    6    5    3    2    1
   20   12    5    3    2    1

 7401000.00000 1108000.00000 252100.000000 71380.0000000 23260.0000000
  8390.0000000  3271.0000000  1357.0000000   592.0000000   269.1000000
   126.5000000    61.0300000    29.8600000    14.1700000     7.0220000
     3.5110000     1.7580000     0.7841000     0.3480000     0.1491000

 .17502E-5 -.52045E-6  .23038E-8  0.0000000  0.0000000  0.0000000  0.0000000 
 .13615E-4 -.40491E-5  .17422E-7  0.0000000  0.0000000  0.0000000  0.0000000 
  .7163E-4 -.21302E-4   .9553E-7  0.0000000  0.0000000  0.0000000  0.0000000 
 .30304E-3 -.90169E-4  .38362E-6  0.0000000  0.0000000  0.0000000  0.0000000 
 .11061E-2 -.32937E-3  .15054E-5  0.0000000  0.0000000  0.0000000  0.0000000 
 .36068E-2 -.10772E-2  .45863E-5  0.0000000  0.0000000  0.0000000  0.0000000 
 .10713E-1 -.32189E-2    .155E-4  0.0000000  0.0000000  0.0000000  0.0000000 
 .29107E-1 -.88784E-2   .4067E-4  0.0000000  0.0000000  0.0000000  0.0000000 
 .71662E-1 -.22554E-1  .13134E-3  0.0000000  0.0000000  0.0000000  0.0000000 
  .15414E0 -.51845E-1  .33268E-3  0.0000000  0.0000000  0.0000000  0.0000000 
  .27042E0  -.10372E0  .10667E-2  0.0000000  0.0000000  0.0000000  0.0000000 
  .33486E0   -.1666E0  .25721E-2  0.0000000  0.0000000  0.0000000  0.0000000 
  .22435E0  -.16016E0  .48358E-2  0.0000000  0.0000000  0.0000000  0.0000000 
 .50008E-1  .62365E-1 -.38573E-2  0.0000000  0.0000000  0.0000000  0.0000000 
 .14973E-3   .46553E0 -.47612E-1  0.0000000  0.0000000  0.0000000  0.0000000 
 .21037E-2   .58156E0  -.18296E0  0.0000000  0.0000000  0.0000000  0.0000000 
-.41073E-3   .19137E0 -.73282E-1  1.0000000  0.0000000  0.0000000  0.0000000 
-.88862E-3  -.12857E0   .43482E0  0.0000000  1.0000000  0.0000000  0.0000000 
-.15624E-2  -.18322E0   .58171E0  0.0000000  0.0000000  1.0000000  0.0000000 
-.42684E-3 -.56627E-1   .17937E0  0.0000000  0.0000000  0.0000000  1.0000000 

  2927.0000000   693.5000000   224.7000000    85.1700000    35.5300000
    15.7300000     7.1650000     3.3220000     1.4780000     0.6552000
     0.2751000     0.1097000

 .18834E-3 -.15021E-3  0.0000000  0.0000000  0.0000000  0.0000000 
 .16429E-2 -.13093E-2  0.0000000  0.0000000  0.0000000  0.0000000 
 .89489E-2  -.7165E-2  0.0000000  0.0000000  0.0000000  0.0000000 
 .35511E-1 -.28572E-1  0.0000000  0.0000000  0.0000000  0.0000000 
  .10515E0 -.86016E-1  0.0000000  0.0000000  0.0000000  0.0000000 
  .22155E0    -.184E0  0.0000000  0.0000000  0.0000000  0.0000000 
  .30841E0  -.26584E0  0.0000000  0.0000000  0.0000000  0.0000000 
   .2322E0  -.18874E0  0.0000000  0.0000000  0.0000000  0.0000000 
  .12448E0   .12538E0  1.0000000  0.0000000  0.0000000  0.0000000 
  .16831E0   .39725E0  0.0000000  1.0000000  0.0000000  0.0000000 
  .16829E0   .39466E0  0.0000000  0.0000000  1.0000000  0.0000000 
 .59798E-1   .14192E0  0.0000000  0.0000000  0.0000000  1.0000000 

    10.5180000     2.5160000     1.3320000     0.6730000     0.2700000

 1.0000000  0.0000000  0.0000000  0.0000000  0.0000000 
 0.0000000  1.0000000  0.0000000  0.0000000  0.0000000 
 0.0000000  0.0000000  1.0000000  0.0000000  0.0000000 
 0.0000000  0.0000000  0.0000000  1.0000000  0.0000000 
 0.0000000  0.0000000  0.0000000  0.0000000  1.0000000 

     0.4080000     0.8250000     1.6680000

 1.0000000  0.0000000  0.0000000 
 0.0000000  1.0000000  0.0000000 
 0.0000000  0.0000000  1.0000000 

     0.6650000     1.5620000

 1.0000000  0.0000000 
 0.0000000  1.0000000 

     1.2640000

 1.0000000 




