!  cc-pVQZ(pt/sf/sc)  EMSL  Basis Set Exchange Library   3/19/13 4:04 PM
! Original cc- basis sets:
! T.H. Dunning, Jr. J. Chem. Phys. 90, 1007 (1989).
! D.E. Woon and T.H. Dunning, Jr. J. Chem. Phys. 100, 2975 (1994).
! T.H. Dunning, Jr. J. Chem. Phys. 90, 1007 (1989).
! D.E. Woon and T.H. Dunning, Jr.  (to be published)
! D.E. Woon and T.H. Dunning, Jr.  J. Chem. Phys. 98, 1358 (1993).
! Recontraction:
! K. G. Dyall, in preparation.
!   


H:cc-pVQZ(pt/sf/sc)
EMSL BASIS SET LIBRARY

  4
    0    1    2    3
    4    3    2    1
    6    3    2    1

 8.2640000E+01 1.2410000E+01 2.8240000E+00 7.9770000E-01 2.5810000E-01
 8.9890000E-02

 .20065E-2       .0E0       .0E0       .0E0 
 .15344E-1       .0E0       .0E0       .0E0 
 .75582E-1       .0E0       .0E0       .0E0 
  .25688E0   .99983E0       .0E0       .0E0 
  .49736E0       .0E0   .99995E0       .0E0 
  .29612E0       .0E0       .0E0   .99998E0 

 2.2920000E+00 8.3800000E-01 2.9200000E-01

  .99997E0       .0E0       .0E0 
      .0E0   .99977E0       .0E0 
      .0E0       .0E0   .99992E0 

 2.0620000E+00 6.6200000E-01

  .99991E0       .0E0 
      .0E0   .99971E0 

 1.3970000E+00

  .99975E0 

HE:cc-pVQZ(pt/sf/sc)
EMSL BASIS SET LIBRARY

  4
    0    1    2    3
    4    3    2    1
    7    3    2    1

 5.2850000E+02 7.9310000E+01 1.8050000E+01 5.0850000E+00 1.6090000E+00
 5.3630000E-01 1.8330000E-01

 .94003E-3       .0E0       .0E0       .0E0 
 .72155E-2       .0E0       .0E0       .0E0 
 .35981E-1       .0E0       .0E0       .0E0 
  .12779E0       .0E0       .0E0       .0E0 
  .30847E0    .9997E0       .0E0       .0E0 
  .45303E0       .0E0    .9999E0       .0E0 
  .23886E0       .0E0       .0E0   .99997E0 

 5.9940000E+00 1.7450000E+00 5.6000000E-01

  .99994E0       .0E0       .0E0 
      .0E0    .9994E0       .0E0 
      .0E0       .0E0   .99983E0 

 4.2990000E+00 1.2230000E+00

  .99983E0       .0E0 
      .0E0    .9994E0 

 2.6800000E+00

  .99952E0 

B:cc-pVQZ(pt/sf/sc)
EMSL BASIS SET LIBRARY

  5
    0    1    2    3    4
    5    4    3    2    1
   12    6    3    2    1

 2.3870000E+04 3.5750000E+03 8.1280000E+02 2.2970000E+02 7.4690000E+01
 2.6810000E+01 1.0320000E+01 4.1780000E+00 1.7270000E+00 4.7040000E-01
 1.8960000E-01 7.3940000E-02

 .88677E-4 -.17876E-4       .0E0       .0E0       .0E0 
 .68859E-3 -.13964E-3       .0E0       .0E0       .0E0 
  .3607E-2 -.72704E-3       .0E0       .0E0       .0E0 
 .14971E-1 -.30692E-2       .0E0       .0E0       .0E0 
 .51484E-1 -.10595E-1       .0E0       .0E0       .0E0 
  .14337E0 -.31394E-1       .0E0       .0E0       .0E0 
  .30095E0 -.71032E-1       .0E0       .0E0       .0E0 
  .40339E0  -.13213E0       .0E0       .0E0       .0E0 
  .22517E0  -.12285E0       .0E0       .0E0       .0E0 
 .15387E-1    .2622E0    .9999E0       .0E0       .0E0 
-.39492E-2   .58656E0       .0E0   .99997E0       .0E0 
 .11223E-2   .29019E0       .0E0       .0E0   .99999E0 

 2.2260000E+01 5.0580000E+00 1.4870000E+00 5.0710000E-01 1.8120000E-01
 6.4630000E-02

 .50974E-2       .0E0       .0E0       .0E0 
 .33205E-1       .0E0       .0E0       .0E0 
  .13229E0       .0E0       .0E0       .0E0 
  .33174E0   .99985E0       .0E0       .0E0 
  .47201E0       .0E0   .99995E0       .0E0 
   .2581E0       .0E0       .0E0   .99998E0 

 1.1100000E+00 4.0200000E-01 1.4500000E-01

  .99998E0       .0E0       .0E0 
      .0E0   .99984E0       .0E0 
      .0E0       .0E0   .99994E0 

 8.8200000E-01 3.1100000E-01

  .99994E0       .0E0 
      .0E0   .99984E0 

 6.7300000E-01

  .99985E0 

C:cc-pVQZ(pt/sf/sc)
EMSL BASIS SET LIBRARY

  5
    0    1    2    3    4
    5    4    3    2    1
   12    6    3    2    1

 3.3980000E+04 5.0890000E+03 1.1570000E+03 3.2660000E+02 1.0610000E+02
 3.8110000E+01 1.4750000E+01 6.0350000E+00 2.5300000E+00 7.3550000E-01
 2.9050000E-01 1.1110000E-01

 .91048E-4 -.19419E-4       .0E0       .0E0       .0E0 
 .70644E-3 -.15159E-3       .0E0       .0E0       .0E0 
 .37038E-2 -.78999E-3       .0E0       .0E0       .0E0 
 .15394E-1 -.33413E-2       .0E0       .0E0       .0E0 
 .53004E-1 -.11564E-1       .0E0       .0E0       .0E0 
  .14715E0 -.34295E-1       .0E0       .0E0       .0E0 
  .30567E0 -.77411E-1       .0E0       .0E0       .0E0 
   .3992E0  -.14194E0       .0E0       .0E0       .0E0 
  .21677E0  -.11801E0       .0E0       .0E0       .0E0 
 .15789E-1   .27687E0   .99985E0       .0E0       .0E0 
-.30713E-2   .58727E0       .0E0   .99996E0       .0E0 
  .9778E-3   .28189E0       .0E0       .0E0   .99998E0 

 3.4510000E+01 7.9150000E+00 2.3680000E+00 8.1320000E-01 2.8900000E-01
 1.0070000E-01

 .53391E-2       .0E0       .0E0       .0E0 
 .35914E-1       .0E0       .0E0       .0E0 
  .14163E0       .0E0       .0E0       .0E0 
  .33681E0   .99976E0       .0E0       .0E0 
  .45492E0       .0E0   .99992E0       .0E0 
  .26906E0       .0E0       .0E0   .99997E0 

 1.8480000E+00 6.4900000E-01 2.2800000E-01

  .99997E0       .0E0       .0E0 
      .0E0   .99974E0       .0E0 
      .0E0       .0E0   .99991E0 

 1.4190000E+00 4.8500000E-01

  .99991E0       .0E0 
      .0E0   .99975E0 

 1.0110000E+00

  .99978E0 

N:cc-pVQZ(pt/sf/sc)
EMSL BASIS SET LIBRARY

  5
    0    1    2    3    4
    5    4    3    2    1
   12    6    3    2    1

 4.5840000E+04 6.8680000E+03 1.5630000E+03 4.4240000E+02 1.4430000E+02
 5.2180000E+01 2.0340000E+01 8.3810000E+00 3.5290000E+00 1.0540000E+00
 4.1180000E-01 1.5520000E-01

 .92855E-4 -.20536E-4       .0E0       .0E0       .0E0 
 .72018E-3 -.16027E-3       .0E0       .0E0       .0E0 
 .37634E-2 -.83245E-3       .0E0       .0E0       .0E0 
 .15578E-1 -.35087E-2       .0E0       .0E0       .0E0 
 .53252E-1 -.12058E-1       .0E0       .0E0       .0E0 
  .14694E0 -.35636E-1       .0E0       .0E0       .0E0 
  .30472E0 -.80549E-1       .0E0       .0E0       .0E0 
  .39752E0  -.14762E0       .0E0       .0E0       .0E0 
  .21722E0  -.11651E0       .0E0       .0E0       .0E0 
 .16761E-1   .28567E0   .99979E0       .0E0       .0E0 
-.27259E-2   .58704E0       .0E0   .99994E0       .0E0 
 .95566E-3   .27729E0       .0E0       .0E0   .99998E0 

 4.9330000E+01 1.1370000E+01 3.4350000E+00 1.1820000E+00 4.1730000E-01
 1.4280000E-01

 .54782E-2       .0E0       .0E0       .0E0 
 .37687E-1       .0E0       .0E0       .0E0 
  .14786E0       .0E0       .0E0       .0E0 
   .3409E0   .99966E0       .0E0       .0E0 
  .44485E0       .0E0   .99988E0       .0E0 
  .27463E0       .0E0       .0E0   .99996E0 

 2.8370000E+00 9.6800000E-01 3.3500000E-01

  .99995E0       .0E0       .0E0 
      .0E0    .9996E0       .0E0 
      .0E0       .0E0   .99986E0 

 2.0270000E+00 6.8500000E-01

  .99988E0       .0E0 
      .0E0   .99964E0 

 1.4270000E+00

  .99969E0 

O:cc-pVQZ(pt/sf/sc)
EMSL BASIS SET LIBRARY

  5
    0    1    2    3    4
    5    4    3    2    1
   12    6    3    2    1

 6.1420000E+04 9.1990000E+03 2.0910000E+03 5.9090000E+02 1.9230000E+02
 6.9320000E+01 2.6970000E+01 1.1100000E+01 4.6820000E+00 1.4280000E+00
 5.5470000E-01 2.0670000E-01

 .90605E-4 -.20562E-4       .0E0       .0E0       .0E0 
 .70299E-3 -.16053E-3       .0E0       .0E0       .0E0 
 .36822E-2 -.83577E-3       .0E0       .0E0       .0E0 
 .15277E-1 -.35308E-2       .0E0       .0E0       .0E0 
 .52557E-1 -.12216E-1       .0E0       .0E0       .0E0 
  .14612E0 -.36404E-1       .0E0       .0E0       .0E0 
  .30532E0 -.83184E-1       .0E0       .0E0       .0E0 
  .39817E0  -.15235E0       .0E0       .0E0       .0E0 
  .21652E0  -.11479E0       .0E0       .0E0       .0E0 
 .17499E-1   .29125E0   .99972E0       .0E0       .0E0 
-.24902E-2   .58628E0       .0E0   .99991E0       .0E0 
 .95193E-3   .27522E0       .0E0       .0E0   .99997E0 

 6.3420000E+01 1.4660000E+01 4.4590000E+00 1.5310000E+00 5.3020000E-01
 1.7500000E-01

 .60455E-2       .0E0       .0E0       .0E0 
 .41777E-1       .0E0       .0E0       .0E0 
  .16091E0       .0E0       .0E0       .0E0 
  .35495E0   .99956E0       .0E0       .0E0 
  .44544E0       .0E0   .99985E0       .0E0 
  .25117E0       .0E0       .0E0   .99995E0 

 3.7750000E+00 1.3000000E+00 4.4400000E-01

  .99994E0       .0E0       .0E0 
      .0E0   .99947E0       .0E0 
      .0E0       .0E0   .99982E0 

 2.6660000E+00 8.5900000E-01

  .99985E0       .0E0 
      .0E0   .99952E0 

 1.8460000E+00

  .99959E0 

F:cc-pVQZ(pt/sf/sc)
EMSL BASIS SET LIBRARY

  5
    0    1    2    3    4
    5    4    3    2    1
   12    6    3    2    1

 7.4530000E+04 1.1170000E+04 2.5430000E+03 7.2100000E+02 2.3590000E+02
 8.5600000E+01 3.3550000E+01 1.3930000E+01 5.9150000E+00 1.8430000E+00
 7.1240000E-01 2.6370000E-01

 .96064E-4 -.22225E-4       .0E0       .0E0       .0E0 
 .74423E-3 -.17325E-3       .0E0       .0E0       .0E0 
 .38832E-2 -.89869E-3       .0E0       .0E0       .0E0 
 .16002E-1 -.37726E-2       .0E0       .0E0       .0E0 
 .54462E-1 -.12925E-1       .0E0       .0E0       .0E0 
  .14976E0 -.38195E-1       .0E0       .0E0       .0E0 
  .30831E0 -.86357E-1       .0E0       .0E0       .0E0 
  .39437E0  -.15591E0       .0E0       .0E0       .0E0 
  .21048E0  -.10999E0       .0E0       .0E0       .0E0 
  .1708E-1   .30012E0   .99965E0       .0E0       .0E0 
-.20042E-2   .58466E0       .0E0   .99989E0       .0E0 
 .86511E-3   .26994E0       .0E0       .0E0   .99996E0 

 8.0390000E+01 1.8630000E+01 5.6940000E+00 1.9530000E+00 6.7020000E-01
 2.1660000E-01

 .63672E-2       .0E0       .0E0       .0E0 
 .44255E-1       .0E0       .0E0       .0E0 
  .16854E0       .0E0       .0E0       .0E0 
  .36144E0   .99943E0       .0E0       .0E0 
    .442E0       .0E0   .99981E0       .0E0 
   .2435E0       .0E0       .0E0   .99993E0 

 5.0140000E+00 1.7250000E+00 5.8600000E-01

  .99992E0       .0E0       .0E0 
      .0E0    .9993E0       .0E0 
      .0E0       .0E0   .99976E0 

 3.5620000E+00 1.1480000E+00

  .99979E0       .0E0 
      .0E0   .99936E0 

 2.3760000E+00

  .99948E0 

NE:cc-pVQZ(pt/sf/sc)
EMSL BASIS SET LIBRARY

  5
    0    1    2    3    4
    5    4    3    2    1
   12    6    3    2    1

 9.9920000E+04 1.4960000E+04 3.3990000E+03 9.5890000E+02 3.1120000E+02
 1.1170000E+02 4.3320000E+01 1.7800000E+01 7.5030000E+00 2.3370000E+00
 9.0010000E-01 3.3010000E-01

 .87208E-4 -.20479E-4       .0E0       .0E0       .0E0 
 .67616E-3  -.1598E-3       .0E0       .0E0       .0E0 
 .35459E-2 -.83277E-3       .0E0       .0E0       .0E0 
 .14756E-1 -.35297E-2       .0E0       .0E0       .0E0 
  .5117E-1 -.12309E-1       .0E0       .0E0       .0E0 
  .14405E0 -.37184E-1       .0E0       .0E0       .0E0 
  .30465E0 -.86272E-1       .0E0       .0E0       .0E0 
  .39952E0  -.15844E0       .0E0       .0E0       .0E0 
  .21794E0  -.11313E0       .0E0       .0E0       .0E0 
  .1857E-1    .2999E0   .99955E0       .0E0       .0E0 
-.21529E-2   .58535E0       .0E0   .99986E0       .0E0 
 .94597E-3   .27093E0       .0E0       .0E0   .99995E0 

 9.9680000E+01 2.3150000E+01 7.1080000E+00 2.4410000E+00 8.3390000E-01
 2.6620000E-01

  .6594E-2       .0E0       .0E0       .0E0 
 .46051E-1       .0E0       .0E0       .0E0 
  .17346E0       .0E0       .0E0       .0E0 
  .36442E0   .99929E0       .0E0       .0E0 
  .43796E0       .0E0   .99976E0       .0E0 
  .24172E0       .0E0       .0E0   .99992E0 

 6.4710000E+00 2.2130000E+00 7.4700000E-01

   .9999E0       .0E0       .0E0 
      .0E0    .9991E0       .0E0 
      .0E0       .0E0   .99969E0 

 4.6570000E+00 1.5240000E+00

  .99973E0       .0E0 
      .0E0   .99916E0 

 2.9830000E+00

  .99935E0 

AL:cc-pVQZ(pt/sf/sc)
EMSL BASIS SET LIBRARY

  5
    0    1    2    3    4
    6    5    3    2    1
   16   11    3    2    1

 4.1960000E+05 6.2830000E+04 1.4290000E+04 4.0380000E+03 1.3120000E+03
 4.7050000E+02 1.8180000E+02 7.4460000E+01 3.1900000E+01 1.3960000E+01
 5.1800000E+00 2.2650000E+00 9.6640000E-01 2.4470000E-01 1.1840000E-01
 5.0210000E-02

  .2847E-4 -.74327E-5  .17168E-5       .0E0       .0E0       .0E0 
 .22058E-3 -.57479E-4  .13266E-4       .0E0       .0E0       .0E0 
 .11558E-2  -.3024E-3  .69883E-4       .0E0       .0E0       .0E0 
 .48579E-2 -.12697E-2  .29301E-3       .0E0       .0E0       .0E0 
 .17406E-1 -.46129E-2  .10674E-2       .0E0       .0E0       .0E0 
 .54162E-1 -.14586E-1  .33724E-2       .0E0       .0E0       .0E0 
  .14182E0  -.4064E-1  .94646E-2       .0E0       .0E0       .0E0 
  .28942E0 -.92566E-1   .2167E-1       .0E0       .0E0       .0E0 
  .38391E0   -.1645E0  .39615E-1       .0E0       .0E0       .0E0 
  .23163E0  -.13943E0  .34383E-1       .0E0       .0E0       .0E0 
 .29096E-1   .19839E0 -.53603E-1       .0E0       .0E0       .0E0 
-.29738E-2   .57242E0  -.19271E0       .0E0       .0E0       .0E0 
 .16502E-2   .37119E0  -.25225E0       .0E0       .0E0       .0E0 
-.59873E-3  .22774E-1   .27884E0   .99994E0       .0E0       .0E0 
 .42567E-3 -.87324E-2   .60296E0       .0E0   .99999E0       .0E0 
-.12101E-3   .2029E-2   .28581E0       .0E0       .0E0   .99999E0 

 8.9130000E+02 2.1130000E+02 6.8280000E+01 2.5700000E+01 1.0630000E+01
 4.6020000E+00 2.0150000E+00 8.7060000E-01 2.9720000E-01 1.1000000E-01
 3.9890000E-02

 .50065E-3 -.90405E-4       .0E0       .0E0       .0E0 
  .4198E-2  -.7524E-3       .0E0       .0E0       .0E0 
 .21358E-1 -.38862E-2       .0E0       .0E0       .0E0 
 .76584E-1 -.13956E-1       .0E0       .0E0       .0E0 
  .19437E0 -.36669E-1       .0E0       .0E0       .0E0 
  .33425E0 -.62675E-1       .0E0       .0E0       .0E0 
  .37461E0 -.78799E-1       .0E0       .0E0       .0E0 
  .20378E0 -.28675E-1       .0E0       .0E0       .0E0 
  .2134E-1   .23796E0   .99991E0       .0E0       .0E0 
-.20546E-2   .55072E0       .0E0   .99997E0       .0E0 
  .7647E-3   .35533E0       .0E0       .0E0   .99999E0 

 4.9400000E-01 1.9900000E-01 8.0400000E-02

  .99999E0       .0E0       .0E0 
      .0E0   .99993E0       .0E0 
      .0E0       .0E0   .99997E0 

 4.0100000E-01 1.5400000E-01

  .99997E0       .0E0 
      .0E0   .99993E0 

 3.5700000E-01

  .99992E0 

SI:cc-pVQZ(pt/sf/sc)
EMSL BASIS SET LIBRARY

  5
    0    1    2    3    4
    6    5    3    2    1
   16   11    3    2    1

 5.1300000E+05 7.6820000E+04 1.7470000E+04 4.9350000E+03 1.6020000E+03
 5.7410000E+02 2.2150000E+02 9.0540000E+01 3.8740000E+01 1.6950000E+01
 6.4520000E+00 2.8740000E+00 1.2500000E+00 3.5990000E-01 1.6990000E-01
 7.0660000E-02

 .26802E-4 -.71679E-5  .18404E-5       .0E0       .0E0       .0E0 
 .20757E-3 -.55433E-4  .14217E-4       .0E0       .0E0       .0E0 
 .10872E-2 -.29132E-3  .74846E-4       .0E0       .0E0       .0E0 
 .45739E-2 -.12253E-2  .31419E-3       .0E0       .0E0       .0E0 
 .16422E-1 -.44541E-2   .1146E-2       .0E0       .0E0       .0E0 
 .51292E-1 -.14147E-1  .36342E-2       .0E0       .0E0       .0E0 
  .13573E0 -.39693E-1  .10284E-1       .0E0       .0E0       .0E0 
  .28152E0 -.91806E-1   .2389E-1       .0E0       .0E0       .0E0 
  .38433E0  -.16563E0  .44462E-1       .0E0       .0E0       .0E0 
  .24419E0   -.1504E0  .41327E-1       .0E0       .0E0       .0E0 
 .33996E-1   .17215E0 -.51434E-1       .0E0       .0E0       .0E0 
-.33084E-2   .56948E0  -.21805E0       .0E0       .0E0       .0E0 
 .18543E-2   .39466E0  -.28494E0       .0E0       .0E0       .0E0 
-.68341E-3  .28278E-1   .27055E0   .99993E0       .0E0       .0E0 
 .43165E-3 -.81598E-2   .63287E0       .0E0   .99998E0       .0E0 
-.12047E-3  .19149E-2   .28654E0       .0E0       .0E0   .99999E0 

 1.1220000E+03 2.6600000E+02 8.5920000E+01 3.2330000E+01 1.3370000E+01
 5.8000000E+00 2.5590000E+00 1.1240000E+00 3.9880000E-01 1.5330000E-01
 5.7280000E-02

 .45799E-3 -.97985E-4       .0E0       .0E0       .0E0 
 .38612E-2 -.81588E-3       .0E0       .0E0       .0E0 
 .19933E-1 -.43007E-2       .0E0       .0E0       .0E0 
 .72923E-1 -.15688E-1       .0E0       .0E0       .0E0 
  .18999E0 -.42721E-1       .0E0       .0E0       .0E0 
  .33549E0 -.74612E-1       .0E0       .0E0       .0E0 
  .37883E0 -.96689E-1       .0E0       .0E0       .0E0 
  .20081E0 -.20851E-1       .0E0       .0E0       .0E0 
 .20822E-1   .28994E0   .99989E0       .0E0       .0E0 
-.16422E-2   .53259E0       .0E0   .99996E0       .0E0 
 .75199E-3   .32055E0       .0E0       .0E0   .99998E0 

 7.6000000E-01 3.0200000E-01 1.2000000E-01

  .99998E0       .0E0       .0E0 
      .0E0   .99989E0       .0E0 
      .0E0       .0E0   .99996E0 

 5.4100000E-01 2.1200000E-01

  .99996E0       .0E0 
      .0E0    .9999E0 

 4.6100000E-01

   .9999E0 

P:cc-pVQZ(pt/sf/sc)
EMSL BASIS SET LIBRARY

  5
    0    1    2    3    4
    6    5    3    2    1
   16   11    3    2    1

 6.1520000E+05 9.2120000E+04 2.0950000E+04 5.9200000E+03 1.9220000E+03
 6.8800000E+02 2.6500000E+02 1.0820000E+02 4.6220000E+01 2.0230000E+01
 7.8590000E+00 3.5470000E+00 1.5640000E+00 4.8880000E-01 2.2660000E-01
 9.3310000E-02

 .25524E-4 -.69674E-5  .19218E-5       .0E0       .0E0       .0E0 
 .19758E-3 -.53878E-4  .14843E-4       .0E0       .0E0       .0E0 
 .10341E-2 -.28277E-3  .78045E-4       .0E0       .0E0       .0E0 
 .43473E-2 -.11892E-2  .32753E-3       .0E0       .0E0       .0E0 
 .15622E-1 -.43218E-2  .11947E-2       .0E0       .0E0       .0E0 
 .49047E-1 -.13804E-1  .38091E-2       .0E0       .0E0       .0E0 
  .13073E0 -.38905E-1  .10832E-1       .0E0       .0E0       .0E0 
  .27482E0 -.91122E-1  .25481E-1       .0E0       .0E0       .0E0 
  .38431E0  -.16664E0  .48136E-1       .0E0       .0E0       .0E0 
  .25422E0  -.15909E0  .47109E-1       .0E0       .0E0       .0E0 
 .38711E-1   .15106E0 -.48275E-1       .0E0       .0E0       .0E0 
-.36314E-2   .56717E0  -.23716E0       .0E0       .0E0       .0E0 
 .20543E-2   .41244E0  -.31028E0       .0E0       .0E0       .0E0 
-.77548E-3  .33233E-1   .26804E0   .99991E0       .0E0       .0E0 
 .44644E-3 -.74765E-2   .65124E0       .0E0   .99997E0       .0E0 
-.12426E-3  .18463E-2    .2877E0       .0E0       .0E0   .99999E0 

 1.3670000E+03 3.2400000E+02 1.0460000E+02 3.9370000E+01 1.6260000E+01
 7.0560000E+00 3.1300000E+00 1.3940000E+00 5.1790000E-01 2.0320000E-01
 7.6980000E-02

 .43197E-3 -.10285E-3       .0E0       .0E0       .0E0 
 .36604E-2 -.86067E-3       .0E0       .0E0       .0E0 
 .19063E-1 -.45794E-2       .0E0       .0E0       .0E0 
 .70819E-1  -.1698E-1       .0E0       .0E0       .0E0 
  .18835E0 -.47298E-1       .0E0       .0E0       .0E0 
  .33849E0 -.84513E-1       .0E0       .0E0       .0E0 
  .38121E0  -.10937E0       .0E0       .0E0       .0E0 
  .19473E0 -.12388E-1       .0E0       .0E0       .0E0 
  .2005E-1   .31886E0   .99986E0       .0E0       .0E0 
-.97235E-3   .51825E0       .0E0   .99995E0       .0E0 
 .68442E-3   .30439E0       .0E0       .0E0   .99998E0 

 1.0360000E+00 4.1300000E-01 1.6500000E-01

  .99998E0       .0E0       .0E0 
      .0E0   .99986E0       .0E0 
      .0E0       .0E0   .99994E0 

 7.0300000E-01 2.8000000E-01

  .99995E0       .0E0 
      .0E0   .99987E0 

 5.9700000E-01

  .99987E0 

S:cc-pVQZ(pt/sf/sc)
EMSL BASIS SET LIBRARY

  5
    0    1    2    3    4
    6    5    3    2    1
   16   11    3    2    1

 7.2780000E+05 1.0900000E+05 2.4800000E+04 7.0140000E+03 2.2780000E+03
 8.1470000E+02 3.1340000E+02 1.2770000E+02 5.4480000E+01 2.3850000E+01
 9.4280000E+00 4.2900000E+00 1.9090000E+00 6.2700000E-01 2.8730000E-01
 1.1720000E-01

 .24453E-4  -.6794E-5  .19752E-5       .0E0       .0E0       .0E0 
 .18907E-3  -.5249E-4   .1524E-4       .0E0       .0E0       .0E0 
 .98838E-3 -.27504E-3  .80023E-4       .0E0       .0E0       .0E0 
 .41471E-2  -.1155E-2  .33523E-3       .0E0       .0E0       .0E0 
 .14924E-1 -.41996E-2  .12239E-2       .0E0       .0E0       .0E0 
 .47007E-1 -.13462E-1  .39143E-2       .0E0       .0E0       .0E0 
  .12627E0 -.38145E-1  .11199E-1       .0E0       .0E0       .0E0 
  .26882E0  -.9039E-1  .26642E-1       .0E0       .0E0       .0E0 
  .38362E0  -.16717E0  .50981E-1       .0E0       .0E0       .0E0 
  .26339E0  -.16672E0  .52121E-1       .0E0       .0E0       .0E0 
 .43219E-1   .13273E0   -.443E-1       .0E0       .0E0       .0E0 
-.37317E-2    .5656E0   -.2528E0       .0E0       .0E0       .0E0 
 .21477E-2   .42718E0  -.33016E0       .0E0       .0E0       .0E0 
-.82232E-3  .37623E-1   .27121E0   .99989E0       .0E0       .0E0 
 .43942E-3 -.69456E-2   .66466E0       .0E0   .99996E0       .0E0 
-.12255E-3  .18315E-2   .28415E0       .0E0       .0E0   .99998E0 

 1.5460000E+03 3.6640000E+02 1.1840000E+02 4.4530000E+01 1.8380000E+01
 7.9650000E+00 3.5410000E+00 1.5910000E+00 6.2050000E-01 2.4200000E-01
 9.0140000E-02

 .45433E-3 -.11645E-3       .0E0       .0E0       .0E0 
 .38367E-2 -.97393E-3       .0E0       .0E0       .0E0 
 .20009E-1 -.51787E-2       .0E0       .0E0       .0E0 
 .74533E-1 -.19343E-1       .0E0       .0E0       .0E0 
  .19757E0 -.53636E-1       .0E0       .0E0       .0E0 
   .3516E0 -.95857E-1       .0E0       .0E0       .0E0 
  .37785E0   -.1179E0       .0E0       .0E0       .0E0 
  .17036E0   .1062E-1       .0E0       .0E0       .0E0 
 .15169E-1    .3575E0   .99984E0       .0E0       .0E0 
 .21356E-3   .52027E0       .0E0   .99994E0       .0E0 
 .41336E-3   .25653E0       .0E0       .0E0   .99998E0 

 1.2500000E+00 5.0400000E-01 2.0300000E-01

  .99997E0       .0E0       .0E0 
      .0E0   .99983E0       .0E0 
      .0E0       .0E0   .99993E0 

 8.6900000E-01 3.3500000E-01

  .99994E0       .0E0 
      .0E0   .99984E0 

 6.8300000E-01

  .99985E0 

CL:cc-pVQZ(pt/sf/sc)
EMSL BASIS SET LIBRARY

  5
    0    1    2    3    4
    6    5    3    2    1
   16   11    3    2    1

 8.3490000E+05 1.2500000E+05 2.8430000E+04 8.0330000E+03 2.6080000E+03
 9.3390000E+02 3.6000000E+02 1.4700000E+02 6.2880000E+01 2.7600000E+01
 1.1080000E+01 5.0750000E+00 2.2780000E+00 7.7750000E-01 3.5270000E-01
 1.4310000E-01

 .24115E-4 -.68039E-5  .20601E-5       .0E0       .0E0       .0E0 
 .18638E-3 -.52554E-4  .15889E-4       .0E0       .0E0       .0E0 
 .97465E-3  -.2754E-3  .83451E-4       .0E0       .0E0       .0E0 
 .40927E-2 -.11578E-2  .34994E-3       .0E0       .0E0       .0E0 
 .14716E-1 -.42043E-2  .12762E-2       .0E0       .0E0       .0E0 
 .46217E-1 -.13444E-1  .40707E-2       .0E0       .0E0       .0E0 
   .1241E0 -.38037E-1  .11636E-1       .0E0       .0E0       .0E0 
  .26483E0 -.90341E-1  .27737E-1       .0E0       .0E0       .0E0 
  .38169E0  -.16776E0  .53368E-1       .0E0       .0E0       .0E0 
  .26868E0  -.17182E0   .5604E-1       .0E0       .0E0       .0E0 
 .46522E-1   .12051E0 -.41559E-1       .0E0       .0E0       .0E0 
-.36551E-2   .56462E0  -.26645E0       .0E0       .0E0       .0E0 
 .21535E-2   .43637E0  -.34515E0       .0E0       .0E0       .0E0 
-.83339E-3  .41142E-1   .27648E0   .99986E0       .0E0       .0E0 
 .41516E-3 -.62994E-2   .67382E0       .0E0   .99995E0       .0E0 
-.11698E-3  .18054E-2    .2807E0       .0E0       .0E0   .99998E0 

 1.7030000E+03 4.0360000E+02 1.3030000E+02 4.9050000E+01 2.0260000E+01
 8.7870000E+00 3.9190000E+00 1.7650000E+00 7.2070000E-01 2.8390000E-01
 1.0600000E-01

 .48999E-3 -.13259E-3       .0E0       .0E0       .0E0 
 .41386E-2 -.11139E-2       .0E0       .0E0       .0E0 
 .21549E-1 -.58931E-2       .0E0       .0E0       .0E0 
 .79864E-1 -.22038E-1       .0E0       .0E0       .0E0 
  .20923E0 -.60203E-1       .0E0       .0E0       .0E0 
  .36465E0  -.10677E0       .0E0       .0E0       .0E0 
  .37075E0  -.12196E0       .0E0       .0E0       .0E0 
  .14567E0  .39066E-1       .0E0       .0E0       .0E0 
 .10664E-1   .38525E0   .99982E0       .0E0       .0E0 
 .11012E-2   .50676E0       .0E0   .99993E0       .0E0 
 .22324E-3   .22738E0       .0E0       .0E0   .99997E0 

 1.5510000E+00 6.2800000E-01 2.5400000E-01

  .99996E0       .0E0       .0E0 
      .0E0   .99978E0       .0E0 
      .0E0       .0E0   .99991E0 

 1.0890000E+00 4.2300000E-01

  .99992E0       .0E0 
      .0E0    .9998E0 

 8.2700000E-01

  .99982E0 

AR:cc-pVQZ(pt/sf/sc)
EMSL BASIS SET LIBRARY

  5
    0    1    2    3    4
    6    5    3    2    1
   16   11    3    2    1

 9.5060000E+05 1.4230000E+05 3.2360000E+04 9.1450000E+03 2.9700000E+03
 1.0640000E+03 4.1080000E+02 1.6800000E+02 7.1990000E+01 3.1670000E+01
 1.2890000E+01 5.9290000E+00 2.6780000E+00 9.4160000E-01 4.2390000E-01
 1.7140000E-01

 .23802E-4 -.68066E-5   .2129E-5       .0E0       .0E0       .0E0 
 .18383E-3  -.5255E-4  .16412E-4       .0E0       .0E0       .0E0 
 .96101E-3 -.27521E-3  .86152E-4       .0E0       .0E0       .0E0 
 .40296E-2 -.11558E-2  .36083E-3       .0E0       .0E0       .0E0 
 .14487E-1 -.41941E-2  .13153E-2       .0E0       .0E0       .0E0 
 .45431E-1 -.13397E-1  .41903E-2       .0E0       .0E0       .0E0 
  .12196E0 -.37852E-1  .11965E-1       .0E0       .0E0       .0E0 
  .26112E0  -.9018E-1   .2861E-1       .0E0       .0E0       .0E0 
  .37996E0  -.16817E0  .55331E-1       .0E0       .0E0       .0E0 
  .27351E0  -.17634E0  .59513E-1       .0E0       .0E0       .0E0 
  .4978E-1   .10931E0 -.38622E-1       .0E0       .0E0       .0E0 
-.35312E-2   .56396E0  -.27791E0       .0E0       .0E0       .0E0 
  .2145E-2   .44441E0  -.35799E0       .0E0       .0E0       .0E0 
 -.8438E-3  .44275E-1   .28084E0   .99984E0       .0E0       .0E0 
 .39502E-3 -.56559E-2   .68041E0       .0E0   .99994E0       .0E0 
-.11292E-3  .17793E-2   .27886E0       .0E0       .0E0   .99997E0 

 1.8900000E+03 4.4780000E+02 1.4460000E+02 5.4460000E+01 2.2510000E+01
 9.7740000E+00 4.3680000E+00 1.9590000E+00 8.2600000E-01 3.2970000E-01
 1.2420000E-01

  .5145E-3 -.14414E-3       .0E0       .0E0       .0E0 
 .43396E-2 -.12137E-2       .0E0       .0E0       .0E0 
 .22582E-1 -.63987E-2       .0E0       .0E0       .0E0 
 .83566E-1 -.24023E-1       .0E0       .0E0       .0E0 
  .21747E0 -.65007E-1       .0E0       .0E0       .0E0 
  .37414E0  -.11526E0       .0E0       .0E0       .0E0 
  .36526E0  -.12299E0       .0E0       .0E0       .0E0 
  .12855E0  .65769E-1       .0E0       .0E0       .0E0 
 .67839E-2    .4036E0    .9998E0       .0E0       .0E0 
 .75433E-3   .49002E0       .0E0   .99992E0       .0E0 
-.28802E-3    .2086E0       .0E0       .0E0   .99997E0 

 1.8730000E+00 7.6300000E-01 3.1100000E-01

  .99996E0       .0E0       .0E0 
      .0E0   .99974E0       .0E0 
      .0E0       .0E0   .99989E0 

 1.3250000E+00 5.4300000E-01

   .9999E0       .0E0 
      .0E0   .99976E0 

 1.0070000E+00

  .99978E0 

GA:cc-pVQZ(pt/sf/sc)
EMSL BASIS SET LIBRARY

  5
    0    1    2    3    4
    7    6    4    2    1
   21   16   12    2    1

 1.1274496E+07 1.6880534E+06 3.8414083E+05 1.0880703E+05 3.5497691E+04
 1.2815104E+04 4.9981087E+03 2.0728848E+03 9.0374582E+02 4.1044307E+02
 1.9260636E+02 9.2049678E+01 4.2047811E+01 2.1069217E+01 1.0447915E+01
 4.7776580E+00 2.2825660E+00 1.0353030E+00 2.5767400E-01 1.1917900E-01
 5.1294000E-02

 .47329E-5 -.14992E-5   .5739E-6 -.13465E-6       .0E0       .0E0       .0E0 
 .36076E-4 -.11424E-4   .4371E-5 -.10245E-5       .0E0       .0E0       .0E0 
 .18607E-3 -.58978E-4  .22584E-4 -.53012E-5       .0E0       .0E0       .0E0 
 .77232E-3 -.24483E-3   .9366E-4 -.21943E-4       .0E0       .0E0       .0E0 
  .2763E-2 -.87871E-3  .33673E-3 -.79085E-4       .0E0       .0E0       .0E0 
 .88156E-2 -.28162E-2   .1078E-2 -.25245E-3       .0E0       .0E0       .0E0 
 .25413E-1 -.82389E-2  .31659E-2 -.74431E-3       .0E0       .0E0       .0E0 
  .6583E-1 -.21946E-1  .84427E-2 -.19769E-2       .0E0       .0E0       .0E0 
  .14838E0 -.52827E-1  .20555E-1 -.48454E-2       .0E0       .0E0       .0E0 
  .27085E0  -.10946E0  .43139E-1 -.10118E-1       .0E0       .0E0       .0E0 
  .34427E0  -.17982E0  .73829E-1 -.17578E-1       .0E0       .0E0       .0E0 
  .23053E0  -.16218E0  .69589E-1 -.16342E-1       .0E0       .0E0       .0E0 
 .45977E-1   .13145E0 -.64987E-1  .15142E-1       .0E0       .0E0       .0E0 
-.21795E-2   .54553E0  -.36667E0  .94465E-1       .0E0       .0E0       .0E0 
  .1684E-2    .4292E0  -.40848E0   .10559E0       .0E0       .0E0       .0E0 
-.77828E-3  .68658E-1   .23151E0 -.68438E-1       .0E0       .0E0       .0E0 
 .32951E-3 -.50884E-3    .7141E0  -.26867E0       .0E0       .0E0       .0E0 
-.13092E-3  .14844E-2   .34627E0  -.24293E0       .0E0       .0E0       .0E0 
 .45769E-4 -.25869E-3  .12549E-1   .38063E0   .99994E0       .0E0       .0E0 
-.31434E-4  .18068E-3 -.43759E-2   .57854E0       .0E0   .99998E0       .0E0 
 .91162E-5   -.555E-4  .10577E-2   .22324E0       .0E0       .0E0   .99999E0 

 2.2059771E+04 5.2223129E+03 1.6960601E+03 6.4876573E+02 2.7510267E+02
 1.2534634E+02 6.0054334E+01 2.9723768E+01 1.5039781E+01 7.5722730E+00
 3.7386760E+00 1.7967880E+00 8.2991000E-01 2.7287400E-01 1.0154000E-01
 3.7658000E-02

 .66129E-4 -.25163E-4  .41254E-5       .0E0       .0E0       .0E0 
 .54429E-3 -.20762E-3  .33685E-4       .0E0       .0E0       .0E0 
 .30088E-2 -.11501E-2  .18872E-3       .0E0       .0E0       .0E0 
 .12828E-1 -.49471E-2  .80336E-3       .0E0       .0E0       .0E0 
 .44022E-1 -.17234E-1  .28359E-2       .0E0       .0E0       .0E0 
  .12058E0  -.4878E-1  .79511E-2       .0E0       .0E0       .0E0 
  .24969E0  -.10529E0   .1751E-1       .0E0       .0E0       .0E0 
  .35843E0  -.16063E0  .26281E-1       .0E0       .0E0       .0E0 
  .29056E0  -.11021E0  .18644E-1       .0E0       .0E0       .0E0 
 .95799E-1   .15156E0 -.32395E-1       .0E0       .0E0       .0E0 
 .80887E-2   .42952E0 -.80315E-1       .0E0       .0E0       .0E0 
 .10632E-2   .42012E0 -.99647E-1       .0E0       .0E0       .0E0 
-.27336E-3   .15584E0 -.69987E-2       .0E0       .0E0       .0E0 
-.26332E-3  .92932E-2   .28573E0   .99992E0       .0E0       .0E0 
 -.1787E-3  -.8093E-3   .54168E0       .0E0   .99997E0       .0E0 
-.26969E-3  .36379E-3   .31627E0       .0E0       .0E0   .99999E0 

 7.6643696E+02 2.3100425E+02 8.9781238E+01 3.9546681E+01 1.8607583E+01
 9.1512870E+00 4.5650050E+00 2.2530660E+00 1.0867230E+00 5.0330400E-01
 2.1228300E-01 8.2800000E-02

 .17935E-3       .0E0       .0E0       .0E0 
 .16767E-2       .0E0       .0E0       .0E0 
  .9299E-2       .0E0       .0E0       .0E0 
 .34694E-1       .0E0       .0E0       .0E0 
 .95657E-1       .0E0       .0E0       .0E0 
  .19426E0       .0E0       .0E0       .0E0 
  .28207E0       .0E0       .0E0       .0E0 
  .30774E0       .0E0       .0E0       .0E0 
  .25265E0       .0E0       .0E0       .0E0 
  .13664E0   .99985E0       .0E0       .0E0 
 .30923E-1       .0E0   .99993E0       .0E0 
 .52088E-3       .0E0       .0E0   .99997E0 

 4.7100000E-01 1.8100000E-01

  .99997E0       .0E0 
      .0E0   .99992E0 

 4.0320000E-01

  .99991E0 

GE:cc-pVQZ(pt/sf/sc)
EMSL BASIS SET LIBRARY

  5
    0    1    2    3    4
    7    6    4    2    1
   21   16   12    2    1

 1.2360507E+07 1.8506978E+06 4.2113142E+05 1.1927826E+05 3.8912277E+04
 1.4048682E+04 5.4806992E+03 2.2742055E+03 9.9224129E+02 4.5099966E+02
 2.1182024E+02 1.0141102E+02 4.6914090E+01 2.3508950E+01 1.1681311E+01
 5.4345260E+00 2.6088080E+00 1.1984420E+00 3.2980800E-01 1.5543300E-01
 6.6913000E-02

 .46177E-5 -.14698E-5   .5685E-6 -.14694E-6       .0E0       .0E0       .0E0 
 .35151E-4 -.11187E-4  .43252E-5 -.11169E-5       .0E0       .0E0       .0E0 
 .18109E-3 -.57675E-4  .22314E-4 -.57701E-5       .0E0       .0E0       .0E0 
 .75086E-3 -.23923E-3  .92486E-4 -.23871E-4       .0E0       .0E0       .0E0 
 .26839E-2 -.85758E-3    .332E-3 -.85902E-4       .0E0       .0E0       .0E0 
 .85554E-2 -.27467E-2  .10626E-2 -.27415E-3       .0E0       .0E0       .0E0 
 .24647E-1  -.8024E-2  .31147E-2  -.8067E-3       .0E0       .0E0       .0E0 
 .63854E-1 -.21372E-1  .83097E-2 -.21437E-2       .0E0       .0E0       .0E0 
  .14431E0 -.51458E-1  .20219E-1 -.52508E-2       .0E0       .0E0       .0E0 
  .26541E0  -.10715E0  .42668E-1 -.11027E-1       .0E0       .0E0       .0E0 
  .34336E0  -.17764E0  .73547E-1 -.19294E-1       .0E0       .0E0       .0E0 
  .23796E0  -.16734E0  .72592E-1 -.18803E-1       .0E0       .0E0       .0E0 
 .51103E-1   .10919E0 -.54561E-1   .1391E-1       .0E0       .0E0       .0E0 
-.17419E-2   .53284E0  -.35535E0   .10096E0       .0E0       .0E0       .0E0 
 .16914E-2   .44946E0  -.42947E0   .12296E0       .0E0       .0E0       .0E0 
-.79385E-3   .8026E-1    .1842E0 -.59616E-1       .0E0       .0E0       .0E0 
 .33926E-3 -.11293E-4    .7194E0  -.29952E0       .0E0       .0E0       .0E0 
-.14229E-3  .15921E-2   .37875E0  -.28749E0       .0E0       .0E0       .0E0 
  .5294E-4 -.30649E-3  .16157E-1   .38443E0   .99993E0       .0E0       .0E0 
-.34447E-4   .1947E-3 -.48259E-2   .59781E0       .0E0   .99998E0       .0E0 
 .95548E-5 -.58402E-4  .11347E-2    .2258E0       .0E0       .0E0   .99999E0 

 2.4017466E+04 5.6857175E+03 1.8464859E+03 7.0624981E+02 2.9945610E+02
 1.3643904E+02 6.5390155E+01 3.2393735E+01 1.6415616E+01 8.2877870E+00
 4.1126340E+00 1.9988540E+00 9.4429100E-01 3.4121100E-01 1.3435000E-01
 5.1735000E-02

 .65028E-4 -.25122E-4  .49346E-5       .0E0       .0E0       .0E0 
 .53258E-3 -.20628E-3  .40163E-4       .0E0       .0E0       .0E0 
 .29388E-2 -.11405E-2  .22422E-3       .0E0       .0E0       .0E0 
 .12535E-1 -.49081E-2  .95661E-3       .0E0       .0E0       .0E0 
 .43116E-1 -.17135E-1  .33786E-2       .0E0       .0E0       .0E0 
   .1186E0 -.48705E-1  .95335E-2       .0E0       .0E0       .0E0 
  .24708E0   -.1058E0  .21086E-1       .0E0       .0E0       .0E0 
  .35734E0  -.16264E0  .32026E-1       .0E0       .0E0       .0E0 
    .293E0  -.11362E0   .2288E-1       .0E0       .0E0       .0E0 
 .98813E-1   .14818E0 -.38377E-1       .0E0       .0E0       .0E0 
 .86612E-2   .42985E0 -.98302E-1       .0E0       .0E0       .0E0 
 .10735E-2   .42128E0   -.1225E0       .0E0       .0E0       .0E0 
-.31858E-3     .154E0 -.46075E-2       .0E0       .0E0       .0E0 
-.26678E-3  .97056E-2   .32512E0   .99991E0       .0E0       .0E0 
 -.1939E-3  -.4245E-3   .52571E0       .0E0   .99997E0       .0E0 
-.30612E-3  .34223E-3   .29061E0       .0E0       .0E0   .99999E0 

 8.6467411E+02 2.6103763E+02 1.0177030E+02 4.5116641E+01 2.1430686E+01
 1.0659861E+01 5.3922870E+00 2.7044970E+00 1.3285440E+00 6.2645200E-01
 2.6601300E-01 1.0630000E-01

 .16977E-3       .0E0       .0E0       .0E0 
 .15872E-2       .0E0       .0E0       .0E0 
 .88194E-2       .0E0       .0E0       .0E0 
  .3303E-1       .0E0       .0E0       .0E0 
 .91335E-1       .0E0       .0E0       .0E0 
  .18797E0       .0E0       .0E0       .0E0 
  .27905E0       .0E0       .0E0       .0E0 
  .31116E0       .0E0       .0E0       .0E0 
  .25611E0       .0E0       .0E0       .0E0 
  .13225E0   .99981E0       .0E0       .0E0 
 .26745E-1       .0E0   .99991E0       .0E0 
 .42781E-3       .0E0       .0E0   .99996E0 

 5.4920000E-01 2.1900000E-01

  .99996E0       .0E0 
      .0E0    .9999E0 

 4.6810000E-01

   .9999E0 

AS:cc-pVQZ(pt/sf/sc)
EMSL BASIS SET LIBRARY

  5
    0    1    2    3    4
    7    6    4    2    1
   21   16   12    2    1

 1.3600341E+07 2.0365073E+06 4.6343278E+05 1.3125994E+05 4.2819192E+04
 1.5457019E+04 6.0284583E+03 2.5005599E+03 1.0906149E+03 4.9562154E+02
 2.3281669E+02 1.1163118E+02 5.2269950E+01 2.6149878E+01 1.3018757E+01
 6.1554320E+00 2.9591270E+00 1.3738740E+00 4.0885000E-01 1.9451100E-01
 8.3641000E-02

 .44758E-5 -.14314E-5  .55942E-6 -.15535E-6       .0E0       .0E0       .0E0 
  .3402E-4  -.1088E-4  .42507E-5 -.11794E-5       .0E0       .0E0       .0E0 
 .17504E-3 -.56006E-4  .21893E-4 -.60827E-5       .0E0       .0E0       .0E0 
 .72496E-3  -.2321E-3  .90683E-4 -.25149E-4       .0E0       .0E0       .0E0 
 .25893E-2 -.83112E-3  .32508E-3 -.90368E-4       .0E0       .0E0       .0E0 
 .82512E-2 -.26615E-2  .10407E-2 -.28849E-3       .0E0       .0E0       .0E0 
 .23783E-1 -.77734E-2  .30482E-2 -.84821E-3       .0E0       .0E0       .0E0 
 .61726E-1 -.20735E-1  .81482E-2 -.22587E-2       .0E0       .0E0       .0E0 
  .14009E0 -.50014E-1  .19845E-1  -.5537E-2       .0E0       .0E0       .0E0 
  .25988E0  -.10475E0  .42148E-1 -.11705E-1       .0E0       .0E0       .0E0 
  .34227E0  -.17531E0  .73195E-1  -.2063E-1       .0E0       .0E0       .0E0 
  .24541E0  -.17209E0  .75447E-1  -.2102E-1       .0E0       .0E0       .0E0 
 .56761E-1  .87782E-1 -.44459E-1  .12065E-1       .0E0       .0E0       .0E0 
-.11255E-2   .51894E0  -.34375E0   .10501E0       .0E0       .0E0       .0E0 
  .1661E-2   .46807E0  -.44821E0   .13851E0       .0E0       .0E0       .0E0 
-.78869E-3  .92865E-1   .13948E0  -.4799E-1       .0E0       .0E0       .0E0 
 .33656E-3  .78925E-3   .72299E0   -.3248E0       .0E0       .0E0       .0E0 
-.14872E-3  .16443E-2   .40821E0   -.3276E0       .0E0       .0E0       .0E0 
 .57731E-4 -.33888E-3   .2001E-1   .38067E0   .99992E0       .0E0       .0E0 
-.35591E-4  .19441E-3 -.50968E-2   .61841E0       .0E0   .99998E0       .0E0 
 .95479E-5  -.5831E-4  .11986E-2   .23149E0       .0E0       .0E0   .99999E0 

 2.5570418E+04 6.0529237E+03 1.9657002E+03 7.5177229E+02 3.1868140E+02
 1.4514749E+02 6.9541162E+01 3.4451376E+01 1.7460610E+01 8.8086090E+00
 4.3786460E+00 2.1444050E+00 1.0293500E+00 4.0463600E-01 1.6562200E-01
 6.5610000E-02

 .66164E-4 -.25945E-4  .57456E-5       .0E0       .0E0       .0E0 
 .53939E-3  -.2121E-3  .46666E-4       .0E0       .0E0       .0E0 
 .29695E-2 -.11698E-2  .25928E-3       .0E0       .0E0       .0E0 
 .12655E-1 -.50315E-2  .11083E-2       .0E0       .0E0       .0E0 
 .43536E-1  -.1757E-1  .39061E-2       .0E0       .0E0       .0E0 
  .11976E0 -.49974E-1  .11062E-1       .0E0       .0E0       .0E0 
  .24922E0  -.10848E0  .24379E-1       .0E0       .0E0       .0E0 
  .35854E0  -.16603E0  .37068E-1       .0E0       .0E0       .0E0 
  .29042E0  -.11188E0  .25083E-1       .0E0       .0E0       .0E0 
  .9608E-1   .15812E0 -.46046E-1       .0E0       .0E0       .0E0 
 .80124E-2   .43937E0  -.11618E0       .0E0       .0E0       .0E0 
 .10564E-2   .41464E0  -.13953E0       .0E0       .0E0       .0E0 
-.39712E-3   .13967E0  .84447E-2       .0E0       .0E0       .0E0 
-.26187E-3  .86042E-2   .35619E0    .9999E0       .0E0       .0E0 
-.21227E-3  .19787E-3   .50972E0       .0E0   .99996E0       .0E0 
-.34073E-3   .2793E-3   .27059E0       .0E0       .0E0   .99998E0 

 9.9697960E+02 3.0098518E+02 1.1723473E+02 5.1956904E+01 2.4689440E+01
 1.2295171E+01 6.2446520E+00 3.1554600E+00 1.5680490E+00 7.4864700E-01
 3.1912500E-01 1.3000000E-01

  .1516E-3       .0E0       .0E0       .0E0 
 .14271E-2       .0E0       .0E0       .0E0 
 .80583E-2       .0E0       .0E0       .0E0 
 .30895E-1       .0E0       .0E0       .0E0 
 .87299E-1       .0E0       .0E0       .0E0 
  .18405E0       .0E0       .0E0       .0E0 
  .27928E0       .0E0       .0E0       .0E0 
  .31566E0       .0E0       .0E0       .0E0 
  .25784E0       .0E0       .0E0       .0E0 
   .1268E0   .99978E0       .0E0       .0E0 
 .23298E-1       .0E0    .9999E0       .0E0 
 .36704E-3       .0E0       .0E0   .99996E0 

 6.4400000E-01 2.6400000E-01

  .99995E0       .0E0 
      .0E0   .99988E0 

 5.4650000E-01

  .99988E0 

SE:cc-pVQZ(pt/sf/sc)
EMSL BASIS SET LIBRARY

  5
    0    1    2    3    4
    7    6    4    2    1
   21   16   12    2    1

 1.5011000E+07 2.2475000E+06 5.1145000E+05 1.4487000E+05 4.7261000E+04
 1.7062000E+04 6.6545000E+03 2.7598000E+03 1.2032000E+03 5.4653000E+02
 2.5663000E+02 1.2314000E+02 5.8263000E+01 2.9023000E+01 1.4465000E+01
 6.9348000E+00 3.3299000E+00 1.5600000E+00 4.9291000E-01 2.3525000E-01
 1.0037000E-01

 .43139E-5 -.13859E-5   .5472E-6 -.16076E-6       .0E0       .0E0       .0E0 
 .32748E-4 -.10522E-4  .41535E-5 -.12191E-5       .0E0       .0E0       .0E0 
 .16824E-3 -.54076E-4  .21355E-4 -.62766E-5       .0E0       .0E0       .0E0 
   .696E-3 -.22388E-3  .88383E-4 -.25929E-4       .0E0       .0E0       .0E0 
 .24833E-2  -.8006E-3  .31631E-3 -.93026E-4       .0E0       .0E0       .0E0 
 .79079E-2 -.25625E-2  .10124E-2 -.29689E-3       .0E0       .0E0       .0E0 
 .22799E-1 -.74794E-2  .29622E-2 -.87205E-3       .0E0       .0E0       .0E0 
  .5929E-1 -.19982E-1  .79342E-2 -.23265E-2       .0E0       .0E0       .0E0 
  .13526E0 -.48316E-1  .19356E-1 -.57136E-2       .0E0       .0E0       .0E0 
  .25355E0  -.10193E0  .41421E-1 -.12169E-1       .0E0       .0E0       .0E0 
  .34094E0  -.17259E0  .72634E-1 -.21661E-1       .0E0       .0E0       .0E0 
   .2538E0  -.17693E0  .78322E-1 -.23095E-1       .0E0       .0E0       .0E0 
  .6345E-1  .66351E-1 -.34201E-1  .96395E-2       .0E0       .0E0       .0E0 
 -.3252E-3    .5042E0  -.33191E0   .10736E0       .0E0       .0E0       .0E0 
 .16065E-2   .48541E0  -.46497E0   .15244E0       .0E0       .0E0       .0E0 
-.77104E-3   .10627E0  .97843E-1 -.34677E-1       .0E0       .0E0       .0E0 
 .32691E-3  .18558E-2   .72503E0   -.3466E0       .0E0       .0E0       .0E0 
-.15175E-3  .16405E-2   .43434E0  -.36319E0       .0E0       .0E0       .0E0 
 .60533E-4 -.35398E-3  .23878E-1   .37688E0   .99991E0       .0E0       .0E0 
-.35288E-4   .1805E-3 -.51907E-2   .64061E0       .0E0   .99997E0       .0E0 
 .91833E-5 -.55245E-4  .12425E-2   .23282E0       .0E0       .0E0   .99999E0 

 2.5217000E+04 5.9699000E+03 1.9389000E+03 7.4166000E+02 3.1450000E+02
 1.4331000E+02 6.8650000E+01 3.3995000E+01 1.7185000E+01 8.5740000E+00
 4.2206000E+00 2.0521000E+00 9.6156000E-01 4.2151000E-01 1.7626000E-01
 7.0663000E-02

 .76216E-4 -.30318E-4  .73194E-5       .0E0       .0E0       .0E0 
 .61927E-3 -.24717E-3  .59572E-4       .0E0       .0E0       .0E0 
  .3396E-2 -.13577E-2  .32802E-3       .0E0       .0E0       .0E0 
 .14377E-1 -.58078E-2  .14018E-2       .0E0       .0E0       .0E0 
  .4895E-1 -.20091E-1  .48698E-2       .0E0       .0E0       .0E0 
  .13215E0  -.5623E-1  .13656E-1       .0E0       .0E0       .0E0 
  .26694E0  -.11865E0  .29068E-1       .0E0       .0E0       .0E0 
  .36467E0  -.17262E0  .42485E-1       .0E0       .0E0       .0E0 
  .26914E0 -.89443E-1  .20554E-1       .0E0       .0E0       .0E0 
 .76253E-1   .21303E0 -.65417E-1       .0E0       .0E0       .0E0 
 .44546E-2   .47445E0    -.144E0       .0E0       .0E0       .0E0 
 .90718E-3   .37678E0  -.14155E0       .0E0       .0E0       .0E0 
-.54103E-3  .89024E-1  .69308E-1       .0E0       .0E0       .0E0 
-.21598E-3  .26134E-2   .40923E0    .9999E0       .0E0       .0E0 
-.24392E-3  .13268E-2   .49014E0       .0E0   .99996E0       .0E0 
-.35867E-3  .32966E-4   .20179E0       .0E0       .0E0   .99998E0 

 1.1434000E+03 3.4533000E+02 1.3446000E+02 5.9567000E+01 2.8283000E+01
 1.4061000E+01 7.1390000E+00 3.6148000E+00 1.8072000E+00 8.6944000E-01
 3.7036000E-01 1.5300000E-01

 .13556E-3       .0E0       .0E0       .0E0 
 .12821E-2       .0E0       .0E0       .0E0 
 .73383E-2       .0E0       .0E0       .0E0 
 .28793E-1       .0E0       .0E0       .0E0 
 .83402E-1       .0E0       .0E0       .0E0 
  .18082E0       .0E0       .0E0       .0E0 
  .28099E0       .0E0       .0E0       .0E0 
  .32129E0       .0E0       .0E0       .0E0 
  .25886E0       .0E0       .0E0       .0E0 
  .12081E0   .99975E0       .0E0       .0E0 
 .20265E-1       .0E0   .99988E0       .0E0 
 .29263E-3       .0E0       .0E0   .99995E0 

 7.0970000E-01 2.8400000E-01

  .99995E0       .0E0 
      .0E0   .99987E0 

 5.7300000E-01

  .99987E0 

BR:cc-pVQZ(pt/sf/sc)
EMSL BASIS SET LIBRARY

  5
    0    1    2    3    4
    7    6    4    2    1
   21   16   12    2    1

 1.6475000E+07 2.4666000E+06 5.6131000E+05 1.5899000E+05 5.1869000E+04
 1.8726000E+04 7.3036000E+03 3.0291000E+03 1.3208000E+03 6.0003000E+02
 2.8190000E+02 1.3554000E+02 6.4870000E+01 3.2129000E+01 1.6037000E+01
 7.7849000E+00 3.7247000E+00 1.7583000E+00 5.8331000E-01 2.7856000E-01
 1.1829000E-01

 .41795E-5 -.13487E-5   .5378E-6 -.16537E-6       .0E0       .0E0       .0E0 
 .31681E-4 -.10225E-4  .40771E-5 -.12525E-5       .0E0       .0E0       .0E0 
 .16255E-3 -.52475E-4  .20927E-4 -.64379E-5       .0E0       .0E0       .0E0 
  .6716E-3 -.21703E-3  .86543E-4 -.26574E-4       .0E0       .0E0       .0E0 
 .23939E-2 -.77508E-3  .30924E-3 -.95188E-4       .0E0       .0E0       .0E0 
 .76172E-2 -.24794E-2  .98955E-3 -.30372E-3       .0E0       .0E0       .0E0 
 .21961E-1 -.72311E-2  .28916E-2   -.891E-3       .0E0       .0E0       .0E0 
 .57164E-1 -.19331E-1  .77534E-2 -.23796E-2       .0E0       .0E0       .0E0 
  .13089E0 -.46796E-1  .18921E-1 -.58462E-2       .0E0       .0E0       .0E0 
  .24744E0 -.99273E-1  .40736E-1 -.12526E-1       .0E0       .0E0       .0E0 
   .3387E0  -.16961E0  .71936E-1 -.22455E-1       .0E0       .0E0       .0E0 
  .26112E0   -.1807E0  .80731E-1 -.24929E-1       .0E0       .0E0       .0E0 
 .70605E-1  .46021E-1 -.24409E-1  .69834E-2       .0E0       .0E0       .0E0 
 .80564E-3   .48775E0  -.31922E0   .10813E0       .0E0       .0E0       .0E0 
 .14589E-2   .50118E0  -.47944E0   .16495E0       .0E0       .0E0       .0E0 
-.70338E-3   .12087E0  .57515E-1 -.20137E-1       .0E0       .0E0       .0E0 
 .29102E-3  .32042E-2   .72553E0  -.36468E0       .0E0       .0E0       .0E0 
-.14333E-3  .15918E-2   .45848E0  -.39635E0       .0E0       .0E0       .0E0 
 .58428E-4 -.35834E-3  .27864E-1   .37236E0   .99989E0       .0E0       .0E0 
 -.3225E-4  .15999E-3 -.51803E-2   .66002E0       .0E0   .99997E0       .0E0 
 .82365E-5 -.51571E-4  .12877E-2   .23546E0       .0E0       .0E0   .99998E0 

 2.6607000E+04 6.2982000E+03 2.0452000E+03 7.8216000E+02 3.3163000E+02
 1.5111000E+02 7.2392000E+01 3.5862000E+01 1.8134000E+01 9.0430000E+00
 4.4500000E+00 2.1661000E+00 9.9628000E-01 4.5443000E-01 1.9404000E-01
 7.8997000E-02

 .78214E-4 -.31549E-4  .81496E-5       .0E0       .0E0       .0E0 
 .63272E-3 -.25606E-3  .66182E-4       .0E0       .0E0       .0E0 
 .34622E-2 -.14038E-2  .36285E-3       .0E0       .0E0       .0E0 
 .14638E-1 -.59972E-2  .15525E-2       .0E0       .0E0       .0E0 
 .49782E-1 -.20731E-1  .53771E-2       .0E0       .0E0       .0E0 
   .1341E0 -.57922E-1  .15098E-1       .0E0       .0E0       .0E0 
  .26985E0  -.12186E0  .31945E-1       .0E0       .0E0       .0E0 
  .36539E0  -.17561E0  .46521E-1       .0E0       .0E0       .0E0 
   .2651E0 -.85351E-1  .20283E-1       .0E0       .0E0       .0E0 
 .73177E-1   .22637E0 -.74154E-1       .0E0       .0E0       .0E0 
 .39705E-2   .48598E0  -.16304E0       .0E0       .0E0       .0E0 
 .79753E-3   .36509E0  -.14543E0       .0E0       .0E0       .0E0 
-.58939E-3  .74867E-1   .11178E0       .0E0       .0E0       .0E0 
-.21912E-3    .774E-3   .43568E0    .9999E0       .0E0       .0E0 
-.25631E-3  .17375E-2   .46497E0       .0E0   .99995E0       .0E0 
-.38887E-3  -.1565E-4   .16838E0       .0E0       .0E0   .99998E0 

 1.2896000E+03 3.8975000E+02 1.5176000E+02 6.7223000E+01 3.1913000E+01
 1.5857000E+01 8.0545000E+00 4.0887000E+00 2.0556000E+00 9.9509000E-01
 4.2313000E-01 1.7790000E-01

 .12455E-3       .0E0       .0E0       .0E0 
 .11814E-2       .0E0       .0E0       .0E0 
  .6825E-2       .0E0       .0E0       .0E0 
 .27264E-1       .0E0       .0E0       .0E0 
 .80484E-1       .0E0       .0E0       .0E0 
  .17827E0       .0E0       .0E0       .0E0 
  .28234E0       .0E0       .0E0       .0E0 
  .32584E0       .0E0       .0E0       .0E0 
  .25917E0       .0E0       .0E0       .0E0 
  .11559E0   .99971E0       .0E0       .0E0 
 .17985E-1       .0E0   .99986E0       .0E0 
 .23932E-3       .0E0       .0E0   .99994E0 

 8.2570000E-01 3.4070000E-01

  .99994E0       .0E0 
      .0E0   .99985E0 

 6.4910000E-01

  .99986E0 

KR:cc-pVQZ(pt/sf/sc)
EMSL BASIS SET LIBRARY

  5
    0    1    2    3    4
    7    6    4    2    1
   21   16   12    2    1

 1.8226108E+07 2.7288025E+06 6.2099771E+05 1.7589958E+05 5.7387497E+04
 2.0717181E+04 8.0788899E+03 3.3495170E+03 1.4597812E+03 6.6289391E+02
 3.1139215E+02 1.4993751E+02 7.2498249E+01 3.5569354E+01 1.7766633E+01
 8.7123830E+00 4.1449710E+00 1.9696490E+00 6.7995200E-01 3.2450200E-01
 1.3744100E-01

 .40032E-5 -.12974E-5  .52227E-6  -.1668E-6       .0E0       .0E0       .0E0 
 .30298E-4 -.98226E-5  .39542E-5 -.12617E-5       .0E0       .0E0       .0E0 
 .15522E-3 -.50326E-4   .2026E-4 -.64736E-5       .0E0       .0E0       .0E0 
 .64054E-3 -.20793E-3  .83717E-4   -.267E-4       .0E0       .0E0       .0E0 
 .22809E-2 -.74155E-3  .29864E-3 -.95481E-4       .0E0       .0E0       .0E0 
 .72545E-2 -.23716E-2  .95577E-3 -.30469E-3       .0E0       .0E0       .0E0 
 .20925E-1 -.69133E-2  .27902E-2 -.89297E-3       .0E0       .0E0       .0E0 
 .54592E-1 -.18516E-1  .74986E-2 -.23904E-2       .0E0       .0E0       .0E0 
  .12568E0 -.44931E-1  .18327E-1 -.58813E-2       .0E0       .0E0       .0E0 
  .24015E0  -.9602E-1  .39762E-1   -.127E-1       .0E0       .0E0       .0E0 
  .33592E0  -.16596E0   .7088E-1 -.22978E-1       .0E0       .0E0       .0E0 
  .26962E0  -.18454E0  .83118E-1 -.26675E-1       .0E0       .0E0       .0E0 
 .79576E-1   .2451E-1 -.13921E-1  .38196E-2       .0E0       .0E0       .0E0 
 .23129E-2   .46938E0  -.30514E0   .10734E0       .0E0       .0E0       .0E0 
  .1252E-2   .51652E0  -.49239E0   .17635E0       .0E0       .0E0       .0E0 
-.60773E-3   .13703E0  .17595E-1 -.45021E-2       .0E0       .0E0       .0E0 
 .24244E-3  .48169E-2   .72435E0   -.3794E0       .0E0       .0E0       .0E0 
 -.1286E-3  .15083E-2   .48123E0  -.42766E0       .0E0       .0E0       .0E0 
 .53467E-4 -.35528E-3  .32032E-1   .36763E0   .99988E0       .0E0       .0E0 
-.27868E-4  .13563E-3 -.51354E-2   .67695E0       .0E0   .99996E0       .0E0 
 .70311E-5 -.47763E-4  .13451E-2   .23882E0       .0E0       .0E0   .99998E0 

 2.8600831E+04 6.7709912E+03 2.1990489E+03 8.4117957E+02 3.5676633E+02
 1.6263620E+02 7.7966035E+01 3.8661489E+01 1.9576791E+01 9.7917610E+00
 4.8353830E+00 2.3681250E+00 1.0899960E+00 5.0458800E-01 2.1845500E-01
 8.9959000E-02

 .77601E-4 -.31732E-4  .86059E-5       .0E0       .0E0       .0E0 
 .62439E-3 -.25611E-3  .69568E-4       .0E0       .0E0       .0E0 
 .34077E-2 -.14007E-2   .3801E-3       .0E0       .0E0       .0E0 
 .14397E-1 -.59783E-2  .16266E-2       .0E0       .0E0       .0E0 
 .48996E-1 -.20683E-1  .56328E-2       .0E0       .0E0       .0E0 
  .13232E0 -.57919E-1  .15875E-1       .0E0       .0E0       .0E0 
  .26752E0   -.1225E0  .33725E-1       .0E0       .0E0       .0E0 
  .36474E0  -.17768E0  .49578E-1       .0E0       .0E0       .0E0 
  .26759E0 -.88915E-1  .22063E-1       .0E0       .0E0       .0E0 
 .75389E-1   .22456E0 -.77743E-1       .0E0       .0E0       .0E0 
 .42188E-2   .49044E0   -.1765E0       .0E0       .0E0       .0E0 
 .73704E-3   .36497E0  -.15202E0       .0E0       .0E0       .0E0 
-.61978E-3  .72114E-1   .13616E0       .0E0       .0E0       .0E0 
  -.232E-3  -.9226E-4   .44951E0   .99989E0       .0E0       .0E0 
-.25525E-3  .12636E-2   .44811E0       .0E0   .99995E0       .0E0 
-.42121E-3 -.21666E-3   .15328E0       .0E0       .0E0   .99998E0 

 1.4377792E+03 4.3426846E+02 1.6892699E+02 7.4777535E+01 3.5516024E+01
 1.7671051E+01 9.0046110E+00 4.5947730E+00 2.3264860E+00 1.1332470E+00
 4.8130700E-01 2.0530000E-01

 .11656E-3       .0E0       .0E0       .0E0 
 .11107E-2       .0E0       .0E0       .0E0 
 .64765E-2       .0E0       .0E0       .0E0 
 .26231E-1       .0E0       .0E0       .0E0 
 .78426E-1       .0E0       .0E0       .0E0 
  .17597E0       .0E0       .0E0       .0E0 
  .28227E0       .0E0       .0E0       .0E0 
  .32856E0       .0E0       .0E0       .0E0 
  .25955E0       .0E0       .0E0       .0E0 
  .11228E0   .99967E0       .0E0       .0E0 
 .16571E-1       .0E0   .99984E0       .0E0 
 .21244E-3       .0E0       .0E0   .99993E0 

 9.5570000E-01 4.1300000E-01

  .99993E0       .0E0 
      .0E0   .99983E0 

 7.3950000E-01

  .99984E0 




