!  cc-pV5Z(fi/sf/sc)  EMSL  Basis Set Exchange Library   3/19/13 3:59 PM
! Original cc- basis sets:
! T.H. Dunning, Jr. J. Chem. Phys. 90, 1007 (1989).
! D.E. Woon and T.H. Dunning, Jr. J. Chem. Phys. 100, 2975 (1994).
! T.H. Dunning, Jr. J. Chem. Phys. 90, 1007 (1989).
! D.E. Woon and T.H. Dunning, Jr.  (to be published)
! D.E. Woon and T.H. Dunning, Jr.  J. Chem. Phys. 98, 1358 (1993).
! Recontraction:
! K. G. Dyall, in preparation.
!   


H:cc-pV5Z(fi/sf/sc)
EMSL BASIS SET LIBRARY

  5
    0    1    2    3    4
    5    4    3    2    1
    8    4    3    2    1

 4.0200000E+02 6.0240000E+01 1.3730000E+01 3.9050000E+00 1.2830000E+00
 4.6550000E-01 1.8110000E-01 7.2790000E-02

 .27945E-3       .0E0       .0E0       .0E0       .0E0 
 .21656E-2       .0E0       .0E0       .0E0       .0E0 
 .11202E-1       .0E0       .0E0       .0E0       .0E0 
  .4488E-1       .0E0       .0E0       .0E0       .0E0 
   .1423E0   .99977E0       .0E0       .0E0       .0E0 
  .33098E0       .0E0   .99992E0       .0E0       .0E0 
  .43626E0       .0E0       .0E0   .99997E0       .0E0 
  .17643E0       .0E0       .0E0       .0E0   .99999E0 

 4.5160000E+00 1.7120000E+00 6.4900000E-01 2.4600000E-01

  .99998E0       .0E0       .0E0       .0E0 
      .0E0   .99955E0       .0E0       .0E0 
      .0E0       .0E0   .99983E0       .0E0 
      .0E0       .0E0       .0E0   .99994E0 

 2.9500000E+00 1.2060000E+00 4.9300000E-01

  .99993E0       .0E0       .0E0 
      .0E0   .99959E0       .0E0 
      .0E0       .0E0   .99983E0 

 8.7500000E-01 2.5060000E+00

  .99955E0       .0E0 
      .0E0   .99984E0 

 2.3580000E+00

  .99948E0 

HE:cc-pV5Z(fi/sf/sc)
EMSL BASIS SET LIBRARY

  5
    0    1    2    3    4
    5    4    3    2    1
    8    4    3    2    1

 1.1450000E+03 1.7170000E+02 3.9070000E+01 1.1040000E+01 3.5660000E+00
 1.2400000E+00 4.4730000E-01 1.6400000E-01

 .35867E-3       .0E0       .0E0       .0E0       .0E0 
 .27718E-2       .0E0       .0E0       .0E0       .0E0 
 .14254E-1       .0E0       .0E0       .0E0       .0E0 
 .55573E-1       .0E0       .0E0       .0E0       .0E0 
   .1621E0   .99934E0       .0E0       .0E0       .0E0 
   .3322E0       .0E0   .99979E0       .0E0       .0E0 
   .4196E0       .0E0       .0E0   .99993E0       .0E0 
  .18611E0       .0E0       .0E0       .0E0   .99997E0 

 1.0153000E+01 3.6270000E+00 1.2960000E+00 4.6300000E-01

  .99995E0       .0E0       .0E0       .0E0 
      .0E0   .99899E0       .0E0       .0E0 
      .0E0       .0E0   .99964E0       .0E0 
      .0E0       .0E0       .0E0   .99987E0 

 7.6660000E+00 2.6470000E+00 9.1400000E-01

  .99987E0       .0E0       .0E0 
      .0E0   .99893E0       .0E0 
      .0E0       .0E0   .99963E0 

 5.4110000E+00 1.7070000E+00

  .99969E0       .0E0 
      .0E0   .99903E0 

 3.4300000E+00

  .99925E0 

B:cc-pV5Z(fi/sf/sc)
EMSL BASIS SET LIBRARY

  6
    0    1    2    3    4    5
    6    5    4    3    2    1
   14    8    4    3    2    1

 6.8260000E+04 1.0230000E+04 2.3280000E+03 6.6040000E+02 2.1620000E+02
 7.8600000E+01 3.0980000E+01 1.2960000E+01 5.6590000E+00 2.5560000E+00
 1.1750000E+00 4.2490000E-01 1.7120000E-01 6.9130000E-02

 .23857E-4 -.48138E-5       .0E0       .0E0       .0E0       .0E0 
 .18531E-3 -.37506E-4       .0E0       .0E0       .0E0       .0E0 
 .97219E-3 -.19607E-3       .0E0       .0E0       .0E0       .0E0 
 .40635E-2 -.82598E-3       .0E0       .0E0       .0E0       .0E0 
 .14419E-1  -.2928E-2       .0E0       .0E0       .0E0       .0E0 
 .43944E-1 -.91505E-2       .0E0       .0E0       .0E0       .0E0 
  .11312E0 -.24127E-1       .0E0       .0E0       .0E0       .0E0 
  .23386E0 -.54786E-1       .0E0       .0E0       .0E0       .0E0 
  .35389E0 -.96949E-1       .0E0       .0E0       .0E0       .0E0 
  .30138E0  -.13744E0       .0E0       .0E0       .0E0       .0E0 
 .87438E-1 -.44317E-1   .99985E0       .0E0       .0E0       .0E0 
 .28152E-2   .32463E0       .0E0   .99993E0       .0E0       .0E0 
 .42565E-4   .57031E0       .0E0       .0E0   .99997E0       .0E0 
 .78112E-4   .24315E0       .0E0       .0E0       .0E0   .99999E0 

 6.6440000E+01 1.5710000E+01 4.9360000E+00 1.7700000E+00 7.0080000E-01
 2.9010000E-01 1.2110000E-01 4.9730000E-02

 .83951E-3       .0E0       .0E0       .0E0       .0E0 
  .6411E-2       .0E0       .0E0       .0E0       .0E0 
 .28079E-1       .0E0       .0E0       .0E0       .0E0 
 .92136E-1       .0E0       .0E0       .0E0       .0E0 
  .22411E0   .99982E0       .0E0       .0E0       .0E0 
  .36984E0       .0E0   .99993E0       .0E0       .0E0 
  .37446E0       .0E0       .0E0   .99997E0       .0E0 
  .13919E0       .0E0       .0E0       .0E0   .99999E0 

 2.0100000E+00 7.9600000E-01 3.1600000E-01 1.2500000E-01

  .99998E0       .0E0       .0E0       .0E0 
      .0E0   .99972E0       .0E0       .0E0 
      .0E0       .0E0   .99989E0       .0E0 
      .0E0       .0E0       .0E0   .99996E0 

 1.2150000E+00 5.2500000E-01 2.2700000E-01

  .99996E0       .0E0       .0E0 
      .0E0   .99978E0       .0E0 
      .0E0       .0E0   .99991E0 

 1.1240000E+00 4.6100000E-01

   .9999E0       .0E0 
      .0E0   .99975E0 

 8.3400000E-01

  .99978E0 

C:cc-pV5Z(fi/sf/sc)
EMSL BASIS SET LIBRARY

  6
    0    1    2    3    4    5
    6    5    4    3    2    1
   14    8    4    3    2    1

 9.6770000E+04 1.4500000E+04 3.3000000E+03 9.3580000E+02 3.0620000E+02
 1.1130000E+02 4.3900000E+01 1.8400000E+01 8.0540000E+00 3.6370000E+00
 1.6560000E+00 6.3330000E-01 2.5450000E-01 1.0190000E-01

 .24622E-4 -.52579E-5       .0E0       .0E0       .0E0       .0E0 
 .19122E-3  -.4094E-4       .0E0       .0E0       .0E0       .0E0 
  .1003E-2 -.21415E-3       .0E0       .0E0       .0E0       .0E0 
  .4195E-2 -.90196E-3       .0E0       .0E0       .0E0       .0E0 
 .14891E-1  -.3204E-2       .0E0       .0E0       .0E0       .0E0 
 .45368E-1 -.10007E-1       .0E0       .0E0       .0E0       .0E0 
   .1166E0 -.26481E-1       .0E0       .0E0       .0E0       .0E0 
  .24031E0 -.60206E-1       .0E0       .0E0       .0E0       .0E0 
  .35872E0  -.10715E0       .0E0       .0E0       .0E0       .0E0 
  .29372E0  -.14453E0       .0E0       .0E0       .0E0       .0E0 
 .77484E-1 -.24179E-1   .99978E0       .0E0       .0E0       .0E0 
 .22843E-2   .35235E0       .0E0    .9999E0       .0E0       .0E0 
 .50283E-3   .55858E0       .0E0       .0E0   .99996E0       .0E0 
 .35472E-4   .22488E0       .0E0       .0E0       .0E0   .99998E0 

 1.0180000E+02 2.4040000E+01 7.5710000E+00 2.7320000E+00 1.0850000E+00
 4.4960000E-01 1.8760000E-01 7.6060000E-02

 .88598E-3       .0E0       .0E0       .0E0       .0E0 
 .69278E-2       .0E0       .0E0       .0E0       .0E0 
 .31453E-1       .0E0       .0E0       .0E0       .0E0 
   .1035E0       .0E0       .0E0       .0E0       .0E0 
  .23848E0   .99973E0       .0E0       .0E0       .0E0 
  .36402E0       .0E0   .99989E0       .0E0       .0E0 
  .35408E0       .0E0       .0E0   .99996E0       .0E0 
  .14834E0       .0E0       .0E0       .0E0   .99998E0 

 3.1340000E+00 1.2330000E+00 4.8500000E-01 1.9100000E-01

  .99997E0       .0E0       .0E0       .0E0 
      .0E0   .99956E0       .0E0       .0E0 
      .0E0       .0E0   .99983E0       .0E0 
      .0E0       .0E0       .0E0   .99993E0 

 2.0060000E+00 8.3800000E-01 3.5000000E-01

  .99994E0       .0E0       .0E0 
      .0E0   .99964E0       .0E0 
      .0E0       .0E0   .99985E0 

 1.7530000E+00 6.7800000E-01

  .99985E0       .0E0 
      .0E0   .99962E0 

 1.2590000E+00

  .99967E0 

N:cc-pV5Z(fi/sf/sc)
EMSL BASIS SET LIBRARY

  6
    0    1    2    3    4    5
    6    5    4    3    2    1
   14    8    4    3    2    1

 1.2920000E+05 1.9350000E+04 4.4040000E+03 1.2480000E+03 4.0800000E+02
 1.4820000E+02 5.8500000E+01 2.4590000E+01 1.0810000E+01 4.8820000E+00
 2.1950000E+00 8.7150000E-01 3.5040000E-01 1.3970000E-01

 .25459E-4 -.56394E-5       .0E0       .0E0       .0E0       .0E0 
  .1977E-3 -.43883E-4       .0E0       .0E0       .0E0       .0E0 
 .10371E-2 -.22976E-3       .0E0       .0E0       .0E0       .0E0 
 .43412E-2 -.96767E-3       .0E0       .0E0       .0E0       .0E0 
 .15425E-1 -.34467E-2       .0E0       .0E0       .0E0       .0E0 
 .46962E-1 -.10752E-1       .0E0       .0E0       .0E0       .0E0 
  .12026E0 -.28482E-1       .0E0       .0E0       .0E0       .0E0 
  .24579E0 -.64422E-1       .0E0       .0E0       .0E0       .0E0 
  .36128E0  -.11462E0       .0E0       .0E0       .0E0       .0E0 
  .28698E0  -.14776E0       .0E0       .0E0       .0E0       .0E0 
 .69881E-1 -.63083E-2   .99971E0       .0E0       .0E0       .0E0 
 .17407E-2    .3726E0       .0E0   .99987E0       .0E0       .0E0 
 .82873E-3   .54727E0       .0E0       .0E0   .99995E0       .0E0 
 .50786E-5   .21069E0       .0E0       .0E0       .0E0   .99998E0 

 1.4700000E+02 3.4760000E+01 1.1000000E+01 3.9950000E+00 1.5870000E+00
 6.5330000E-01 2.6860000E-01 1.0670000E-01

 .88493E-3       .0E0       .0E0       .0E0       .0E0 
 .70179E-2       .0E0       .0E0       .0E0       .0E0 
 .32531E-1       .0E0       .0E0       .0E0       .0E0 
   .1076E0       .0E0       .0E0       .0E0       .0E0 
  .24334E0    .9996E0       .0E0       .0E0       .0E0 
  .36249E0       .0E0   .99984E0       .0E0       .0E0 
   .3475E0       .0E0       .0E0   .99993E0       .0E0 
   .1551E0       .0E0       .0E0       .0E0   .99997E0 

 4.6470000E+00 1.8130000E+00 7.0700000E-01 2.7600000E-01

  .99996E0       .0E0       .0E0       .0E0 
      .0E0   .99935E0       .0E0       .0E0 
      .0E0       .0E0   .99975E0       .0E0 
      .0E0       .0E0       .0E0    .9999E0 

 2.9420000E+00 1.2040000E+00 4.9300000E-01

  .99991E0       .0E0       .0E0 
      .0E0   .99947E0       .0E0 
      .0E0       .0E0   .99978E0 

 2.5110000E+00 9.4200000E-01

  .99979E0       .0E0 
      .0E0   .99945E0 

 1.7680000E+00

  .99954E0 

O:cc-pV5Z(fi/sf/sc)
EMSL BASIS SET LIBRARY

  6
    0    1    2    3    4    5
    6    5    4    3    2    1
   14    8    4    3    2    1

 1.6420000E+05 2.4590000E+04 5.5920000E+03 1.5820000E+03 5.1610000E+02
 1.8720000E+02 7.3930000E+01 3.1220000E+01 1.3810000E+01 6.2560000E+00
 2.7760000E+00 1.1380000E+00 4.6000000E-01 1.8290000E-01

 .26533E-4 -.60311E-5       .0E0       .0E0       .0E0       .0E0 
 .20612E-3 -.46932E-4       .0E0       .0E0       .0E0       .0E0 
 .10824E-2 -.24613E-3       .0E0       .0E0       .0E0       .0E0 
 .45437E-2 -.10389E-2       .0E0       .0E0       .0E0       .0E0 
 .16167E-1 -.37113E-2       .0E0       .0E0       .0E0       .0E0 
  .4921E-1 -.11572E-1       .0E0       .0E0       .0E0       .0E0 
  .12503E0 -.30555E-1       .0E0       .0E0       .0E0       .0E0 
  .25178E0 -.68334E-1       .0E0       .0E0       .0E0       .0E0 
   .3622E0  -.12057E0       .0E0       .0E0       .0E0       .0E0 
   .2786E0   -.1482E0       .0E0       .0E0       .0E0       .0E0 
 .63344E-1  .10827E-1   .99963E0       .0E0       .0E0       .0E0 
 .10415E-2    .3864E0       .0E0   .99983E0       .0E0       .0E0 
 .11389E-2   .53622E0       .0E0       .0E0   .99993E0       .0E0 
-.36226E-4   .20062E0       .0E0       .0E0       .0E0   .99997E0 

 1.9550000E+02 4.6160000E+01 1.4580000E+01 5.2960000E+00 2.0940000E+00
 8.4710000E-01 3.3680000E-01 1.2850000E-01

 .92057E-3       .0E0       .0E0       .0E0       .0E0 
 .73887E-2       .0E0       .0E0       .0E0       .0E0 
 .34931E-1       .0E0       .0E0       .0E0       .0E0 
  .11533E0       .0E0       .0E0       .0E0       .0E0 
  .25578E0   .99947E0       .0E0       .0E0       .0E0 
  .37136E0       .0E0   .99979E0       .0E0       .0E0 
  .34337E0       .0E0       .0E0   .99992E0       .0E0 
  .13531E0       .0E0       .0E0       .0E0   .99997E0 

 5.8790000E+00 2.3070000E+00 9.0500000E-01 3.5500000E-01

  .99995E0       .0E0       .0E0       .0E0 
      .0E0   .99918E0       .0E0       .0E0 
      .0E0       .0E0   .99968E0       .0E0 
      .0E0       .0E0       .0E0   .99987E0 

 4.0160000E+00 1.5540000E+00 6.0100000E-01

  .99989E0       .0E0       .0E0 
      .0E0   .99928E0       .0E0 
      .0E0       .0E0   .99972E0 

 3.3500000E+00 1.1890000E+00

  .99974E0       .0E0 
      .0E0   .99927E0 

 2.3190000E+00

   .9994E0 

F:cc-pV5Z(fi/sf/sc)
EMSL BASIS SET LIBRARY

  6
    0    1    2    3    4    5
    6    5    4    3    2    1
   14    8    4    3    2    1

 2.1140000E+05 3.1660000E+04 7.2020000E+03 2.0400000E+03 6.6640000E+02
 2.4200000E+02 9.5530000E+01 4.0230000E+01 1.7720000E+01 8.0050000E+00
 3.5380000E+00 1.4580000E+00 5.8870000E-01 2.3240000E-01

 .26131E-4 -.60553E-5       .0E0       .0E0       .0E0       .0E0 
 .20301E-3  -.4712E-4       .0E0       .0E0       .0E0       .0E0 
 .10644E-2 -.24674E-3       .0E0       .0E0       .0E0       .0E0 
 .44597E-2 -.10395E-2       .0E0       .0E0       .0E0       .0E0 
  .1584E-1  -.3707E-2       .0E0       .0E0       .0E0       .0E0 
 .48267E-1  -.1157E-1       .0E0       .0E0       .0E0       .0E0 
  .12345E0 -.30771E-1       .0E0       .0E0       .0E0       .0E0 
  .25164E0 -.69712E-1       .0E0       .0E0       .0E0       .0E0 
  .36422E0  -.12404E0       .0E0       .0E0       .0E0       .0E0 
  .27917E0  -.14984E0       .0E0       .0E0       .0E0       .0E0 
 .63328E-1  .17506E-1   .99952E0       .0E0       .0E0       .0E0 
 .11079E-2   .39341E0       .0E0   .99979E0       .0E0       .0E0 
 .12527E-2   .53162E0       .0E0       .0E0   .99991E0       .0E0 
-.34273E-4   .19546E0       .0E0       .0E0       .0E0   .99996E0 

 2.4190000E+02 5.7170000E+01 1.8130000E+01 6.6240000E+00 2.6220000E+00
 1.0570000E+00 4.1760000E-01 1.5740000E-01

 .10077E-2       .0E0       .0E0       .0E0       .0E0 
 .80764E-2       .0E0       .0E0       .0E0       .0E0 
 .38091E-1       .0E0       .0E0       .0E0       .0E0 
  .12381E0       .0E0       .0E0       .0E0       .0E0 
  .26599E0   .99934E0       .0E0       .0E0       .0E0 
  .37164E0       .0E0   .99974E0       .0E0       .0E0 
  .33281E0       .0E0       .0E0   .99989E0       .0E0 
  .12856E0       .0E0       .0E0       .0E0   .99996E0 

 7.7600000E+00 3.0320000E+00 1.1850000E+00 4.6300000E-01

  .99994E0       .0E0       .0E0       .0E0 
      .0E0   .99892E0       .0E0       .0E0 
      .0E0       .0E0   .99958E0       .0E0 
      .0E0       .0E0       .0E0   .99983E0 

 5.3980000E+00 2.0780000E+00 8.0000000E-01

  .99986E0       .0E0       .0E0 
      .0E0   .99903E0       .0E0 
      .0E0       .0E0   .99963E0 

 4.3380000E+00 1.5130000E+00

  .99967E0       .0E0 
      .0E0   .99905E0 

 2.9950000E+00

  .99922E0 

NE:cc-pV5Z(fi/sf/sc)
EMSL BASIS SET LIBRARY

  6
    0    1    2    3    4    5
    6    5    4    3    2    1
   14    8    4    3    2    1

 2.6270000E+05 3.9350000E+04 8.9550000E+03 2.5380000E+03 8.2990000E+02
 3.0150000E+02 1.1900000E+02 5.0000000E+01 2.1980000E+01 9.8910000E+00
 4.3270000E+00 1.8040000E+00 7.2880000E-01 2.8670000E-01

  .2607E-4 -.61331E-5       .0E0       .0E0       .0E0       .0E0 
 .20232E-3 -.47662E-4       .0E0       .0E0       .0E0       .0E0 
 .10603E-2 -.24958E-3       .0E0       .0E0       .0E0       .0E0 
 .44335E-2 -.10487E-2       .0E0       .0E0       .0E0       .0E0 
  .1574E-1 -.37412E-2       .0E0       .0E0       .0E0       .0E0 
  .4795E-1 -.11666E-1       .0E0       .0E0       .0E0       .0E0 
  .12322E0 -.31224E-1       .0E0       .0E0       .0E0       .0E0 
  .25263E0 -.71152E-1       .0E0       .0E0       .0E0       .0E0 
  .36593E0  -.12732E0       .0E0       .0E0       .0E0       .0E0 
  .27887E0  -.15072E0       .0E0       .0E0       .0E0       .0E0 
 .61388E-1  .25997E-1   .99941E0       .0E0       .0E0       .0E0 
 .93154E-3   .40064E0       .0E0   .99974E0       .0E0       .0E0 
 .13602E-2   .52591E0       .0E0       .0E0   .99989E0       .0E0 
-.37006E-4   .18955E0       .0E0       .0E0       .0E0   .99996E0 

 2.9910000E+02 7.0730000E+01 2.2480000E+01 8.2460000E+00 3.2690000E+00
 1.3150000E+00 5.1580000E-01 1.9180000E-01

 .10462E-2       .0E0       .0E0       .0E0       .0E0 
 .84055E-2       .0E0       .0E0       .0E0       .0E0 
 .39754E-1       .0E0       .0E0       .0E0       .0E0 
  .12811E0       .0E0       .0E0       .0E0       .0E0 
  .27024E0   .99918E0       .0E0       .0E0       .0E0 
  .37077E0       .0E0   .99967E0       .0E0       .0E0 
  .32838E0       .0E0       .0E0   .99987E0       .0E0 
  .12765E0       .0E0       .0E0       .0E0   .99995E0 

 9.8370000E+00 3.8440000E+00 1.5020000E+00 5.8700000E-01

  .99992E0       .0E0       .0E0       .0E0 
      .0E0   .99863E0       .0E0       .0E0 
      .0E0       .0E0   .99946E0       .0E0 
      .0E0       .0E0       .0E0   .99979E0 

 7.0900000E+00 2.7380000E+00 1.0570000E+00

  .99981E0       .0E0       .0E0 
      .0E0   .99873E0       .0E0 
      .0E0       .0E0   .99951E0 

 5.4600000E+00 1.8800000E+00

  .99959E0       .0E0 
      .0E0    .9988E0 

 3.7760000E+00

  .99902E0 

AL:cc-pV5Z(fi/sf/sc)
EMSL BASIS SET LIBRARY

  6
    0    1    2    3    4    5
    7    6    4    3    2    1
   20   12    4    3    2    1

 3.2690000E+06 4.8940000E+05 1.1140000E+05 3.1560000E+04 1.0320000E+04
 3.7310000E+03 1.4560000E+03 6.0410000E+02 2.6350000E+02 1.1980000E+02
 5.6320000E+01 2.7190000E+01 1.3260000E+01 6.0520000E+00 2.9810000E+00
 1.4760000E+00 7.3340000E-01 2.4470000E-01 1.0880000E-01 4.6720000E-02

 .21746E-5 -.56713E-6  .13101E-6       .0E0       .0E0       .0E0       .0E0 
 .17023E-4 -.44419E-5   .1025E-5       .0E0       .0E0       .0E0       .0E0 
 .89325E-4 -.23294E-4  .53834E-5       .0E0       .0E0       .0E0       .0E0 
 .37563E-3 -.98093E-4  .22627E-4       .0E0       .0E0       .0E0       .0E0 
 .13594E-2 -.35496E-3  .82083E-4       .0E0       .0E0       .0E0       .0E0 
 .44113E-2  -.1157E-2  .26682E-3       .0E0       .0E0       .0E0       .0E0 
 .13025E-1  -.3434E-2  .79516E-3       .0E0       .0E0       .0E0       .0E0 
 .35078E-1 -.94193E-2  .21745E-2       .0E0       .0E0       .0E0       .0E0 
 .84753E-1 -.23496E-1  .54664E-2       .0E0       .0E0       .0E0       .0E0 
  .17628E0 -.52641E-1  .12236E-1       .0E0       .0E0       .0E0       .0E0 
  .29197E0  -.10018E0  .23746E-1       .0E0       .0E0       .0E0       .0E0 
  .32725E0  -.15033E0  .36028E-1       .0E0       .0E0       .0E0       .0E0 
  .18592E0  -.11755E0  .29954E-1       .0E0       .0E0       .0E0       .0E0 
 .30801E-1   .11056E0   -.317E-1       .0E0       .0E0       .0E0       .0E0 
-.50121E-3   .41219E0  -.11948E0       .0E0       .0E0       .0E0       .0E0 
 .14753E-2   .45572E0  -.21159E0       .0E0       .0E0       .0E0       .0E0 
-.27507E-3   .17391E0  -.15567E0   .99991E0       .0E0       .0E0       .0E0 
  .1175E-3  .75356E-2   .34174E0       .0E0   .99996E0       .0E0       .0E0 
-.65451E-4  -.1623E-2    .6119E0       .0E0       .0E0   .99999E0       .0E0 
 .17402E-4  .43533E-3   .23331E0       .0E0       .0E0       .0E0   .99999E0 

 1.4610000E+03 3.4620000E+02 1.1220000E+02 4.2510000E+01 1.7720000E+01
 7.8520000E+00 3.5710000E+00 1.6370000E+00 7.3820000E-01 2.5770000E-01
 9.7730000E-02 3.6900000E-02

 .21328E-3 -.38007E-4       .0E0       .0E0       .0E0       .0E0 
 .18321E-2 -.33228E-3       .0E0       .0E0       .0E0       .0E0 
 .97994E-2 -.17531E-2       .0E0       .0E0       .0E0       .0E0 
 .37961E-1 -.69673E-2       .0E0       .0E0       .0E0       .0E0 
  .11106E0 -.20294E-1       .0E0       .0E0       .0E0       .0E0 
   .2343E0  -.4482E-1       .0E0       .0E0       .0E0       .0E0 
  .34499E0 -.64209E-1       .0E0       .0E0       .0E0       .0E0 
  .33103E0 -.75099E-1       .0E0       .0E0       .0E0       .0E0 
  .14688E0  .75855E-3   .99984E0       .0E0       .0E0       .0E0 
 .12111E-1   .28741E0       .0E0   .99993E0       .0E0       .0E0 
-.90506E-3   .54253E0       .0E0       .0E0   .99997E0       .0E0 
 .38823E-3    .3028E0       .0E0       .0E0       .0E0   .99999E0 

 1.3170000E+00 5.2600000E-01 2.1000000E-01 8.4000000E-02

  .99999E0       .0E0       .0E0       .0E0 
      .0E0   .99982E0       .0E0       .0E0 
      .0E0       .0E0   .99993E0       .0E0 
      .0E0       .0E0       .0E0   .99997E0 

 5.1300000E-01 2.5800000E-01 1.3000000E-01

  .99998E0       .0E0       .0E0 
      .0E0   .99991E0       .0E0 
      .0E0       .0E0   .99995E0 

 5.4300000E-01 2.5200000E-01

  .99994E0       .0E0 
      .0E0   .99988E0 

 4.4600000E-01

  .99988E0 

SI:cc-pV5Z(fi/sf/sc)
EMSL BASIS SET LIBRARY

  6
    0    1    2    3    4    5
    7    6    4    3    2    1
   20   12    4    3    2    1

 3.9480000E+06 5.9110000E+05 1.3450000E+05 3.8120000E+04 1.2460000E+04
 4.5040000E+03 1.7580000E+03 7.2910000E+02 3.1800000E+02 1.4460000E+02
 6.7970000E+01 3.2820000E+01 1.6030000E+01 7.3960000E+00 3.6610000E+00
 1.8230000E+00 9.1470000E-01 3.3930000E-01 1.5000000E-01 6.4380000E-02

 .20743E-5 -.55428E-6  .14231E-6       .0E0       .0E0       .0E0       .0E0 
 .16279E-4  -.4352E-5  .11164E-5       .0E0       .0E0       .0E0       .0E0 
 .85369E-4 -.22811E-4  .58591E-5       .0E0       .0E0       .0E0       .0E0 
 .35875E-3 -.95975E-4   .2461E-4       .0E0       .0E0       .0E0       .0E0 
 .12993E-2 -.34764E-3  .89345E-4       .0E0       .0E0       .0E0       .0E0 
 .42133E-2 -.11319E-2  .29019E-3       .0E0       .0E0       .0E0       .0E0 
 .12448E-1 -.33622E-2  .86525E-3       .0E0       .0E0       .0E0       .0E0 
 .33601E-1 -.92362E-2  .23708E-2       .0E0       .0E0       .0E0       .0E0 
 .81444E-1 -.23105E-1  .59749E-2       .0E0       .0E0       .0E0       .0E0 
  .17074E0 -.52058E-1  .13462E-1       .0E0       .0E0       .0E0       .0E0 
  .28678E0   -.1002E0  .26418E-1       .0E0       .0E0       .0E0       .0E0 
  .32925E0  -.15251E0  .40758E-1       .0E0       .0E0       .0E0       .0E0 
  .19539E0   -.1257E0  .35697E-1       .0E0       .0E0       .0E0       .0E0 
 .35137E-1  .97656E-1 -.31432E-1       .0E0       .0E0       .0E0       .0E0 
-.52707E-3   .41543E0  -.13698E0       .0E0       .0E0       .0E0       .0E0 
  .1598E-2   .46609E0  -.25085E0       .0E0       .0E0       .0E0       .0E0 
-.36802E-3   .17156E0   -.1558E0   .99989E0       .0E0       .0E0       .0E0 
 .14468E-3  .81997E-2   .37623E0       .0E0   .99995E0       .0E0       .0E0 
-.77889E-4   -.977E-3   .61513E0       .0E0       .0E0   .99998E0       .0E0 
 .18959E-4  .35892E-3   .21876E0       .0E0       .0E0       .0E0   .99999E0 

 1.7800000E+03 4.2180000E+02 1.3670000E+02 5.1810000E+01 2.1600000E+01
 9.5630000E+00 4.3500000E+00 2.0060000E+00 9.2050000E-01 3.5000000E-01
 1.3810000E-01 5.3380000E-02

 .20658E-3 -.43561E-4       .0E0       .0E0       .0E0       .0E0 
  .1775E-2 -.38013E-3       .0E0       .0E0       .0E0       .0E0 
  .9559E-2 -.20249E-2       .0E0       .0E0       .0E0       .0E0 
 .37396E-1 -.81132E-2       .0E0       .0E0       .0E0       .0E0 
  .11098E0 -.24102E-1       .0E0       .0E0       .0E0       .0E0 
  .23797E0  -.5404E-1       .0E0       .0E0       .0E0       .0E0 
  .35339E0 -.79207E-1       .0E0       .0E0       .0E0       .0E0 
   .3283E0 -.88459E-1       .0E0       .0E0       .0E0       .0E0 
  .13212E0   .2061E-1    .9998E0       .0E0       .0E0       .0E0 
 .10323E-1    .3305E0       .0E0   .99991E0       .0E0       .0E0 
-.93223E-4   .51642E0       .0E0       .0E0   .99997E0       .0E0 
  .2632E-3    .2776E0       .0E0       .0E0       .0E0   .99999E0 

 2.0820000E+00 8.1700000E-01 3.2100000E-01 1.2600000E-01

  .99998E0       .0E0       .0E0       .0E0 
      .0E0   .99971E0       .0E0       .0E0 
      .0E0       .0E0   .99989E0       .0E0 
      .0E0       .0E0       .0E0   .99996E0 

 6.8800000E-01 3.4100000E-01 1.6900000E-01

  .99997E0       .0E0       .0E0 
      .0E0   .99988E0       .0E0 
      .0E0       .0E0   .99994E0 

 7.0500000E-01 3.2000000E-01

  .99993E0       .0E0 
      .0E0   .99985E0 

 5.8300000E-01

  .99985E0 

P:cc-pV5Z(fi/sf/sc)
EMSL BASIS SET LIBRARY

  6
    0    1    2    3    4    5
    7    6    4    3    2    1
   20   12    4    3    2    1

 4.6660000E+06 6.9860000E+05 1.5900000E+05 4.5040000E+04 1.4720000E+04
 5.3230000E+03 2.0760000E+03 8.6110000E+02 3.7570000E+02 1.7080000E+02
 8.0290000E+01 3.8770000E+01 1.8930000E+01 8.7960000E+00 4.3580000E+00
 2.1740000E+00 1.0950000E+00 4.4000000E-01 1.9450000E-01 8.3760000E-02

 .20063E-5 -.54728E-6  .15093E-6       .0E0       .0E0       .0E0       .0E0 
 .15785E-4 -.43078E-5  .11872E-5       .0E0       .0E0       .0E0       .0E0 
 .82719E-4 -.22565E-4  .62249E-5       .0E0       .0E0       .0E0       .0E0 
 .34798E-3 -.95033E-4  .26182E-4       .0E0       .0E0       .0E0       .0E0 
 .12583E-2 -.34369E-3   .9486E-4       .0E0       .0E0       .0E0       .0E0 
 .40821E-2 -.11194E-2  .30839E-3       .0E0       .0E0       .0E0       .0E0 
 .12075E-1 -.33292E-2  .92002E-3       .0E0       .0E0       .0E0       .0E0 
 .32579E-1 -.91376E-2   .2521E-2       .0E0       .0E0       .0E0       .0E0 
 .79188E-1 -.22915E-1  .63634E-2       .0E0       .0E0       .0E0       .0E0 
  .16698E0 -.51871E-1  .14427E-1       .0E0       .0E0       .0E0       .0E0 
  .28297E0  -.10054E0  .28477E-1       .0E0       .0E0       .0E0       .0E0 
  .33072E0  -.15482E0  .44614E-1       .0E0       .0E0       .0E0       .0E0 
  .20193E0  -.13174E0  .40197E-1       .0E0       .0E0       .0E0       .0E0 
 .37926E-1   .9136E-1 -.31505E-1       .0E0       .0E0       .0E0       .0E0 
-.37775E-3   .42431E0  -.15467E0       .0E0       .0E0       .0E0       .0E0 
 .15679E-2   .47259E0  -.28344E0       .0E0       .0E0       .0E0       .0E0 
-.40719E-3   .16233E0  -.14609E0   .99987E0       .0E0       .0E0       .0E0 
 .15125E-3  .81539E-2   .40417E0       .0E0   .99993E0       .0E0       .0E0 
-.81279E-4 -.29575E-3    .6128E0       .0E0       .0E0   .99997E0       .0E0 
 .17922E-4  .29344E-3   .20939E0       .0E0       .0E0       .0E0   .99999E0 

 2.0100000E+03 4.7630000E+02 1.5440000E+02 5.8510000E+01 2.4400000E+01
 1.0800000E+01 4.9130000E+00 2.2690000E+00 1.0430000E+00 4.3130000E-01
 1.7670000E-01 7.0090000E-02

 .22252E-3  -.5238E-4       .0E0       .0E0       .0E0       .0E0 
 .19069E-2 -.45303E-3       .0E0       .0E0       .0E0       .0E0 
  .1027E-1 -.24308E-2       .0E0       .0E0       .0E0       .0E0 
  .4019E-1 -.96874E-2       .0E0       .0E0       .0E0       .0E0 
  .11882E0 -.28972E-1       .0E0       .0E0       .0E0       .0E0 
  .25184E0 -.63736E-1       .0E0       .0E0       .0E0       .0E0 
  .36612E0 -.93816E-1       .0E0       .0E0       .0E0       .0E0 
  .31543E0 -.92643E-1       .0E0       .0E0       .0E0       .0E0 
  .10443E0  .56266E-1   .99977E0       .0E0       .0E0       .0E0 
 .62845E-2   .36459E0       .0E0    .9999E0       .0E0       .0E0 
 .85809E-3   .48735E0       .0E0       .0E0   .99996E0       .0E0 
 .98601E-4   .25091E0       .0E0       .0E0       .0E0   .99998E0 

 2.6560000E+00 1.0540000E+00 4.1800000E-01 1.6600000E-01

  .99998E0       .0E0       .0E0       .0E0 
      .0E0   .99963E0       .0E0       .0E0 
      .0E0       .0E0   .99985E0       .0E0 
      .0E0       .0E0       .0E0   .99994E0 

 9.2300000E-01 4.5000000E-01 2.1900000E-01

  .99996E0       .0E0       .0E0 
      .0E0   .99983E0       .0E0 
      .0E0       .0E0   .99992E0 

 9.0300000E-01 4.1200000E-01

  .99991E0       .0E0 
      .0E0    .9998E0 

 7.4500000E-01

  .99981E0 

S:cc-pV5Z(fi/sf/sc)
EMSL BASIS SET LIBRARY

  6
    0    1    2    3    4    5
    7    6    4    3    2    1
   20   12    4    3    2    1

 5.4810000E+06 8.2060000E+05 1.8670000E+05 5.2880000E+04 1.7250000E+04
 6.2260000E+03 2.4290000E+03 1.0070000E+03 4.3950000E+02 1.9980000E+02
 9.3920000E+01 4.5340000E+01 2.2150000E+01 1.0340000E+01 5.1190000E+00
 2.5530000E+00 1.2820000E+00 5.4500000E-01 2.4110000E-01 1.0350000E-01

  .1934E-5 -.53705E-6  .15609E-6       .0E0       .0E0       .0E0       .0E0 
 .15259E-4 -.42385E-5  .12312E-5       .0E0       .0E0       .0E0       .0E0 
 .79971E-4 -.22208E-4  .64563E-5       .0E0       .0E0       .0E0       .0E0 
 .33632E-3 -.93484E-4  .27149E-4       .0E0       .0E0       .0E0       .0E0 
 .12218E-2 -.33974E-3  .98813E-4       .0E0       .0E0       .0E0       .0E0 
 .39601E-2 -.11052E-2  .32098E-3       .0E0       .0E0       .0E0       .0E0 
 .11714E-1 -.32877E-2  .95739E-3       .0E0       .0E0       .0E0       .0E0 
 .31642E-1 -.90281E-2  .26262E-2       .0E0       .0E0       .0E0       .0E0 
 .77029E-1 -.22675E-1  .66354E-2       .0E0       .0E0       .0E0       .0E0 
  .16331E0 -.51522E-1  .15116E-1       .0E0       .0E0       .0E0       .0E0 
  .27928E0  -.10064E0   .3005E-1       .0E0       .0E0       .0E0       .0E0 
  .33179E0  -.15651E0   .4766E-1       .0E0       .0E0       .0E0       .0E0 
  .20819E0  -.13737E0  .44208E-1       .0E0       .0E0       .0E0       .0E0 
 .41122E-1   .8509E-1  -.3087E-1       .0E0       .0E0       .0E0       .0E0 
 -.4426E-3   .43288E0  -.17044E0       .0E0       .0E0       .0E0       .0E0 
 .16656E-2   .47883E0  -.31108E0       .0E0       .0E0       .0E0       .0E0 
-.50931E-3   .15394E0  -.13231E0   .99985E0       .0E0       .0E0       .0E0 
 .18577E-3  .76272E-2   .42882E0       .0E0   .99992E0       .0E0       .0E0 
-.98089E-4  .37741E-3   .61089E0       .0E0       .0E0   .99997E0       .0E0 
 .20431E-4  .22508E-3   .19695E0       .0E0       .0E0       .0E0   .99999E0 

 2.2000000E+03 5.2140000E+02 1.6900000E+02 6.4050000E+01 2.6720000E+01
 1.1830000E+01 5.3780000E+00 2.4820000E+00 1.1160000E+00 4.8480000E-01
 2.0060000E-01 7.9510000E-02

 .24731E-3 -.62955E-4       .0E0       .0E0       .0E0       .0E0 
 .21165E-2  -.5404E-3       .0E0       .0E0       .0E0       .0E0 
 .11357E-1 -.29098E-2       .0E0       .0E0       .0E0       .0E0 
 .44328E-1 -.11503E-1       .0E0       .0E0       .0E0       .0E0 
  .12949E0  -.3435E-1       .0E0       .0E0       .0E0       .0E0 
  .26911E0  -.7351E-1       .0E0       .0E0       .0E0       .0E0 
  .37807E0  -.10759E0       .0E0       .0E0       .0E0       .0E0 
  .29594E0 -.87301E-1       .0E0       .0E0       .0E0       .0E0 
 .77707E-1   .10947E0   .99975E0       .0E0       .0E0       .0E0 
 .21273E-2   .40393E0       .0E0   .99989E0       .0E0       .0E0 
 .15642E-2   .46541E0       .0E0       .0E0   .99995E0       .0E0 
-.70676E-4    .1923E0       .0E0       .0E0       .0E0   .99998E0 

 3.2030000E+00 1.2810000E+00 5.1200000E-01 2.0500000E-01

  .99997E0       .0E0       .0E0       .0E0 
      .0E0   .99955E0       .0E0       .0E0 
      .0E0       .0E0   .99982E0       .0E0 
      .0E0       .0E0       .0E0   .99993E0 

 1.0960000E+00 5.2900000E-01 2.5500000E-01

  .99995E0       .0E0       .0E0 
      .0E0    .9998E0       .0E0 
      .0E0       .0E0    .9999E0 

 1.0710000E+00 4.6300000E-01

   .9999E0       .0E0 
      .0E0   .99976E0 

 8.7200000E-01

  .99977E0 

CL:cc-pV5Z(fi/sf/sc)
EMSL BASIS SET LIBRARY

  6
    0    1    2    3    4    5
    7    6    4    3    2    1
   20   12    4    3    2    1

 6.4100000E+06 9.5960000E+05 2.1830000E+05 6.1810000E+04 2.0140000E+04
 7.2640000E+03 2.8320000E+03 1.1750000E+03 5.1260000E+02 2.3300000E+02
 1.0950000E+02 5.2860000E+01 2.5840000E+01 1.2170000E+01 6.0300000E+00
 3.0120000E+00 1.5110000E+00 6.6040000E-01 2.9260000E-01 1.2540000E-01

 .18539E-5 -.52283E-6  .15824E-6       .0E0       .0E0       .0E0       .0E0 
 .14695E-4 -.41453E-5   .1254E-5       .0E0       .0E0       .0E0       .0E0 
 .76917E-4 -.21693E-4  .65673E-5       .0E0       .0E0       .0E0       .0E0 
 .32405E-3 -.91469E-4  .27666E-4       .0E0       .0E0       .0E0       .0E0 
 .11772E-2 -.33244E-3  .10068E-3       .0E0       .0E0       .0E0       .0E0 
 .38224E-2 -.10832E-2  .32765E-3       .0E0       .0E0       .0E0       .0E0 
 .11293E-1 -.32185E-2   .9759E-3       .0E0       .0E0       .0E0       .0E0 
  .3052E-1 -.88372E-2  .26777E-2       .0E0       .0E0       .0E0       .0E0 
 .74574E-1  -.2227E-1  .67857E-2       .0E0       .0E0       .0E0       .0E0 
  .15896E0 -.50785E-1  .15525E-1       .0E0       .0E0       .0E0       .0E0 
  .27475E0  -.10003E0  .31105E-1       .0E0       .0E0       .0E0       .0E0 
  .33258E0  -.15736E0  .49981E-1       .0E0       .0E0       .0E0       .0E0 
   .2157E0  -.14337E0  .48073E-1       .0E0       .0E0       .0E0       .0E0 
 .45146E-1  .73899E-1 -.27942E-1       .0E0       .0E0       .0E0       .0E0 
-.13067E-3   .43284E0  -.18011E0       .0E0       .0E0       .0E0       .0E0 
 .16141E-2   .48748E0  -.33191E0       .0E0       .0E0       .0E0       .0E0 
-.51347E-3   .15507E0  -.12668E0   .99982E0       .0E0       .0E0       .0E0 
 .17716E-3   .8119E-2   .44477E0       .0E0   .99991E0       .0E0       .0E0 
-.98238E-4  .74451E-3   .60925E0       .0E0       .0E0   .99996E0       .0E0 
 .18842E-4  .22437E-3   .18984E0       .0E0       .0E0       .0E0   .99998E0 

 2.5480000E+03 6.0370000E+02 1.9560000E+02 7.4150000E+01 3.0940000E+01
 1.3690000E+01 6.2290000E+00 2.8780000E+00 1.2820000E+00 5.6410000E-01
 2.3480000E-01 9.3120000E-02

 .24508E-3  -.6608E-4       .0E0       .0E0       .0E0       .0E0 
  .2097E-2 -.56558E-3       .0E0       .0E0       .0E0       .0E0 
 .11295E-1 -.30667E-2       .0E0       .0E0       .0E0       .0E0 
  .4429E-1  -.1215E-1       .0E0       .0E0       .0E0       .0E0 
  .13039E0 -.36743E-1       .0E0       .0E0       .0E0       .0E0 
  .27303E0 -.79049E-1       .0E0       .0E0       .0E0       .0E0 
  .38309E0  -.11716E0       .0E0       .0E0       .0E0       .0E0 
   .2909E0 -.85445E-1       .0E0       .0E0       .0E0       .0E0 
   .701E-1   .14083E0   .99971E0       .0E0       .0E0       .0E0 
 .12031E-2   .42209E0       .0E0   .99987E0       .0E0       .0E0 
 .17617E-2   .44598E0       .0E0       .0E0   .99994E0       .0E0 
-.89061E-4   .16681E0       .0E0       .0E0       .0E0   .99998E0 

 3.7810000E+00 1.5290000E+00 6.1800000E-01 2.5000000E-01

  .99997E0       .0E0       .0E0       .0E0 
      .0E0   .99947E0       .0E0       .0E0 
      .0E0       .0E0   .99979E0       .0E0 
      .0E0       .0E0       .0E0   .99991E0 

 1.3450000E+00 6.5600000E-01 3.2000000E-01

  .99994E0       .0E0       .0E0 
      .0E0   .99976E0       .0E0 
      .0E0       .0E0   .99988E0 

 1.3020000E+00 5.5600000E-01

  .99988E0       .0E0 
      .0E0   .99971E0 

 1.0530000E+00

  .99973E0 

AR:cc-pV5Z(fi/sf/sc)
EMSL BASIS SET LIBRARY

  6
    0    1    2    3    4    5
    7    6    4    3    2    1
   20   12    4    3    2    1

 7.4010000E+06 1.1080000E+06 2.5210000E+05 7.1380000E+04 2.3260000E+04
 8.3900000E+03 3.2710000E+03 1.3570000E+03 5.9200000E+02 2.6910000E+02
 1.2650000E+02 6.1030000E+01 2.9860000E+01 1.4170000E+01 7.0220000E+00
 3.5110000E+00 1.7580000E+00 7.8410000E-01 3.4800000E-01 1.4910000E-01

 .17886E-5  -.5113E-6  .15986E-6       .0E0       .0E0       .0E0       .0E0 
 .14246E-4 -.40734E-5   .1273E-5       .0E0       .0E0       .0E0       .0E0 
 .74533E-4 -.21309E-4  .66636E-5       .0E0       .0E0       .0E0       .0E0 
 .31382E-3 -.89784E-4  .28055E-4       .0E0       .0E0       .0E0       .0E0 
 .11396E-2 -.32625E-3  .10206E-3       .0E0       .0E0       .0E0       .0E0 
 .36978E-2  -.1062E-2  .33188E-3       .0E0       .0E0       .0E0       .0E0 
  .1093E-1 -.31575E-2  .98886E-3       .0E0       .0E0       .0E0       .0E0 
 .29551E-1 -.86679E-2  .27137E-2       .0E0       .0E0       .0E0       .0E0 
 .72392E-1 -.21894E-1  .68903E-2       .0E0       .0E0       .0E0       .0E0 
  .15494E0 -.50042E-1   .1581E-1       .0E0       .0E0       .0E0       .0E0 
  .27046E0 -.99343E-1   .3191E-1       .0E0       .0E0       .0E0       .0E0 
  .33324E0  -.15802E0  .51916E-1       .0E0       .0E0       .0E0       .0E0 
  .22219E0  -.14849E0  .51439E-1       .0E0       .0E0       .0E0       .0E0 
 .49298E-1  .63564E-1 -.24821E-1       .0E0       .0E0       .0E0       .0E0 
 .63241E-4   .43232E0  -.18817E0       .0E0       .0E0       .0E0       .0E0 
 .16583E-2   .49527E0  -.34947E0       .0E0       .0E0       .0E0       .0E0 
-.57088E-3   .15652E0  -.12143E0   .99979E0       .0E0       .0E0       .0E0 
 .19263E-3  .85116E-2   .45799E0       .0E0   .99989E0       .0E0       .0E0 
-.10922E-3  .10947E-2   .60679E0       .0E0       .0E0   .99995E0       .0E0 
 .20157E-4  .22094E-3   .18438E0       .0E0       .0E0       .0E0   .99998E0 

 2.9270000E+03 6.9350000E+02 2.2470000E+02 8.5170000E+01 3.5530000E+01
 1.5730000E+01 7.1650000E+00 3.3220000E+00 1.4780000E+00 6.5520000E-01
 2.7510000E-01 1.0970000E-01

 .24251E-3  -.6787E-4       .0E0       .0E0       .0E0       .0E0 
 .20745E-2 -.57979E-3       .0E0       .0E0       .0E0       .0E0 
 .11195E-1 -.31561E-2       .0E0       .0E0       .0E0       .0E0 
 .44198E-1 -.12574E-1       .0E0       .0E0       .0E0       .0E0 
  .13083E0 -.38363E-1       .0E0       .0E0       .0E0       .0E0 
  .27586E0 -.83063E-1       .0E0       .0E0       .0E0       .0E0 
  .38694E0  -.12428E0       .0E0       .0E0       .0E0       .0E0 
  .28625E0 -.82466E-1       .0E0       .0E0       .0E0       .0E0 
  .6535E-1   .16463E0   .99967E0       .0E0       .0E0       .0E0 
 .47189E-4   .43115E0       .0E0   .99985E0       .0E0       .0E0 
 .10643E-2   .42858E0       .0E0       .0E0   .99993E0       .0E0 
-.38053E-3    .1541E0       .0E0       .0E0       .0E0   .99997E0 

 4.7760000E+00 1.9170000E+00 7.7000000E-01 3.0900000E-01

  .99996E0       .0E0       .0E0       .0E0 
      .0E0   .99933E0       .0E0       .0E0 
      .0E0       .0E0   .99973E0       .0E0 
      .0E0       .0E0       .0E0   .99989E0 

 1.6680000E+00 8.2500000E-01 4.0800000E-01

  .99993E0       .0E0       .0E0 
      .0E0    .9997E0       .0E0 
      .0E0       .0E0   .99985E0 

 1.5620000E+00 6.6500000E-01

  .99985E0       .0E0 
      .0E0   .99966E0 

 1.2640000E+00

  .99967E0 

GA:cc-pV5Z(fi/sf/sc)
EMSL BASIS SET LIBRARY

  6
    0    1    2    3    4    5
    8    7    5    3    2    1
   26   17   13    3    2    1

 1.0861522E+08 1.6264540E+07 3.7001116E+06 1.0471691E+06 3.4106757E+05
 1.2277154E+05 4.7659578E+04 1.9633354E+04 8.4887347E+03 3.8231381E+03
 1.7844755E+03 8.6005305E+02 4.2669867E+02 2.1726161E+02 1.1296987E+02
 5.9449441E+01 3.0782256E+01 1.6423212E+01 8.7578890E+00 4.4096290E+00
 2.2494490E+00 1.1261150E+00 5.1548600E-01 2.4257800E-01 1.0708600E-01
 4.6988000E-02

 .15435E-6 -.48888E-7  .18712E-7 -.43892E-8       .0E0       .0E0       .0E0 
      .0E0 
 .20607E-5 -.65258E-6  .24974E-6 -.58584E-7       .0E0       .0E0       .0E0 
      .0E0 
 .11115E-4 -.35209E-5  .13477E-5 -.31612E-6       .0E0       .0E0       .0E0 
      .0E0 
 .46922E-4 -.14862E-4  .56871E-5 -.13341E-5       .0E0       .0E0       .0E0 
      .0E0 
 .16969E-3  -.5378E-4  .20588E-4  -.4829E-5       .0E0       .0E0       .0E0 
      .0E0 
 .55176E-3 -.17493E-3  .66943E-4 -.15705E-4       .0E0       .0E0       .0E0 
      .0E0 
 .16516E-2 -.52468E-3  .20093E-3  -.4713E-4       .0E0       .0E0       .0E0 
      .0E0 
 .46187E-2 -.14716E-2  .56346E-3 -.13221E-3       .0E0       .0E0       .0E0 
      .0E0 
 .12134E-1 -.38972E-2  .14947E-2 -.35063E-3       .0E0       .0E0       .0E0 
      .0E0 
 .29863E-1 -.97338E-2  .37374E-2 -.87729E-3       .0E0       .0E0       .0E0 
      .0E0 
 .67803E-1  -.2282E-1  .88053E-2 -.20671E-2       .0E0       .0E0       .0E0 
      .0E0 
  .13758E0 -.49164E-1  .19096E-1   -.449E-2       .0E0       .0E0       .0E0 
      .0E0 
  .23519E0 -.94479E-1  .37312E-1 -.87848E-2       .0E0       .0E0       .0E0 
      .0E0 
   .3043E0  -.15026E0  .60943E-1 -.14417E-1       .0E0       .0E0       .0E0 
      .0E0 
  .24667E0  -.16569E0  .70685E-1   -.168E-1       .0E0       .0E0       .0E0 
      .0E0 
 .92412E-1 -.28503E-1  .11982E-1 -.29091E-2       .0E0       .0E0       .0E0 
      .0E0 
 .92966E-2   .31285E0  -.17276E0  .42705E-1       .0E0       .0E0       .0E0 
      .0E0 
 .56488E-3   .52246E0   -.4048E0   .10463E0       .0E0       .0E0       .0E0 
      .0E0 
-.57107E-4   .28525E0  -.27246E0  .72285E-1       .0E0       .0E0       .0E0 
      .0E0 
 .10966E-4  .41131E-1   .29637E0  -.9386E-1       .0E0       .0E0       .0E0 
      .0E0 
-.60395E-4  .13145E-2   .63536E0  -.22869E0       .0E0       .0E0       .0E0 
      .0E0 
  .1506E-4  .10736E-2   .35027E0  -.24768E0       .0E0       .0E0       .0E0 
      .0E0 
-.10104E-4 -.14148E-3  .34996E-1 -.12879E-1   .99993E0       .0E0       .0E0 
      .0E0 
 .48034E-5  .86915E-4  -.1042E-2   .44506E0       .0E0   .99997E0       .0E0 
      .0E0 
-.16479E-5 -.35544E-4   .3599E-3   .56767E0       .0E0       .0E0   .99999E0 
      .0E0 
 .34096E-6  .83774E-5 -.34656E-4   .16722E0       .0E0       .0E0       .0E0 
  .99999E0 

 3.2152190E+04 7.6093842E+03 2.4714744E+03 9.4606363E+02 4.0194711E+02
 1.8364688E+02 8.8533264E+01 4.4270355E+01 2.2723083E+01 1.1823141E+01
 6.0421350E+00 3.0317540E+00 1.4933660E+00 7.0972700E-01 2.4859300E-01
 9.4395000E-02 3.5887000E-02

 .35245E-4 -.13426E-4  .21786E-5       .0E0       .0E0       .0E0       .0E0 
 .28784E-3 -.10959E-3  .17974E-4       .0E0       .0E0       .0E0       .0E0 
 .15975E-2 -.61056E-3  .99067E-4       .0E0       .0E0       .0E0       .0E0 
 .69418E-2 -.26632E-2  .43716E-3       .0E0       .0E0       .0E0       .0E0 
  .2469E-1 -.95936E-2  .15589E-2       .0E0       .0E0       .0E0       .0E0 
 .72482E-1 -.28766E-1  .47413E-2       .0E0       .0E0       .0E0       .0E0 
  .16932E0 -.69827E-1  .11396E-1       .0E0       .0E0       .0E0       .0E0 
  .29611E0  -.12772E0   .2133E-1       .0E0       .0E0       .0E0       .0E0 
  .34583E0  -.15684E0  .25558E-1       .0E0       .0E0       .0E0       .0E0 
  .21341E0 -.37471E-1  .57271E-2       .0E0       .0E0       .0E0       .0E0 
 .50303E-1   .24905E0 -.51062E-1       .0E0       .0E0       .0E0       .0E0 
 .29749E-2   .44649E0 -.84204E-1       .0E0       .0E0       .0E0       .0E0 
 .66512E-3   .34825E0 -.89332E-1       .0E0       .0E0       .0E0       .0E0 
-.26691E-3   .10198E0  .22026E-1   .99985E0       .0E0       .0E0       .0E0 
-.27237E-3  .51994E-2   .31288E0       .0E0   .99993E0       .0E0       .0E0 
-.15732E-3 -.11262E-3   .53283E0       .0E0       .0E0   .99998E0       .0E0 
-.27032E-3  .15121E-3   .28533E0       .0E0       .0E0       .0E0   .99999E0 

 1.0405046E+03 3.1459714E+02 1.2278760E+02 5.4760369E+01 2.6298944E+01
 1.3263445E+01 6.8850650E+00 3.5795250E+00 1.8315640E+00 9.1290900E-01
 4.3534000E-01 1.8851800E-01 7.5800000E-02

  .9229E-4       .0E0       .0E0       .0E0       .0E0 
 .87526E-3       .0E0       .0E0       .0E0       .0E0 
 .50322E-2       .0E0       .0E0       .0E0       .0E0 
 .19891E-1       .0E0       .0E0       .0E0       .0E0 
 .57924E-1       .0E0       .0E0       .0E0       .0E0 
  .13076E0       .0E0       .0E0       .0E0       .0E0 
  .22047E0       .0E0       .0E0       .0E0       .0E0 
  .28128E0       .0E0       .0E0       .0E0       .0E0 
  .28304E0       .0E0       .0E0       .0E0       .0E0 
  .21693E0   .99974E0       .0E0       .0E0       .0E0 
  .10803E0       .0E0   .99987E0       .0E0       .0E0 
 .21727E-1       .0E0       .0E0   .99994E0       .0E0 
  .2947E-3       .0E0       .0E0       .0E0   .99997E0 

 5.9600000E-01 2.8260000E-01 1.3400000E-01

  .99998E0       .0E0       .0E0 
      .0E0   .99989E0       .0E0 
      .0E0       .0E0   .99995E0 

 6.1460000E-01 2.7500000E-01

  .99994E0       .0E0 
      .0E0   .99987E0 

 4.9860000E-01

  .99987E0 

GE:cc-pV5Z(fi/sf/sc)
EMSL BASIS SET LIBRARY

  6
    0    1    2    3    4    5
    8    7    5    3    2    1
   26   17   13    3    2    1

 1.2200119E+08 1.8257470E+07 4.1508215E+06 1.1741018E+06 3.8230915E+05
 1.3760796E+05 5.3419242E+04 2.2005756E+04 9.5138479E+03 4.2841756E+03
 1.9991664E+03 9.6324716E+02 4.7780500E+02 2.4331589E+02 1.2663999E+02
 6.6783579E+01 3.4416084E+01 1.8372814E+01 9.8054610E+00 4.9694030E+00
 2.5486230E+00 1.2845940E+00 5.8335300E-01 2.9343900E-01 1.3267200E-01
 5.9239000E-02

 .13223E-6 -.42087E-7  .16277E-7 -.42064E-8       .0E0       .0E0       .0E0 
      .0E0 
 .19287E-5 -.61379E-6  .23735E-6 -.61331E-7       .0E0       .0E0       .0E0 
      .0E0 
 .10513E-4 -.33467E-5  .12944E-5  -.3345E-6       .0E0       .0E0       .0E0 
      .0E0 
 .44427E-4  -.1414E-4  .54676E-5 -.14128E-5       .0E0       .0E0       .0E0 
      .0E0 
 .16063E-3 -.51161E-4   .1979E-4 -.51143E-5       .0E0       .0E0       .0E0 
      .0E0 
 .52193E-3 -.16627E-3  .64295E-4 -.16614E-4       .0E0       .0E0       .0E0 
      .0E0 
 .15613E-2  -.4984E-3  .19286E-3 -.49845E-4       .0E0       .0E0       .0E0 
      .0E0 
 .43644E-2  -.1397E-2   .5405E-3 -.13967E-3       .0E0       .0E0       .0E0 
      .0E0 
 .11468E-1 -.36997E-2  .14337E-2 -.37061E-3       .0E0       .0E0       .0E0 
      .0E0 
 .28261E-1 -.92449E-2  .35864E-2 -.92708E-3       .0E0       .0E0       .0E0 
      .0E0 
 .64377E-1 -.21719E-1  .84656E-2 -.21902E-2       .0E0       .0E0       .0E0 
      .0E0 
   .1315E0 -.46969E-1  .18425E-1 -.47701E-2       .0E0       .0E0       .0E0 
      .0E0 
  .22763E0 -.90953E-1  .36254E-1 -.94095E-2       .0E0       .0E0       .0E0 
      .0E0 
  .30149E0  -.14673E0   .6001E-1 -.15624E-1       .0E0       .0E0       .0E0 
      .0E0 
  .25506E0  -.16813E0  .72228E-1 -.18949E-1       .0E0       .0E0       .0E0 
      .0E0 
  .10344E0 -.45023E-1  .19728E-1 -.51842E-2       .0E0       .0E0       .0E0 
      .0E0 
 .11959E-1   .28911E0  -.15979E0  .43384E-1       .0E0       .0E0       .0E0 
      .0E0 
 .37527E-3   .52361E0  -.40118E0   .11467E0       .0E0       .0E0       .0E0 
      .0E0 
 .70976E-4   .30702E0  -.29982E0  .87738E-1       .0E0       .0E0       .0E0 
      .0E0 
-.48046E-4  .48585E-1   .26162E0 -.90934E-1       .0E0       .0E0       .0E0 
      .0E0 
-.29719E-4  .14709E-2   .64337E0  -.25896E0       .0E0       .0E0       .0E0 
      .0E0 
-.20166E-5  .11955E-2    .3748E0   -.2898E0       .0E0       .0E0       .0E0 
      .0E0 
-.17269E-5 -.19937E-3   .3869E-1   -.132E-3   .99992E0       .0E0       .0E0 
      .0E0 
 .76653E-6  .11281E-3 -.19081E-2   .48801E0       .0E0   .99997E0       .0E0 
      .0E0 
 .14114E-6 -.48197E-4  .66788E-3   .55508E0       .0E0       .0E0   .99998E0 
      .0E0 
-.11803E-6  .10055E-4 -.57662E-4   .15016E0       .0E0       .0E0       .0E0 
  .99999E0 

 3.2314970E+04 7.6482002E+03 2.4842114E+03 9.5100305E+02 4.0404833E+02
 1.8460354E+02 8.8964128E+01 4.4447742E+01 2.2799075E+01 1.1835928E+01
 6.0112940E+00 2.9957840E+00 1.4695700E+00 6.9068100E-01 2.8616000E-01
 1.1774200E-01 4.7385000E-02

 .39655E-4 -.15336E-4  .29935E-5       .0E0       .0E0       .0E0       .0E0 
 .32269E-3 -.12477E-3  .24453E-4       .0E0       .0E0       .0E0       .0E0 
 .17853E-2 -.69291E-3  .13528E-3       .0E0       .0E0       .0E0       .0E0 
  .7725E-2 -.30114E-2  .59073E-3       .0E0       .0E0       .0E0       .0E0 
 .27311E-1  -.1079E-1  .21105E-2       .0E0       .0E0       .0E0       .0E0 
 .79371E-1 -.32086E-1  .63209E-2       .0E0       .0E0       .0E0       .0E0 
  .18214E0 -.76612E-1  .15078E-1       .0E0       .0E0       .0E0       .0E0 
  .30941E0   -.1365E0  .27215E-1       .0E0       .0E0       .0E0       .0E0 
  .34184E0  -.15662E0  .30981E-1       .0E0       .0E0       .0E0       .0E0 
  .19203E0 -.91882E-2 -.38059E-3       .0E0       .0E0       .0E0       .0E0 
 .39281E-1   .29179E0 -.70407E-1       .0E0       .0E0       .0E0       .0E0 
 .19779E-2   .46207E0  -.11113E0       .0E0       .0E0       .0E0       .0E0 
 .44378E-3   .31138E0 -.96675E-1       .0E0       .0E0       .0E0       .0E0 
-.29677E-3  .66396E-1  .63865E-1   .99985E0       .0E0       .0E0       .0E0 
-.26542E-3  .20083E-2   .36689E0       .0E0   .99993E0       .0E0       .0E0 
-.15647E-3  .72659E-3   .49558E0       .0E0       .0E0   .99997E0       .0E0 
-.30544E-3 -.23277E-5   .23898E0       .0E0       .0E0       .0E0   .99999E0 

 1.2267982E+03 3.7123223E+02 1.4489099E+02 6.4604130E+01 3.1039737E+01
 1.5643870E+01 8.1258220E+00 4.2397620E+00 2.1863860E+00 1.1038710E+00
 5.3381100E-01 2.3135500E-01 9.5300000E-02

 .79307E-4       .0E0       .0E0       .0E0       .0E0 
 .75603E-3       .0E0       .0E0       .0E0       .0E0 
 .44063E-2       .0E0       .0E0       .0E0       .0E0 
 .17888E-1       .0E0       .0E0       .0E0       .0E0 
 .53593E-1       .0E0       .0E0       .0E0       .0E0 
  .12487E0       .0E0       .0E0       .0E0       .0E0 
  .21778E0       .0E0       .0E0       .0E0       .0E0 
  .28479E0       .0E0       .0E0       .0E0       .0E0 
  .28943E0       .0E0       .0E0       .0E0       .0E0 
  .21717E0   .99969E0       .0E0       .0E0       .0E0 
  .10024E0       .0E0   .99985E0       .0E0       .0E0 
 .17452E-1       .0E0       .0E0   .99993E0       .0E0 
 .23216E-3       .0E0       .0E0       .0E0   .99997E0 

 6.7090000E-01 3.2970000E-01 1.6300000E-01

  .99997E0       .0E0       .0E0 
      .0E0   .99988E0       .0E0 
      .0E0       .0E0   .99994E0 

 7.0340000E-01 3.1600000E-01

  .99993E0       .0E0 
      .0E0   .99985E0 

 5.8150000E-01

  .99985E0 

AS:cc-pV5Z(fi/sf/sc)
EMSL BASIS SET LIBRARY

  6
    0    1    2    3    4    5
    8    7    5    3    2    1
   26   17   13    3    2    1

 1.3750753E+08 2.0515052E+07 4.6487164E+06 1.3112646E+06 4.2618586E+05
 1.5323706E+05 5.9459404E+04 2.4492812E+04 1.0590253E+04 4.7697841E+03
 2.2263698E+03 1.0730862E+03 5.3250059E+02 2.7129755E+02 1.4131195E+02
 7.4584433E+01 3.8298338E+01 2.0469130E+01 1.0939578E+01 5.5903670E+00
 2.8828590E+00 1.4660860E+00 6.7483900E-01 3.4639900E-01 1.5928900E-01
 7.2109000E-02

 .11347E-6 -.36288E-7  .14182E-7 -.39378E-8       .0E0       .0E0       .0E0 
      .0E0 
 .18031E-5 -.57652E-6  .22527E-6  -.6254E-7       .0E0       .0E0       .0E0 
      .0E0 
 .99663E-5 -.31877E-5  .12458E-5 -.34592E-6       .0E0       .0E0       .0E0 
      .0E0 
 .42252E-4 -.13512E-4  .52795E-5 -.14656E-5       .0E0       .0E0       .0E0 
      .0E0 
 .15296E-3  -.4895E-4  .19133E-4  -.5313E-5       .0E0       .0E0       .0E0 
      .0E0 
 .49699E-3 -.15907E-3  .62159E-4 -.17255E-4       .0E0       .0E0       .0E0 
      .0E0 
 .14857E-2 -.47652E-3  .18632E-3 -.51744E-4       .0E0       .0E0       .0E0 
      .0E0 
   .415E-2 -.13344E-2   .5217E-3 -.14482E-3       .0E0       .0E0       .0E0 
      .0E0 
 .10901E-1 -.35319E-2  .13829E-2 -.38415E-3       .0E0       .0E0       .0E0 
      .0E0 
 .26873E-1 -.88229E-2  .34584E-2 -.96033E-3       .0E0       .0E0       .0E0 
      .0E0 
 .61334E-1 -.20745E-1  .81686E-2 -.22712E-2       .0E0       .0E0       .0E0 
      .0E0 
  .12593E0 -.44974E-1  .17821E-1 -.49556E-2       .0E0       .0E0       .0E0 
      .0E0 
  .22034E0 -.87635E-1  .35262E-1 -.98365E-2       .0E0       .0E0       .0E0 
      .0E0 
  .29811E0  -.14321E0   .5908E-1 -.16519E-1       .0E0       .0E0       .0E0 
      .0E0 
  .26243E0  -.16979E0  .73467E-1 -.20728E-1       .0E0       .0E0       .0E0 
      .0E0 
   .1143E0 -.59674E-1   .2671E-1 -.75189E-2       .0E0       .0E0       .0E0 
      .0E0 
 .14833E-1   .26604E0  -.14741E0  .42927E-1       .0E0       .0E0       .0E0 
      .0E0 
 .19805E-3   .52225E0  -.39633E0   .12199E0       .0E0       .0E0       .0E0 
      .0E0 
 .20341E-3   .32771E0  -.32526E0   .10261E0       .0E0       .0E0       .0E0 
      .0E0 
 -.1113E-3  .56894E-1   .22538E0 -.84058E-1       .0E0       .0E0       .0E0 
      .0E0 
 .38263E-5  .18097E-2   .64801E0  -.28278E0       .0E0       .0E0       .0E0 
      .0E0 
-.21306E-4  .12921E-2   .39981E0  -.32779E0       .0E0       .0E0       .0E0 
      .0E0 
 .87229E-5 -.23746E-3  .44564E-1  .10887E-1   .99991E0       .0E0       .0E0 
      .0E0 
-.47812E-5   .1211E-3 -.21188E-2   .51771E0       .0E0   .99996E0       .0E0 
      .0E0 
 .23986E-5  -.5654E-4  .89665E-3   .54527E0       .0E0       .0E0   .99998E0 
      .0E0 
-.65624E-6  .10545E-4 -.61157E-4    .1401E0       .0E0       .0E0       .0E0 
  .99999E0 

 3.4166161E+04 8.0865608E+03 2.6265114E+03 1.0053950E+03 4.2712735E+02
 1.9515113E+02 9.4054308E+01 4.6999880E+01 2.4117457E+01 1.2519982E+01
 6.3573250E+00 3.1680520E+00 1.5534810E+00 7.1032500E-01 3.2095500E-01
 1.3935700E-01 5.8410000E-02

 .40865E-4 -.16041E-4  .35406E-5       .0E0       .0E0       .0E0       .0E0 
 .33089E-3 -.12989E-3  .28673E-4       .0E0       .0E0       .0E0       .0E0 
 .18259E-2 -.71936E-3  .15884E-3       .0E0       .0E0       .0E0       .0E0 
 .78881E-2 -.31225E-2  .68995E-3       .0E0       .0E0       .0E0       .0E0 
 .27856E-1 -.11176E-1  .24729E-2       .0E0       .0E0       .0E0       .0E0 
 .80817E-1   -.332E-1  .73678E-2       .0E0       .0E0       .0E0       .0E0 
  .18489E0  -.7906E-1  .17625E-1       .0E0       .0E0       .0E0       .0E0 
  .31231E0  -.14026E0  .31475E-1       .0E0       .0E0       .0E0       .0E0 
  .34054E0  -.15791E0  .35577E-1       .0E0       .0E0       .0E0       .0E0 
  .18707E0 -.12809E-2 -.33291E-2       .0E0       .0E0       .0E0       .0E0 
 .37018E-1   .30601E0  -.8291E-1       .0E0       .0E0       .0E0       .0E0 
 .17846E-2   .47028E0  -.13386E0       .0E0       .0E0       .0E0       .0E0 
 .32588E-3   .29719E0  -.10021E0       .0E0       .0E0       .0E0       .0E0 
-.32361E-3  .52575E-1   .10846E0   .99984E0       .0E0       .0E0       .0E0 
-.27097E-3  .14662E-3   .39756E0       .0E0   .99993E0       .0E0       .0E0 
-.15054E-3  .12249E-2   .45989E0       .0E0       .0E0   .99997E0       .0E0 
-.34369E-3 -.49726E-4   .20683E0       .0E0       .0E0       .0E0   .99999E0 

 1.4244506E+03 4.3106676E+02 1.6812864E+02 7.4866724E+01 3.5945855E+01
 1.8098474E+01 9.4057800E+00 4.9239040E+00 2.5564930E+00 1.3042330E+00
 6.3711800E-01 2.7579500E-01 1.1530000E-01

 .69678E-4       .0E0       .0E0       .0E0       .0E0 
 .66787E-3       .0E0       .0E0       .0E0       .0E0 
 .39411E-2       .0E0       .0E0       .0E0       .0E0 
 .16385E-1       .0E0       .0E0       .0E0       .0E0 
 .50349E-1       .0E0       .0E0       .0E0       .0E0 
  .12032E0       .0E0       .0E0       .0E0       .0E0 
  .21546E0       .0E0       .0E0       .0E0       .0E0 
  .28743E0       .0E0       .0E0       .0E0       .0E0 
  .29449E0       .0E0       .0E0       .0E0       .0E0 
  .21687E0   .99964E0       .0E0       .0E0       .0E0 
 .94191E-1       .0E0   .99982E0       .0E0       .0E0 
 .14763E-1       .0E0       .0E0   .99991E0       .0E0 
 .20892E-3       .0E0       .0E0       .0E0   .99996E0 

 7.5990000E-01 3.8590000E-01 1.9600000E-01

  .99996E0       .0E0       .0E0 
      .0E0   .99986E0       .0E0 
      .0E0       .0E0   .99993E0 

 8.0920000E-01 3.7000000E-01

  .99992E0       .0E0 
      .0E0   .99982E0 

 6.7730000E-01

  .99982E0 

SE:cc-pV5Z(fi/sf/sc)
EMSL BASIS SET LIBRARY

  6
    0    1    2    3    4    5
    8    7    5    3    2    1
   26   17   13    3    2    1

 1.5443225E+08 2.3129212E+07 5.2617929E+06 1.4888167E+06 4.8465656E+05
 1.7427063E+05 6.7529090E+04 2.7750837E+04 1.1964216E+04 5.3707148E+03
 2.4973194E+03 1.1987679E+03 5.9258026E+02 3.0097708E+02 1.5646024E+02
 8.2476086E+01 4.2270887E+01 2.2630220E+01 1.2122374E+01 6.2491700E+00
 3.2426780E+00 1.6663620E+00 7.8726400E-01 4.0297200E-01 1.8709600E-01
 8.4706000E-02

 .93593E-7 -.30071E-7  .11873E-7 -.34876E-8       .0E0       .0E0       .0E0 
      .0E0 
 .16581E-5  -.5326E-6  .21026E-6 -.61747E-7       .0E0       .0E0       .0E0 
      .0E0 
 .92497E-5 -.29721E-5  .11735E-5  -.3447E-6       .0E0       .0E0       .0E0 
      .0E0 
 .39126E-4 -.12569E-4   .4962E-5 -.14571E-5       .0E0       .0E0       .0E0 
      .0E0 
 .14153E-3 -.45501E-4  .17968E-4 -.52781E-5       .0E0       .0E0       .0E0 
      .0E0 
 .46016E-3 -.14796E-3  .58412E-4 -.17152E-4       .0E0       .0E0       .0E0 
      .0E0 
 .13791E-2 -.44432E-3  .17552E-3 -.51563E-4       .0E0       .0E0       .0E0 
      .0E0 
 .38657E-2 -.12484E-2  .49309E-3 -.14479E-3       .0E0       .0E0       .0E0 
      .0E0 
 .10198E-1 -.33173E-2  .13121E-2 -.38557E-3       .0E0       .0E0       .0E0 
      .0E0 
 .25286E-1 -.83292E-2  .32982E-2 -.96881E-3       .0E0       .0E0       .0E0 
      .0E0 
 .58182E-1 -.19717E-1  .78414E-2 -.23063E-2       .0E0       .0E0       .0E0 
      .0E0 
  .12073E0 -.43103E-1  .17248E-1 -.50734E-2       .0E0       .0E0       .0E0 
      .0E0 
  .21424E0 -.84824E-1  .34446E-1 -.10165E-1       .0E0       .0E0       .0E0 
      .0E0 
  .29583E0  -.14052E0  .58478E-1 -.17296E-1       .0E0       .0E0       .0E0 
      .0E0 
  .26913E0  -.17127E0  .74661E-1 -.22286E-1       .0E0       .0E0       .0E0 
      .0E0 
  .12385E0 -.71405E-1  .32421E-1 -.96718E-2       .0E0       .0E0       .0E0 
      .0E0 
 .17515E-1   .24636E0  -.13717E0  .42255E-1       .0E0       .0E0       .0E0 
      .0E0 
 .77573E-4   .51886E0  -.39147E0   .12762E0       .0E0       .0E0       .0E0 
      .0E0 
  .3132E-3   .34509E0  -.34623E0   .11611E0       .0E0       .0E0       .0E0 
      .0E0 
-.16545E-3  .65269E-1   .19147E0 -.75778E-1       .0E0       .0E0       .0E0 
      .0E0 
  .3301E-4  .22537E-2   .64905E0  -.30112E0       .0E0       .0E0       .0E0 
      .0E0 
-.39015E-4  .13822E-2   .42284E0   -.3626E0       .0E0       .0E0       .0E0 
      .0E0 
 .18332E-4 -.26936E-3  .51765E-1  .18284E-1    .9999E0       .0E0       .0E0 
      .0E0 
-.94782E-5  .11818E-3 -.15887E-2   .53956E0       .0E0   .99995E0       .0E0 
      .0E0 
 .43455E-5 -.62275E-4  .10038E-2   .54257E0       .0E0       .0E0   .99998E0 
      .0E0 
-.10964E-5  .10244E-4 -.38383E-4   .13064E0       .0E0       .0E0       .0E0 
  .99999E0 

 3.6511337E+04 8.6405510E+03 2.8056911E+03 1.0734961E+03 4.5577475E+02
 2.0809432E+02 1.0023111E+02 5.0073522E+01 2.5700262E+01 1.3346792E+01
 6.7870510E+00 3.3916540E+00 1.6703270E+00 7.5259900E-01 3.4681300E-01
 1.5185500E-01 6.3856000E-02

 .41246E-4 -.16425E-4  .39654E-5       .0E0       .0E0       .0E0       .0E0 
 .33228E-3 -.13236E-3  .31898E-4       .0E0       .0E0       .0E0       .0E0 
 .18298E-2 -.73138E-3  .17666E-3       .0E0       .0E0       .0E0       .0E0 
 .79029E-2 -.31748E-2  .76587E-3       .0E0       .0E0       .0E0       .0E0 
 .27937E-1 -.11373E-1  .27535E-2       .0E0       .0E0       .0E0       .0E0 
 .81164E-1 -.33851E-1  .82027E-2       .0E0       .0E0       .0E0       .0E0 
  .18585E0  -.8069E-1  .19698E-1       .0E0       .0E0       .0E0       .0E0 
   .3136E0  -.14318E0  .35081E-1       .0E0       .0E0       .0E0       .0E0 
  .34005E0  -.15963E0  .39505E-1       .0E0       .0E0       .0E0       .0E0 
  .18497E0   .2694E-2 -.54188E-2       .0E0       .0E0       .0E0       .0E0 
 .36121E-1   .31475E0 -.93386E-1       .0E0       .0E0       .0E0       .0E0 
 .16963E-2   .47582E0  -.15336E0       .0E0       .0E0       .0E0       .0E0 
  .2331E-3    .2864E0  -.10103E0       .0E0       .0E0       .0E0       .0E0 
-.35236E-3  .45029E-1   .15788E0   .99983E0       .0E0       .0E0       .0E0 
-.29296E-3 -.44644E-3   .43216E0       .0E0   .99992E0       .0E0       .0E0 
-.15947E-3   .1378E-2   .43531E0       .0E0       .0E0   .99997E0       .0E0 
-.37077E-3 -.49503E-4   .15426E0       .0E0       .0E0       .0E0   .99998E0 

 1.6350663E+03 4.9467266E+02 1.9284388E+02 8.5782195E+01 4.1149966E+01
 2.0678170E+01 1.0726386E+01 5.6124540E+00 2.9203760E+00 1.4981840E+00
 7.3599900E-01 3.1600400E-01 1.3310000E-01

 .62166E-4       .0E0       .0E0       .0E0       .0E0 
 .59872E-3       .0E0       .0E0       .0E0       .0E0 
 .35673E-2       .0E0       .0E0       .0E0       .0E0 
  .1513E-1       .0E0       .0E0       .0E0       .0E0 
 .47615E-1       .0E0       .0E0       .0E0       .0E0 
   .1167E0       .0E0       .0E0       .0E0       .0E0 
  .21454E0       .0E0       .0E0       .0E0       .0E0 
  .29152E0       .0E0       .0E0       .0E0       .0E0 
  .29974E0       .0E0       .0E0       .0E0       .0E0 
  .21494E0   .99959E0       .0E0       .0E0       .0E0 
 .87431E-1       .0E0   .99979E0       .0E0       .0E0 
 .12327E-1       .0E0       .0E0    .9999E0       .0E0 
 .14795E-3       .0E0       .0E0       .0E0   .99996E0 

 8.4420000E-01 4.2110000E-01 2.1000000E-01

  .99996E0       .0E0       .0E0 
      .0E0   .99985E0       .0E0 
      .0E0       .0E0   .99992E0 

 8.6590000E-01 3.8500000E-01

  .99992E0       .0E0 
      .0E0   .99981E0 

 7.2350000E-01

  .99981E0 

BR:cc-pV5Z(fi/sf/sc)
EMSL BASIS SET LIBRARY

  6
    0    1    2    3    4    5
    8    7    5    3    2    1
   26   17   13    3    2    1

 1.6573515E+08 2.4774379E+07 5.6282020E+06 1.5918997E+06 5.1826380E+05
 1.8649092E+05 7.2332493E+04 2.9761135E+04 1.2851712E+04 5.7809430E+03
 2.6950098E+03 1.2976604E+03 6.4363493E+02 3.2795194E+02 1.7092262E+02
 9.0250141E+01 4.6292467E+01 2.4848661E+01 1.3347137E+01 6.9482580E+00
 3.6250750E+00 1.8821530E+00 9.1082200E-01 4.6395700E-01 2.1693300E-01
 9.8406000E-02

 .87917E-7 -.28375E-7  .11315E-7 -.34787E-8       .0E0       .0E0       .0E0 
      .0E0 
 .16437E-5 -.53036E-6  .21146E-6 -.64997E-7       .0E0       .0E0       .0E0 
      .0E0 
 .92365E-5 -.29812E-5  .11889E-5 -.36549E-6       .0E0       .0E0       .0E0 
      .0E0 
 .39057E-4 -.12604E-4  .50253E-5 -.15446E-5       .0E0       .0E0       .0E0 
      .0E0 
 .14109E-3 -.45564E-4  .18172E-4  -.5587E-5       .0E0       .0E0       .0E0 
      .0E0 
 .45768E-3 -.14782E-3  .58943E-4 -.18115E-4       .0E0       .0E0       .0E0 
      .0E0 
 .13685E-2 -.44291E-3   .1767E-3 -.54333E-4       .0E0       .0E0       .0E0 
      .0E0 
 .38251E-2 -.12408E-2  .49501E-3 -.15214E-3       .0E0       .0E0       .0E0 
      .0E0 
 .10058E-1 -.32863E-2  .13128E-2 -.40377E-3       .0E0       .0E0       .0E0 
      .0E0 
 .24848E-1 -.82198E-2  .32875E-2 -.10107E-2       .0E0       .0E0       .0E0 
      .0E0 
 .56967E-1 -.19379E-1  .77831E-2 -.23961E-2       .0E0       .0E0       .0E0 
      .0E0 
  .11793E0 -.42211E-1  .17058E-1 -.52518E-2       .0E0       .0E0       .0E0 
      .0E0 
  .20955E0  -.8297E-1  .34015E-1 -.10507E-1       .0E0       .0E0       .0E0 
      .0E0 
  .29212E0  -.13804E0  .57975E-1 -.17948E-1       .0E0       .0E0       .0E0 
      .0E0 
  .27211E0  -.17125E0  .75261E-1  -.2352E-1       .0E0       .0E0       .0E0 
      .0E0 
  .13095E0 -.79681E-1  .36598E-1 -.11438E-1       .0E0       .0E0       .0E0 
      .0E0 
 .19934E-1   .22969E0  -.12876E0   .4152E-1       .0E0       .0E0       .0E0 
      .0E0 
-.19492E-4   .51422E0   -.3868E0   .13215E0       .0E0       .0E0       .0E0 
      .0E0 
 .41768E-3   .35945E0  -.36366E0   .12816E0       .0E0       .0E0       .0E0 
      .0E0 
-.22017E-3  .73338E-1   .16051E0 -.66655E-1       .0E0       .0E0       .0E0 
      .0E0 
 .63209E-4  .29774E-2   .64792E0  -.31607E0       .0E0       .0E0       .0E0 
      .0E0 
-.57934E-4  .13743E-2   .44369E0  -.39379E0       .0E0       .0E0       .0E0 
      .0E0 
 .28454E-4 -.25446E-3  .59596E-1  .21421E-1   .99989E0       .0E0       .0E0 
      .0E0 
-.13986E-4  .88184E-4   -.875E-3    .5566E0       .0E0   .99995E0       .0E0 
      .0E0 
 .62309E-5 -.59105E-4  .11048E-2   .54143E0       .0E0       .0E0   .99997E0 
      .0E0 
-.15035E-5  .77515E-5 -.13399E-4   .12536E0       .0E0       .0E0       .0E0 
  .99999E0 

 3.9391530E+04 9.3252225E+03 3.0289943E+03 1.1595145E+03 4.9268131E+02
 2.2517451E+02 1.0859326E+02 5.4336079E+01 2.7936650E+01 1.4539626E+01
 7.4213070E+00 3.7303890E+00 1.8541270E+00 8.4533700E-01 3.9215200E-01
 1.7276700E-01 7.2908000E-02

 .40855E-4 -.16496E-4  .42668E-5       .0E0       .0E0       .0E0       .0E0 
 .32701E-3 -.13209E-3  .34087E-4       .0E0       .0E0       .0E0       .0E0 
 .17946E-2 -.72728E-3  .18823E-3       .0E0       .0E0       .0E0       .0E0 
  .7736E-2 -.31513E-2  .81405E-3       .0E0       .0E0       .0E0       .0E0 
  .2733E-1  -.1128E-1  .29264E-2       .0E0       .0E0       .0E0       .0E0 
 .79485E-1 -.33607E-1  .87217E-2       .0E0       .0E0       .0E0       .0E0 
   .1827E0 -.80402E-1  .21043E-1       .0E0       .0E0       .0E0       .0E0 
   .3105E0  -.14374E0  .37731E-1       .0E0       .0E0       .0E0       .0E0 
  .34092E0  -.16249E0  .43187E-1       .0E0       .0E0       .0E0       .0E0 
  .18957E0 -.31184E-2 -.44915E-2       .0E0       .0E0       .0E0       .0E0 
 .38383E-1   .31118E0 -.99624E-1       .0E0       .0E0       .0E0       .0E0 
 .17889E-2   .47946E0  -.16893E0       .0E0       .0E0       .0E0       .0E0 
 .21638E-3    .2874E0  -.10665E0       .0E0       .0E0       .0E0       .0E0 
-.38823E-3  .44964E-1   .18291E0   .99981E0       .0E0       .0E0       .0E0 
-.32006E-3 -.13954E-3   .44866E0       .0E0   .99992E0       .0E0       .0E0 
-.17023E-3  .14338E-2   .41881E0       .0E0       .0E0   .99996E0       .0E0 
-.40453E-3 -.59324E-5   .13443E0       .0E0       .0E0       .0E0   .99998E0 

 1.8506354E+03 5.5707125E+02 2.1648687E+02 9.6138850E+01 4.6126380E+01
 2.3201164E+01 1.2055926E+01 6.3255450E+00 3.3049220E+00 1.7042530E+00
 8.3994000E-01 3.5695300E-01 1.5200000E-01

 .56907E-4       .0E0       .0E0       .0E0       .0E0 
 .55569E-3       .0E0       .0E0       .0E0       .0E0 
 .33477E-2       .0E0       .0E0       .0E0       .0E0 
 .14392E-1       .0E0       .0E0       .0E0       .0E0 
 .45926E-1       .0E0       .0E0       .0E0       .0E0 
   .1141E0       .0E0       .0E0       .0E0       .0E0 
  .21317E0       .0E0       .0E0       .0E0       .0E0 
  .29385E0       .0E0       .0E0       .0E0       .0E0 
  .30368E0       .0E0       .0E0       .0E0       .0E0 
  .21341E0   .99954E0       .0E0       .0E0       .0E0 
 .82189E-1       .0E0   .99976E0       .0E0       .0E0 
 .10585E-1       .0E0       .0E0   .99988E0       .0E0 
 .10411E-3       .0E0       .0E0       .0E0   .99995E0 

 9.6270000E-01 4.9550000E-01 2.5500000E-01

  .99995E0       .0E0       .0E0 
      .0E0   .99983E0       .0E0 
      .0E0       .0E0   .99991E0 

 9.7680000E-01 4.3900000E-01

   .9999E0       .0E0 
      .0E0   .99979E0 

 8.1930000E-01

  .99979E0 

KR:cc-pV5Z(fi/sf/sc)
EMSL BASIS SET LIBRARY

  6
    0    1    2    3    4    5
    8    7    5    3    2    1
   26   17   13    3    2    1

 1.8282209E+08 2.7356156E+07 6.2211704E+06 1.7602779E+06 5.7319382E+05
 2.0625845E+05 8.0026669E+04 3.2939084E+04 1.4222633E+04 6.3930707E+03
 2.9764538E+03 1.4305254E+03 7.0792621E+02 3.5984847E+02 1.8714965E+02
 9.8634523E+01 5.0547869E+01 2.7167004E+01 1.4615098E+01 7.6513520E+00
 3.9972630E+00 2.0858530E+00 1.0147970E+00 5.1978800E-01 2.4510300E-01
 1.1189600E-01

 .73213E-7 -.23734E-7  .95549E-8 -.30512E-8       .0E0       .0E0       .0E0 
      .0E0 
 .15446E-5 -.50057E-6   .2015E-6 -.64326E-7       .0E0       .0E0       .0E0 
      .0E0 
 .88173E-5 -.28584E-5  .11508E-5 -.36746E-6       .0E0       .0E0       .0E0 
      .0E0 
 .37298E-4 -.12089E-4  .48663E-5 -.15534E-5       .0E0       .0E0       .0E0 
      .0E0 
 .13473E-3   -.437E-4  .17595E-4 -.56189E-5       .0E0       .0E0       .0E0 
      .0E0 
 .43663E-3 -.14164E-3  .57019E-4   -.182E-4       .0E0       .0E0       .0E0 
      .0E0 
 .13036E-2 -.42373E-3  .17065E-3 -.54507E-4       .0E0       .0E0       .0E0 
      .0E0 
 .36407E-2  -.1186E-2  .47768E-3 -.15247E-3       .0E0       .0E0       .0E0 
      .0E0 
 .95779E-2 -.31421E-2  .12671E-2 -.40482E-3       .0E0       .0E0       .0E0 
      .0E0 
 .23713E-1 -.78715E-2  .31782E-2 -.10147E-2       .0E0       .0E0       .0E0 
      .0E0 
 .54589E-1 -.18616E-1  .75461E-2 -.24133E-2       .0E0       .0E0       .0E0 
      .0E0 
   .1138E0 -.40757E-1  .16624E-1 -.53149E-2       .0E0       .0E0       .0E0 
      .0E0 
  .20442E0 -.80721E-1  .33382E-1 -.10713E-1       .0E0       .0E0       .0E0 
      .0E0 
  .28974E0  -.13582E0  .57525E-1 -.18491E-1       .0E0       .0E0       .0E0 
      .0E0 
    .277E0  -.17204E0  .76159E-1 -.24735E-1       .0E0       .0E0       .0E0 
      .0E0 
  .13885E0 -.88152E-1  .40921E-1  -.1327E-1       .0E0       .0E0       .0E0 
      .0E0 
 .22477E-1   .21432E0  -.12101E0  .40479E-1       .0E0       .0E0       .0E0 
      .0E0 
-.85194E-4   .50985E0  -.38279E0   .13611E0       .0E0       .0E0       .0E0 
      .0E0 
  .5088E-3   .37244E0  -.37931E0   .13908E0       .0E0       .0E0       .0E0 
      .0E0 
 -.2676E-3  .80875E-1   .13673E0 -.58548E-1       .0E0       .0E0       .0E0 
      .0E0 
 .88628E-4  .35424E-2   .65207E0  -.33444E0       .0E0       .0E0       .0E0 
      .0E0 
-.73672E-4  .13873E-2     .457E0  -.42022E0       .0E0       .0E0       .0E0 
      .0E0 
 .37452E-4 -.27771E-3  .63018E-1  .37582E-1   .99988E0       .0E0       .0E0 
      .0E0 
 -.1826E-4  .80218E-4 -.64975E-3   .57487E0       .0E0   .99994E0       .0E0 
      .0E0 
 .80546E-5  -.6424E-4  .12753E-2    .5319E0       .0E0       .0E0   .99997E0 
      .0E0 
-.19011E-5  .74442E-5 -.80665E-5   .11734E0       .0E0       .0E0       .0E0 
  .99999E0 

 4.2993056E+04 1.0173723E+04 3.3031057E+03 1.2635400E+03 5.3636546E+02
 2.4487617E+02 1.1799117E+02 5.9021248E+01 3.0356067E+01 1.5819977E+01
 8.1045800E+00 4.0979640E+00 2.0560610E+00 9.5214500E-01 4.4477400E-01
 1.9749600E-01 8.3823000E-02

 .39623E-4 -.16215E-4  .44061E-5       .0E0       .0E0       .0E0       .0E0 
 .31535E-3 -.12912E-3  .34995E-4       .0E0       .0E0       .0E0       .0E0 
 .17274E-2 -.70952E-3  .19292E-3       .0E0       .0E0       .0E0       .0E0 
 .74551E-2 -.30781E-2  .83513E-3       .0E0       .0E0       .0E0       .0E0 
 .26433E-1 -.11055E-1  .30133E-2       .0E0       .0E0       .0E0       .0E0 
 .77321E-1 -.33122E-1  .90294E-2       .0E0       .0E0       .0E0       .0E0 
  .17916E0  -.7986E-1  .21969E-1       .0E0       .0E0       .0E0       .0E0 
  .30752E0  -.14425E0  .39796E-1       .0E0       .0E0       .0E0       .0E0 
  .34236E0  -.16564E0  .46338E-1       .0E0       .0E0       .0E0       .0E0 
  .19457E0 -.94864E-2 -.30993E-2       .0E0       .0E0       .0E0       .0E0 
 .40824E-1   .30696E0  -.10416E0       .0E0       .0E0       .0E0       .0E0 
 .19143E-2   .48274E0  -.18194E0       .0E0       .0E0       .0E0       .0E0 
 .19542E-3   .28937E0  -.11151E0       .0E0       .0E0       .0E0       .0E0 
-.41423E-3  .45593E-1   .20015E0   .99979E0       .0E0       .0E0       .0E0 
-.34089E-3  -.3691E-3   .45754E0       .0E0    .9999E0       .0E0       .0E0 
-.16841E-3  .89181E-3   .40666E0       .0E0       .0E0   .99996E0       .0E0 
-.43929E-3 -.13672E-3   .12518E0       .0E0       .0E0       .0E0   .99998E0 

 2.0674360E+03 6.2569371E+02 2.4394679E+02 1.0842373E+02 5.2005216E+01
 2.6115405E+01 1.3546748E+01 7.1058100E+00 3.7215540E+00 1.9291200E+00
 9.5582600E-01 4.0519700E-01 1.7410000E-01

 .52768E-4       .0E0       .0E0       .0E0       .0E0 
 .51037E-3       .0E0       .0E0       .0E0       .0E0 
 .30767E-2       .0E0       .0E0       .0E0       .0E0 
 .13404E-1       .0E0       .0E0       .0E0       .0E0 
 .43642E-1       .0E0       .0E0       .0E0       .0E0 
   .1108E0       .0E0       .0E0       .0E0       .0E0 
  .21168E0       .0E0       .0E0       .0E0       .0E0 
   .2964E0       .0E0       .0E0       .0E0       .0E0 
  .30748E0       .0E0       .0E0       .0E0       .0E0 
  .21234E0   .99948E0       .0E0       .0E0       .0E0 
 .78687E-1       .0E0   .99973E0       .0E0       .0E0 
 .96347E-2       .0E0       .0E0   .99987E0       .0E0 
 .97805E-4       .0E0       .0E0       .0E0   .99994E0 

 1.0940000E+00 5.8700000E-01 3.1500000E-01

  .99994E0       .0E0       .0E0 
      .0E0    .9998E0       .0E0 
      .0E0       .0E0   .99989E0 

 1.1040000E+00 5.0100000E-01

  .99989E0       .0E0 
      .0E0   .99976E0 

 9.3030000E-01

  .99976E0 




