!  cc-pVQZ-F12_OPTRI  EMSL  Basis Set Exchange Library   3/19/13 4:25 PM
! Elements                             References
! --------                             ----------
! H B C N O F Ne Al Si P S Cl Ar: K.E. Yousaf and K.A. Peterson, Optimized auxiliary basis sets for explicitly correlated methods, Journal of Chemical Physics 129, 184108 (2008).
! Li Be Na Mg: J. Grant Hill and Kirk A. Peterson, Correlation consistent basis sets for explicitly correlated wavefunctions: valence and core?valence basis sets for Li, Be, Na, and Mg, Physical Chemistry Chemical Physics 12, 10460 (2010).
! 



H:cc-pVQZ-F12_OPTRI
EMSL BASIS SET LIBRARY

  5
    0    1    2    3    4
    3    3    3    2    1
    3    3    3    2    1

     4.5036230     0.7095380     0.2728160

 1.0000000  0.0000000  0.0000000 
 0.0000000  1.0000000  0.0000000 
 0.0000000  0.0000000  1.0000000 

     5.7379170     1.8673940     0.7057400

 1.0000000  0.0000000  0.0000000 
 0.0000000  1.0000000  0.0000000 
 0.0000000  0.0000000  1.0000000 

     5.1560940     1.6726280     0.5278380

 1.0000000  0.0000000  0.0000000 
 0.0000000  1.0000000  0.0000000 
 0.0000000  0.0000000  1.0000000 

     2.0776200     1.0394240

 1.0000000  0.0000000 
 0.0000000  1.0000000 

     1.2607870

 1.0000000 

LI:cc-pVQZ-F12_OPTRI
EMSL BASIS SET LIBRARY

  6
    0    1    2    3    4    5
    4    4    4    3    2    1
    4    4    4    3    2    1

     0.8451985     0.2488790     0.0646500     0.0301619

 1.0000000  0.0000000  0.0000000  0.0000000 
 0.0000000  1.0000000  0.0000000  0.0000000 
 0.0000000  0.0000000  1.0000000  0.0000000 
 0.0000000  0.0000000  0.0000000  1.0000000 

     1.0857542     0.2297834     0.1095952     0.0443739

 1.0000000  0.0000000  0.0000000  0.0000000 
 0.0000000  1.0000000  0.0000000  0.0000000 
 0.0000000  0.0000000  1.0000000  0.0000000 
 0.0000000  0.0000000  0.0000000  1.0000000 

     2.5069256     1.2189964     0.6375434     0.0694315

 1.0000000  0.0000000  0.0000000  0.0000000 
 0.0000000  1.0000000  0.0000000  0.0000000 
 0.0000000  0.0000000  1.0000000  0.0000000 
 0.0000000  0.0000000  0.0000000  1.0000000 

     0.6821848     0.2698737     0.0543696

 1.0000000  0.0000000  0.0000000 
 0.0000000  1.0000000  0.0000000 
 0.0000000  0.0000000  1.0000000 

     0.7895759     0.2548198

 1.0000000  0.0000000 
 0.0000000  1.0000000 

     0.2146354

 1.0000000 

BE:cc-pVQZ-F12_OPTRI
EMSL BASIS SET LIBRARY

  6
    0    1    2    3    4    5
    4    4    4    3    2    1
    4    4    4    3    2    1

     1.1538476     0.6789828     0.1464629     0.0759645

 1.0000000  0.0000000  0.0000000  0.0000000 
 0.0000000  1.0000000  0.0000000  0.0000000 
 0.0000000  0.0000000  1.0000000  0.0000000 
 0.0000000  0.0000000  0.0000000  1.0000000 

     2.6789666     0.8663593     0.3320433     0.1371140

 1.0000000  0.0000000  0.0000000  0.0000000 
 0.0000000  1.0000000  0.0000000  0.0000000 
 0.0000000  0.0000000  1.0000000  0.0000000 
 0.0000000  0.0000000  0.0000000  1.0000000 

     3.3831501     0.6313387     0.3584863     0.1529038

 1.0000000  0.0000000  0.0000000  0.0000000 
 0.0000000  1.0000000  0.0000000  0.0000000 
 0.0000000  0.0000000  1.0000000  0.0000000 
 0.0000000  0.0000000  0.0000000  1.0000000 

     1.5661094     0.8580755     0.3125031

 1.0000000  0.0000000  0.0000000 
 0.0000000  1.0000000  0.0000000 
 0.0000000  0.0000000  1.0000000 

     0.4468738     0.2180355

 1.0000000  0.0000000 
 0.0000000  1.0000000 

     0.4737481

 1.0000000 

B:cc-pVQZ-F12_OPTRI
EMSL BASIS SET LIBRARY

  6
    0    1    2    3    4    5
    4    4    4    3    2    1
    4    4    4    3    2    1

     2.1105330     0.7420700     0.2667250     0.1103910

 1.0000000  0.0000000  0.0000000  0.0000000 
 0.0000000  1.0000000  0.0000000  0.0000000 
 0.0000000  0.0000000  1.0000000  0.0000000 
 0.0000000  0.0000000  0.0000000  1.0000000 

     3.5058890     1.0799220     0.4429900     0.1889990

 1.0000000  0.0000000  0.0000000  0.0000000 
 0.0000000  1.0000000  0.0000000  0.0000000 
 0.0000000  0.0000000  1.0000000  0.0000000 
 0.0000000  0.0000000  0.0000000  1.0000000 

     5.6166780     1.5613770     0.6389320     0.2331160

 1.0000000  0.0000000  0.0000000  0.0000000 
 0.0000000  1.0000000  0.0000000  0.0000000 
 0.0000000  0.0000000  1.0000000  0.0000000 
 0.0000000  0.0000000  0.0000000  1.0000000 

     3.1584850     0.6454110     0.2440680

 1.0000000  0.0000000  0.0000000 
 0.0000000  1.0000000  0.0000000 
 0.0000000  0.0000000  1.0000000 

     2.4757010     0.4977580

 1.0000000  0.0000000 
 0.0000000  1.0000000 

     0.7913280

 1.0000000 

C:cc-pVQZ-F12_OPTRI
EMSL BASIS SET LIBRARY

  6
    0    1    2    3    4    5
    4    4    4    3    2    1
    4    4    4    3    2    1

     2.6044130     1.0136440     0.3934150     0.1529870

 1.0000000  0.0000000  0.0000000  0.0000000 
 0.0000000  1.0000000  0.0000000  0.0000000 
 0.0000000  0.0000000  1.0000000  0.0000000 
 0.0000000  0.0000000  0.0000000  1.0000000 

     4.2465330     1.8215290     0.7093800     0.2916430

 1.0000000  0.0000000  0.0000000  0.0000000 
 0.0000000  1.0000000  0.0000000  0.0000000 
 0.0000000  0.0000000  1.0000000  0.0000000 
 0.0000000  0.0000000  0.0000000  1.0000000 

    12.1049290     2.1321890     0.8173330     0.3135240

 1.0000000  0.0000000  0.0000000  0.0000000 
 0.0000000  1.0000000  0.0000000  0.0000000 
 0.0000000  0.0000000  1.0000000  0.0000000 
 0.0000000  0.0000000  0.0000000  1.0000000 

     3.4645270     0.9617580     0.3947360

 1.0000000  0.0000000  0.0000000 
 0.0000000  1.0000000  0.0000000 
 0.0000000  0.0000000  1.0000000 

     2.8334410     0.7872860

 1.0000000  0.0000000 
 0.0000000  1.0000000 

     1.2280910

 1.0000000 

N:cc-pVQZ-F12_OPTRI
EMSL BASIS SET LIBRARY

  6
    0    1    2    3    4    5
    4    4    4    3    2    1
    4    4    4    3    2    1

     3.3139220     1.4661220     0.5297940     0.2117240

 1.0000000  0.0000000  0.0000000  0.0000000 
 0.0000000  1.0000000  0.0000000  0.0000000 
 0.0000000  0.0000000  1.0000000  0.0000000 
 0.0000000  0.0000000  0.0000000  1.0000000 

     5.9904360     2.5058920     1.0027720     0.4035580

 1.0000000  0.0000000  0.0000000  0.0000000 
 0.0000000  1.0000000  0.0000000  0.0000000 
 0.0000000  0.0000000  1.0000000  0.0000000 
 0.0000000  0.0000000  0.0000000  1.0000000 

    19.0372110     3.3077660     1.4401950     0.4498040

 1.0000000  0.0000000  0.0000000  0.0000000 
 0.0000000  1.0000000  0.0000000  0.0000000 
 0.0000000  0.0000000  1.0000000  0.0000000 
 0.0000000  0.0000000  0.0000000  1.0000000 

     6.0179280     1.4729140     0.5958440

 1.0000000  0.0000000  0.0000000 
 0.0000000  1.0000000  0.0000000 
 0.0000000  0.0000000  1.0000000 

     2.9062130     0.9342280

 1.0000000  0.0000000 
 0.0000000  1.0000000 

     1.6475850

 1.0000000 

O:cc-pVQZ-F12_OPTRI
EMSL BASIS SET LIBRARY

  6
    0    1    2    3    4    5
    4    4    4    3    2    1
    4    4    4    3    2    1

     4.1702850     1.8167550     0.6910500     0.2789730

 1.0000000  0.0000000  0.0000000  0.0000000 
 0.0000000  1.0000000  0.0000000  0.0000000 
 0.0000000  0.0000000  1.0000000  0.0000000 
 0.0000000  0.0000000  0.0000000  1.0000000 

     8.0171350     3.5322650     1.3606270     0.5050090

 1.0000000  0.0000000  0.0000000  0.0000000 
 0.0000000  1.0000000  0.0000000  0.0000000 
 0.0000000  0.0000000  1.0000000  0.0000000 
 0.0000000  0.0000000  0.0000000  1.0000000 

    37.7626240     4.7962490     1.5681060     0.5712930

 1.0000000  0.0000000  0.0000000  0.0000000 
 0.0000000  1.0000000  0.0000000  0.0000000 
 0.0000000  0.0000000  1.0000000  0.0000000 
 0.0000000  0.0000000  0.0000000  1.0000000 

     9.1702390     1.9271970     0.7989380

 1.0000000  0.0000000  0.0000000 
 0.0000000  1.0000000  0.0000000 
 0.0000000  0.0000000  1.0000000 

     3.4045330     1.0657570

 1.0000000  0.0000000 
 0.0000000  1.0000000 

     2.1440060

 1.0000000 

F:cc-pVQZ-F12_OPTRI
EMSL BASIS SET LIBRARY

  6
    0    1    2    3    4    5
    4    4    4    3    2    1
    4    4    4    3    2    1

     5.3056940     2.3637430     1.0742330     0.7925780

 1.0000000  0.0000000  0.0000000  0.0000000 
 0.0000000  1.0000000  0.0000000  0.0000000 
 0.0000000  0.0000000  1.0000000  0.0000000 
 0.0000000  0.0000000  0.0000000  1.0000000 

    12.0196740     4.3287310     1.6621160     0.6261470

 1.0000000  0.0000000  0.0000000  0.0000000 
 0.0000000  1.0000000  0.0000000  0.0000000 
 0.0000000  0.0000000  1.0000000  0.0000000 
 0.0000000  0.0000000  0.0000000  1.0000000 

    49.1089160     6.1698000     2.1530950     0.6374730

 1.0000000  0.0000000  0.0000000  0.0000000 
 0.0000000  1.0000000  0.0000000  0.0000000 
 0.0000000  0.0000000  1.0000000  0.0000000 
 0.0000000  0.0000000  0.0000000  1.0000000 

    12.1619320     2.6304930     0.9778970

 1.0000000  0.0000000  0.0000000 
 0.0000000  1.0000000  0.0000000 
 0.0000000  0.0000000  1.0000000 

     4.4554500     1.4145240

 1.0000000  0.0000000 
 0.0000000  1.0000000 

     2.8076760

 1.0000000 

NE:cc-pVQZ-F12_OPTRI
EMSL BASIS SET LIBRARY

  6
    0    1    2    3    4    5
    4    4    4    3    2    1
    4    4    4    3    2    1

     7.3610750     2.7051910     1.1862450     0.4304540

 1.0000000  0.0000000  0.0000000  0.0000000 
 0.0000000  1.0000000  0.0000000  0.0000000 
 0.0000000  0.0000000  1.0000000  0.0000000 
 0.0000000  0.0000000  0.0000000  1.0000000 

    15.9188030     5.4169100     1.9905300     0.7848810

 1.0000000  0.0000000  0.0000000  0.0000000 
 0.0000000  1.0000000  0.0000000  0.0000000 
 0.0000000  0.0000000  1.0000000  0.0000000 
 0.0000000  0.0000000  0.0000000  1.0000000 

    60.0312080     7.9633550     2.6879220     0.8258700

 1.0000000  0.0000000  0.0000000  0.0000000 
 0.0000000  1.0000000  0.0000000  0.0000000 
 0.0000000  0.0000000  1.0000000  0.0000000 
 0.0000000  0.0000000  0.0000000  1.0000000 

    20.7009180     4.1220730     1.5224920

 1.0000000  0.0000000  0.0000000 
 0.0000000  1.0000000  0.0000000 
 0.0000000  0.0000000  1.0000000 

    10.7594470     2.1651370

 1.0000000  0.0000000 
 0.0000000  1.0000000 

     3.4504930

 1.0000000 

NA:cc-pVQZ-F12_OPTRI
EMSL BASIS SET LIBRARY

  6
    0    1    2    3    4    5
    4    4    4    3    2    1
    4    4    4    3    2    1

     0.9707935     0.2642263     0.0545049     0.0260137

 1.0000000  0.0000000  0.0000000  0.0000000 
 0.0000000  1.0000000  0.0000000  0.0000000 
 0.0000000  0.0000000  1.0000000  0.0000000 
 0.0000000  0.0000000  0.0000000  1.0000000 

     0.9788400     0.4001723     0.1745833     0.0771366

 1.0000000  0.0000000  0.0000000  0.0000000 
 0.0000000  1.0000000  0.0000000  0.0000000 
 0.0000000  0.0000000  1.0000000  0.0000000 
 0.0000000  0.0000000  0.0000000  1.0000000 

     6.8189293     1.1646110     0.7472029     0.1779187

 1.0000000  0.0000000  0.0000000  0.0000000 
 0.0000000  1.0000000  0.0000000  0.0000000 
 0.0000000  0.0000000  1.0000000  0.0000000 
 0.0000000  0.0000000  0.0000000  1.0000000 

     0.7656361     0.2363150     0.1406358

 1.0000000  0.0000000  0.0000000 
 0.0000000  1.0000000  0.0000000 
 0.0000000  0.0000000  1.0000000 

     0.2680699     0.2056775

 1.0000000  0.0000000 
 0.0000000  1.0000000 

     0.0919160

 1.0000000 

MG:cc-pVQZ-F12_OPTRI
EMSL BASIS SET LIBRARY

  6
    0    1    2    3    4    5
    4    4    4    3    2    1
    4    4    4    3    2    1

     1.3130881     0.2607942     0.1002906     0.0487505

 1.0000000  0.0000000  0.0000000  0.0000000 
 0.0000000  1.0000000  0.0000000  0.0000000 
 0.0000000  0.0000000  1.0000000  0.0000000 
 0.0000000  0.0000000  0.0000000  1.0000000 

     1.0245929     0.2322582     0.1218831     0.0629715

 1.0000000  0.0000000  0.0000000  0.0000000 
 0.0000000  1.0000000  0.0000000  0.0000000 
 0.0000000  0.0000000  1.0000000  0.0000000 
 0.0000000  0.0000000  0.0000000  1.0000000 

     3.9988663     1.1973808     0.2727999     0.1527236

 1.0000000  0.0000000  0.0000000  0.0000000 
 0.0000000  1.0000000  0.0000000  0.0000000 
 0.0000000  0.0000000  1.0000000  0.0000000 
 0.0000000  0.0000000  0.0000000  1.0000000 

     1.6372414     0.6931314     0.2326890

 1.0000000  0.0000000  0.0000000 
 0.0000000  1.0000000  0.0000000 
 0.0000000  0.0000000  1.0000000 

     0.6677045     0.5124749

 1.0000000  0.0000000 
 0.0000000  1.0000000 

     0.1189690

 1.0000000 

AL:cc-pVQZ-F12_OPTRI
EMSL BASIS SET LIBRARY

  6
    0    1    2    3    4    5
    4    4    4    3    2    1
    4    4    4    3    2    1

     1.5831250     0.3647150     0.1640640     0.0731770

 1.0000000  0.0000000  0.0000000  0.0000000 
 0.0000000  1.0000000  0.0000000  0.0000000 
 0.0000000  0.0000000  1.0000000  0.0000000 
 0.0000000  0.0000000  0.0000000  1.0000000 

     3.7438100     1.0978820     0.3877210     0.1462580

 1.0000000  0.0000000  0.0000000  0.0000000 
 0.0000000  1.0000000  0.0000000  0.0000000 
 0.0000000  0.0000000  1.0000000  0.0000000 
 0.0000000  0.0000000  0.0000000  1.0000000 

     7.8212630     2.2148500     0.9161890     0.4006400

 1.0000000  0.0000000  0.0000000  0.0000000 
 0.0000000  1.0000000  0.0000000  0.0000000 
 0.0000000  0.0000000  1.0000000  0.0000000 
 0.0000000  0.0000000  0.0000000  1.0000000 

     1.8328190     0.4317420     0.1860860

 1.0000000  0.0000000  0.0000000 
 0.0000000  1.0000000  0.0000000 
 0.0000000  0.0000000  1.0000000 

     0.5636260     0.2514080

 1.0000000  0.0000000 
 0.0000000  1.0000000 

     0.4259410

 1.0000000 

SI:cc-pVQZ-F12_OPTRI
EMSL BASIS SET LIBRARY

  6
    0    1    2    3    4    5
    4    4    4    3    2    1
    4    4    4    3    2    1

     2.1372760     0.6118550     0.2255760     0.0981240

 1.0000000  0.0000000  0.0000000  0.0000000 
 0.0000000  1.0000000  0.0000000  0.0000000 
 0.0000000  0.0000000  1.0000000  0.0000000 
 0.0000000  0.0000000  0.0000000  1.0000000 

     6.1969090     1.3561980     0.5398480     0.2069780

 1.0000000  0.0000000  0.0000000  0.0000000 
 0.0000000  1.0000000  0.0000000  0.0000000 
 0.0000000  0.0000000  1.0000000  0.0000000 
 0.0000000  0.0000000  0.0000000  1.0000000 

    12.8590800     3.1943340     1.1895930     0.4653410

 1.0000000  0.0000000  0.0000000  0.0000000 
 0.0000000  1.0000000  0.0000000  0.0000000 
 0.0000000  0.0000000  1.0000000  0.0000000 
 0.0000000  0.0000000  0.0000000  1.0000000 

     4.1687840     0.7897380     0.2459470

 1.0000000  0.0000000  0.0000000 
 0.0000000  1.0000000  0.0000000 
 0.0000000  0.0000000  1.0000000 

     0.8182670     0.3652660

 1.0000000  0.0000000 
 0.0000000  1.0000000 

     0.5748240

 1.0000000 

P:cc-pVQZ-F12_OPTRI
EMSL BASIS SET LIBRARY

  6
    0    1    2    3    4    5
    4    4    4    3    2    1
    4    4    4    3    2    1

     2.6534790     0.7265990     0.2912100     0.1265670

 1.0000000  0.0000000  0.0000000  0.0000000 
 0.0000000  1.0000000  0.0000000  0.0000000 
 0.0000000  0.0000000  1.0000000  0.0000000 
 0.0000000  0.0000000  0.0000000  1.0000000 

     7.9649920     1.5394090     0.6456720     0.2648590

 1.0000000  0.0000000  0.0000000  0.0000000 
 0.0000000  1.0000000  0.0000000  0.0000000 
 0.0000000  0.0000000  1.0000000  0.0000000 
 0.0000000  0.0000000  0.0000000  1.0000000 

    37.5488020     4.1936140     1.6822260     0.6245790

 1.0000000  0.0000000  0.0000000  0.0000000 
 0.0000000  1.0000000  0.0000000  0.0000000 
 0.0000000  0.0000000  1.0000000  0.0000000 
 0.0000000  0.0000000  0.0000000  1.0000000 

     8.4731510     0.9963360     0.3054280

 1.0000000  0.0000000  0.0000000 
 0.0000000  1.0000000  0.0000000 
 0.0000000  0.0000000  1.0000000 

     0.9593250     0.4289660

 1.0000000  0.0000000 
 0.0000000  1.0000000 

     0.7461110

 1.0000000 

S:cc-pVQZ-F12_OPTRI
EMSL BASIS SET LIBRARY

  6
    0    1    2    3    4    5
    4    4    4    3    2    1
    4    4    4    3    2    1

     3.0754480     0.8160570     0.3626530     0.1551700

 1.0000000  0.0000000  0.0000000  0.0000000 
 0.0000000  1.0000000  0.0000000  0.0000000 
 0.0000000  0.0000000  1.0000000  0.0000000 
 0.0000000  0.0000000  0.0000000  1.0000000 

    21.4374970     1.6650200     0.7309130     0.3119590

 1.0000000  0.0000000  0.0000000  0.0000000 
 0.0000000  1.0000000  0.0000000  0.0000000 
 0.0000000  0.0000000  1.0000000  0.0000000 
 0.0000000  0.0000000  0.0000000  1.0000000 

    46.8738850     7.2576490     2.0552010     0.7638430

 1.0000000  0.0000000  0.0000000  0.0000000 
 0.0000000  1.0000000  0.0000000  0.0000000 
 0.0000000  0.0000000  1.0000000  0.0000000 
 0.0000000  0.0000000  0.0000000  1.0000000 

    12.7589420     1.3950060     0.4100400

 1.0000000  0.0000000  0.0000000 
 0.0000000  1.0000000  0.0000000 
 0.0000000  0.0000000  1.0000000 

     1.1580280     0.5190310

 1.0000000  0.0000000 
 0.0000000  1.0000000 

     0.9044160

 1.0000000 

CL:cc-pVQZ-F12_OPTRI
EMSL BASIS SET LIBRARY

  6
    0    1    2    3    4    5
    4    4    4    3    2    1
    4    4    4    3    2    1

     3.6457060     0.9898040     0.4389440     0.1894230

 1.0000000  0.0000000  0.0000000  0.0000000 
 0.0000000  1.0000000  0.0000000  0.0000000 
 0.0000000  0.0000000  1.0000000  0.0000000 
 0.0000000  0.0000000  0.0000000  1.0000000 

    20.8097850     1.9213790     0.8494330     0.3546840

 1.0000000  0.0000000  0.0000000  0.0000000 
 0.0000000  1.0000000  0.0000000  0.0000000 
 0.0000000  0.0000000  1.0000000  0.0000000 
 0.0000000  0.0000000  0.0000000  1.0000000 

    66.0174190     6.4342110     2.4000630     0.8895510

 1.0000000  0.0000000  0.0000000  0.0000000 
 0.0000000  1.0000000  0.0000000  0.0000000 
 0.0000000  0.0000000  1.0000000  0.0000000 
 0.0000000  0.0000000  0.0000000  1.0000000 

    13.9596550     1.6211210     0.4755200

 1.0000000  0.0000000  0.0000000 
 0.0000000  1.0000000  0.0000000 
 0.0000000  0.0000000  1.0000000 

     1.3151680     0.5920030

 1.0000000  0.0000000 
 0.0000000  1.0000000 

     1.0828430

 1.0000000 

AR:cc-pVQZ-F12_OPTRI
EMSL BASIS SET LIBRARY

  6
    0    1    2    3    4    5
    4    4    4    3    2    1
    4    4    4    3    2    1

     4.2449090     1.1640610     0.5202960     0.2234450

 1.0000000  0.0000000  0.0000000  0.0000000 
 0.0000000  1.0000000  0.0000000  0.0000000 
 0.0000000  0.0000000  1.0000000  0.0000000 
 0.0000000  0.0000000  0.0000000  1.0000000 

    20.2510490     2.2142550     0.9791800     0.4371150

 1.0000000  0.0000000  0.0000000  0.0000000 
 0.0000000  1.0000000  0.0000000  0.0000000 
 0.0000000  0.0000000  1.0000000  0.0000000 
 0.0000000  0.0000000  0.0000000  1.0000000 

    88.0208220     8.0383820     3.1563260     1.0702530

 1.0000000  0.0000000  0.0000000  0.0000000 
 0.0000000  1.0000000  0.0000000  0.0000000 
 0.0000000  0.0000000  1.0000000  0.0000000 
 0.0000000  0.0000000  0.0000000  1.0000000 

    15.5953400     2.0335940     0.5825760

 1.0000000  0.0000000  0.0000000 
 0.0000000  1.0000000  0.0000000 
 0.0000000  0.0000000  1.0000000 

     1.9845950     0.7534450

 1.0000000  0.0000000 
 0.0000000  1.0000000 

     1.2565380

 1.0000000 




