!  cc-pCVTZ  EMSL  Basis Set Exchange Library   3/18/13 10:10 PM
! Elements                             References
! --------                             ----------
! H     : T.H. Dunning, Jr. J. Chem. Phys. 90, 1007 (1989).
! He    : D.E. Woon and T.H. Dunning, Jr. J. Chem. Phys. 100, 2975 (1994).
! Li - Ne: T.H. Dunning, Jr. J. Chem. Phys. 90, 1007 (1989).
! Na - Mg: D.E. Woon and T.H. Dunning, Jr.  (to be published)
! Al - Ar: D.E. Woon and T.H. Dunning, Jr.  J. Chem. Phys. 98, 1358 (1993).
! Ca     : J. Koput and K.A. Peterson, J. Phys. Chem. A, 106, 9595 (2002).
! Sc - Zn: N.B. Balabanov and K.A. Peterson, J. Chem. Phys, 123, 064107 (2005)
! Ga - Kr: A.K. Wilson, D.E. Woon, K.A. Peterson, T.H. Dunning, Jr., J. Chem. Phys., 110, 7667 (1999)
! 


! Elements                             References
! --------                             ----------
! Li - Ne: T.H. Dunning, Jr. J. Chem. Phys. 90, 1007 (1989) and D. E. Woon and
! T.H. Dunning, Jr. J. Chem. Phys. 103, 4572 (1995).
! Al - Ar: K.A. Peterson and T.H. Dunning, Jr. J. Chem. Phys. 117, 10548 (2002)
! Ca     : K.A. Peterson (to be published)
! 



LI:cc-pCVTZ
EMSL BASIS SET LIBRARY

  4
    0    1    2    3
    6    5    3    1
   13    7    3    1

  5988.0000000   898.9000000   205.9000000    59.2400000    19.8700000
     7.4060000     2.9300000     1.1890000     0.4798000     0.0750900
     0.0283200     1.9740000     0.6830000

 0.0001330 -0.0000210  0.0000000  0.0000000  0.0000000  0.0000000 
 0.0010250 -0.0001610  0.0000000  0.0000000  0.0000000  0.0000000 
 0.0052720 -0.0008200  0.0000000  0.0000000  0.0000000  0.0000000 
 0.0209290 -0.0033260  0.0000000  0.0000000  0.0000000  0.0000000 
 0.0663400 -0.0105190  0.0000000  0.0000000  0.0000000  0.0000000 
 0.1657750 -0.0280970  0.0000000  0.0000000  0.0000000  0.0000000 
 0.3150380 -0.0559360  0.0000000  0.0000000  0.0000000  0.0000000 
 0.3935230 -0.0992370  0.0000000  0.0000000  0.0000000  0.0000000 
 0.1908700 -0.1121890  0.0000000  0.0000000  0.0000000  0.0000000 
 0.0054140  0.5678890  1.0000000  0.0000000  0.0000000  0.0000000 
-0.0013280  0.5303820  0.0000000  1.0000000  0.0000000  0.0000000 
 0.0000000  0.0000000  0.0000000  0.0000000  1.0000000  0.0000000 
 0.0000000  0.0000000  0.0000000  0.0000000  0.0000000  1.0000000 

     3.2660000     0.6511000     0.1696000     0.0557800     0.0205000
     7.3200000     1.8750000

 0.0086300  0.0000000  0.0000000  0.0000000  0.0000000 
 0.0475380  0.0000000  0.0000000  0.0000000  0.0000000 
 0.2097720  0.0000000  0.0000000  0.0000000  0.0000000 
 0.5285220  1.0000000  0.0000000  0.0000000  0.0000000 
 0.3827440  0.0000000  1.0000000  0.0000000  0.0000000 
 0.0000000  0.0000000  0.0000000  1.0000000  0.0000000 
 0.0000000  0.0000000  0.0000000  0.0000000  1.0000000 

     0.1874000     0.0801000     4.9120000

 1.0000000  0.0000000  0.0000000 
 0.0000000  1.0000000  0.0000000 
 0.0000000  0.0000000  1.0000000 

     0.1829000

 1.0000000 

BE:cc-pCVTZ
EMSL BASIS SET LIBRARY

  4
    0    1    2    3
    6    5    3    1
   13    7    3    1

  6863.0000000  1030.0000000   234.7000000    66.5600000    21.6900000
     7.7340000     2.9160000     1.1300000     0.2577000     0.1101000
     0.0440900     4.6040000     1.6170000

 0.0002360 -0.0000430  0.0000000  0.0000000  0.0000000  0.0000000 
 0.0018260 -0.0003330  0.0000000  0.0000000  0.0000000  0.0000000 
 0.0094520 -0.0017360  0.0000000  0.0000000  0.0000000  0.0000000 
 0.0379570 -0.0070120  0.0000000  0.0000000  0.0000000  0.0000000 
 0.1199650 -0.0231260  0.0000000  0.0000000  0.0000000  0.0000000 
 0.2821620 -0.0581380  0.0000000  0.0000000  0.0000000  0.0000000 
 0.4274040 -0.1145560  0.0000000  0.0000000  0.0000000  0.0000000 
 0.2662780 -0.1359080  0.0000000  0.0000000  0.0000000  0.0000000 
 0.0181930  0.2280260  1.0000000  0.0000000  0.0000000  0.0000000 
-0.0072750  0.5774410  0.0000000  0.0000000  0.0000000  0.0000000 
 0.0019030  0.3178730  0.0000000  1.0000000  0.0000000  0.0000000 
 0.0000000  0.0000000  0.0000000  0.0000000  1.0000000  0.0000000 
 0.0000000  0.0000000  0.0000000  0.0000000  0.0000000  1.0000000 

     7.4360000     1.5770000     0.4352000     0.1438000     0.0499400
    14.4970000     3.7870000

 0.0107360  0.0000000  0.0000000  0.0000000  0.0000000 
 0.0628540  0.0000000  0.0000000  0.0000000  0.0000000 
 0.2481800  0.0000000  0.0000000  0.0000000  0.0000000 
 0.5236990  1.0000000  0.0000000  0.0000000  0.0000000 
 0.3534250  0.0000000  1.0000000  0.0000000  0.0000000 
 0.0000000  0.0000000  0.0000000  1.0000000  0.0000000 
 0.0000000  0.0000000  0.0000000  0.0000000  1.0000000 

     0.3480000     0.1803000     9.1830000

 1.0000000  0.0000000  0.0000000 
 0.0000000  1.0000000  0.0000000 
 0.0000000  0.0000000  1.0000000 

     0.3250000

 1.0000000 

B:cc-pCVTZ
EMSL BASIS SET LIBRARY

  4
    0    1    2    3
    6    5    3    1
   12    7    3    1

  5473.0000000   820.9000000   186.8000000    52.8300000    17.0800000
     5.9990000     2.2080000     0.5879000     0.2415000     0.0861000
     2.9400000     8.3110000

 0.0005550 -0.0001120  0.0000000  0.0000000  0.0000000  0.0000000 
 0.0042910 -0.0008680  0.0000000  0.0000000  0.0000000  0.0000000 
 0.0219490 -0.0044840  0.0000000  0.0000000  0.0000000  0.0000000 
 0.0844410 -0.0176830  0.0000000  0.0000000  0.0000000  0.0000000 
 0.2385570 -0.0536390  0.0000000  0.0000000  0.0000000  0.0000000 
 0.4350720 -0.1190050  0.0000000  0.0000000  0.0000000  0.0000000 
 0.3419550 -0.1658240  0.0000000  0.0000000  0.0000000  0.0000000 
 0.0368560  0.1201070  1.0000000  0.0000000  0.0000000  0.0000000 
-0.0095450  0.5959810  0.0000000  0.0000000  0.0000000  0.0000000 
 0.0023680  0.4110210  0.0000000  1.0000000  0.0000000  0.0000000 
 0.0000000  0.0000000  0.0000000  0.0000000  1.0000000  0.0000000 
 0.0000000  0.0000000  0.0000000  0.0000000  0.0000000  1.0000000 

    12.0500000     2.6130000     0.7475000     0.2385000     0.0769800
     6.0160000    22.8910000

 0.0131180  0.0000000  0.0000000  0.0000000  0.0000000 
 0.0798960  0.0000000  0.0000000  0.0000000  0.0000000 
 0.2772750  0.0000000  0.0000000  0.0000000  0.0000000 
 0.5042700  1.0000000  0.0000000  0.0000000  0.0000000 
 0.3536800  0.0000000  1.0000000  0.0000000  0.0000000 
 0.0000000  0.0000000  0.0000000  1.0000000  0.0000000 
 0.0000000  0.0000000  0.0000000  0.0000000  1.0000000 

     0.6610000     0.1990000    13.0150000

 1.0000000  0.0000000  0.0000000 
 0.0000000  1.0000000  0.0000000 
 0.0000000  0.0000000  1.0000000 

     0.4900000

 1.0000000 

C:cc-pCVTZ
EMSL BASIS SET LIBRARY

  4
    0    1    2    3
    6    5    3    1
   12    7    3    1

  8236.0000000  1235.0000000   280.8000000    79.2700000    25.5900000
     8.9970000     3.3190000     0.9059000     0.3643000     0.1285000
     4.2920000    11.8760000

 0.0005310 -0.0001130  0.0000000  0.0000000  0.0000000  0.0000000 
 0.0041080 -0.0008780  0.0000000  0.0000000  0.0000000  0.0000000 
 0.0210870 -0.0045400  0.0000000  0.0000000  0.0000000  0.0000000 
 0.0818530 -0.0181330  0.0000000  0.0000000  0.0000000  0.0000000 
 0.2348170 -0.0557600  0.0000000  0.0000000  0.0000000  0.0000000 
 0.4344010 -0.1268950  0.0000000  0.0000000  0.0000000  0.0000000 
 0.3461290 -0.1703520  0.0000000  0.0000000  0.0000000  0.0000000 
 0.0393780  0.1403820  1.0000000  0.0000000  0.0000000  0.0000000 
-0.0089830  0.5986840  0.0000000  0.0000000  0.0000000  0.0000000 
 0.0023850  0.3953890  0.0000000  1.0000000  0.0000000  0.0000000 
 0.0000000  0.0000000  0.0000000  0.0000000  1.0000000  0.0000000 
 0.0000000  0.0000000  0.0000000  0.0000000  0.0000000  1.0000000 

    18.7100000     4.1330000     1.2000000     0.3827000     0.1209000
     8.7780000    33.1900000

 0.0140310  0.0000000  0.0000000  0.0000000  0.0000000 
 0.0868660  0.0000000  0.0000000  0.0000000  0.0000000 
 0.2902160  0.0000000  0.0000000  0.0000000  0.0000000 
 0.5010080  1.0000000  0.0000000  0.0000000  0.0000000 
 0.3434060  0.0000000  1.0000000  0.0000000  0.0000000 
 0.0000000  0.0000000  0.0000000  1.0000000  0.0000000 
 0.0000000  0.0000000  0.0000000  0.0000000  1.0000000 

     1.0970000     0.3180000    14.8390000

 1.0000000  0.0000000  0.0000000 
 0.0000000  1.0000000  0.0000000 
 0.0000000  0.0000000  1.0000000 

     0.7610000

 1.0000000 

N:cc-pCVTZ
EMSL BASIS SET LIBRARY

  4
    0    1    2    3
    6    5    3    1
   12    7    3    1

 11420.0000000  1712.0000000   389.3000000   110.0000000    35.5700000
    12.5400000     4.6440000     1.2930000     0.5118000     0.1787000
     5.9520000    16.2010000

 0.0005230 -0.0001150  0.0000000  0.0000000  0.0000000  0.0000000 
 0.0040450 -0.0008950  0.0000000  0.0000000  0.0000000  0.0000000 
 0.0207750 -0.0046240  0.0000000  0.0000000  0.0000000  0.0000000 
 0.0807270 -0.0185280  0.0000000  0.0000000  0.0000000  0.0000000 
 0.2330740 -0.0573390  0.0000000  0.0000000  0.0000000  0.0000000 
 0.4335010 -0.1320760  0.0000000  0.0000000  0.0000000  0.0000000 
 0.3474720 -0.1725100  0.0000000  0.0000000  0.0000000  0.0000000 
 0.0412620  0.1518140  1.0000000  0.0000000  0.0000000  0.0000000 
-0.0085080  0.5999440  0.0000000  0.0000000  0.0000000  0.0000000 
 0.0023840  0.3874620  0.0000000  1.0000000  0.0000000  0.0000000 
 0.0000000  0.0000000  0.0000000  0.0000000  1.0000000  0.0000000 
 0.0000000  0.0000000  0.0000000  0.0000000  0.0000000  1.0000000 

    26.6300000     5.9480000     1.7420000     0.5550000     0.1725000
    11.8710000    44.8490000

 0.0146700  0.0000000  0.0000000  0.0000000  0.0000000 
 0.0917640  0.0000000  0.0000000  0.0000000  0.0000000 
 0.2986830  0.0000000  0.0000000  0.0000000  0.0000000 
 0.4984870  1.0000000  0.0000000  0.0000000  0.0000000 
 0.3370230  0.0000000  1.0000000  0.0000000  0.0000000 
 0.0000000  0.0000000  0.0000000  1.0000000  0.0000000 
 0.0000000  0.0000000  0.0000000  0.0000000  1.0000000 

     1.6540000     0.4690000    14.2000000

 1.0000000  0.0000000  0.0000000 
 0.0000000  1.0000000  0.0000000 
 0.0000000  0.0000000  1.0000000 

     1.0930000

 1.0000000 

O:cc-pCVTZ
EMSL BASIS SET LIBRARY

  4
    0    1    2    3
    6    5    3    1
   12    7    3    1

 15330.0000000  2299.0000000   522.4000000   147.3000000    47.5500000
    16.7600000     6.2070000     1.7520000     0.6882000     0.2384000
     7.8450000    21.0320000

 0.0005080 -0.0001150  0.0000000  0.0000000  0.0000000  0.0000000 
 0.0039290 -0.0008950  0.0000000  0.0000000  0.0000000  0.0000000 
 0.0202430 -0.0046360  0.0000000  0.0000000  0.0000000  0.0000000 
 0.0791810 -0.0187240  0.0000000  0.0000000  0.0000000  0.0000000 
 0.2306870 -0.0584630  0.0000000  0.0000000  0.0000000  0.0000000 
 0.4331180 -0.1364630  0.0000000  0.0000000  0.0000000  0.0000000 
 0.3502600 -0.1757400  0.0000000  0.0000000  0.0000000  0.0000000 
 0.0427280  0.1609340  1.0000000  0.0000000  0.0000000  0.0000000 
-0.0081540  0.6034180  0.0000000  0.0000000  0.0000000  0.0000000 
 0.0023810  0.3787650  0.0000000  1.0000000  0.0000000  0.0000000 
 0.0000000  0.0000000  0.0000000  0.0000000  1.0000000  0.0000000 
 0.0000000  0.0000000  0.0000000  0.0000000  0.0000000  1.0000000 

    34.4600000     7.7490000     2.2800000     0.7156000     0.2140000
    15.1590000    57.4370000

 0.0159280  0.0000000  0.0000000  0.0000000  0.0000000 
 0.0997400  0.0000000  0.0000000  0.0000000  0.0000000 
 0.3104920  0.0000000  0.0000000  0.0000000  0.0000000 
 0.4910260  1.0000000  0.0000000  0.0000000  0.0000000 
 0.3363370  0.0000000  1.0000000  0.0000000  0.0000000 
 0.0000000  0.0000000  0.0000000  1.0000000  0.0000000 
 0.0000000  0.0000000  0.0000000  0.0000000  1.0000000 

     2.3140000     0.6450000    15.8580000

 1.0000000  0.0000000  0.0000000 
 0.0000000  1.0000000  0.0000000 
 0.0000000  0.0000000  1.0000000 

     1.4280000

 1.0000000 

F:cc-pCVTZ
EMSL BASIS SET LIBRARY

  4
    0    1    2    3
    6    5    3    1
   12    7    3    1

 19500.0000000  2923.0000000   664.5000000   187.5000000    60.6200000
    21.4200000     7.9500000     2.2570000     0.8815000     0.3041000
     9.8120000    25.9430000

 0.0005070 -0.0001170  0.0000000  0.0000000  0.0000000  0.0000000 
 0.0039230 -0.0009120  0.0000000  0.0000000  0.0000000  0.0000000 
 0.0202000 -0.0047170  0.0000000  0.0000000  0.0000000  0.0000000 
 0.0790100 -0.0190860  0.0000000  0.0000000  0.0000000  0.0000000 
 0.2304390 -0.0596550  0.0000000  0.0000000  0.0000000  0.0000000 
 0.4328720 -0.1400100  0.0000000  0.0000000  0.0000000  0.0000000 
 0.3499640 -0.1767820  0.0000000  0.0000000  0.0000000  0.0000000 
 0.0432330  0.1716250  1.0000000  0.0000000  0.0000000  0.0000000 
-0.0078920  0.6050430  0.0000000  0.0000000  0.0000000  0.0000000 
 0.0023840  0.3695120  0.0000000  1.0000000  0.0000000  0.0000000 
 0.0000000  0.0000000  0.0000000  0.0000000  1.0000000  0.0000000 
 0.0000000  0.0000000  0.0000000  0.0000000  0.0000000  1.0000000 

    43.8800000     9.9260000     2.9300000     0.9132000     0.2672000
    18.7560000    71.3480000

 0.0166650  0.0000000  0.0000000  0.0000000  0.0000000 
 0.1044720  0.0000000  0.0000000  0.0000000  0.0000000 
 0.3172600  0.0000000  0.0000000  0.0000000  0.0000000 
 0.4873430  1.0000000  0.0000000  0.0000000  0.0000000 
 0.3346040  0.0000000  1.0000000  0.0000000  0.0000000 
 0.0000000  0.0000000  0.0000000  1.0000000  0.0000000 
 0.0000000  0.0000000  0.0000000  0.0000000  1.0000000 

     3.1070000     0.8550000    19.1080000

 1.0000000  0.0000000  0.0000000 
 0.0000000  1.0000000  0.0000000 
 0.0000000  0.0000000  1.0000000 

     1.9170000

 1.0000000 

NE:cc-pCVTZ
EMSL BASIS SET LIBRARY

  4
    0    1    2    3
    6    5    3    1
   12    7    3    1

 24350.0000000  3650.0000000   829.6000000   234.0000000    75.6100000
    26.7300000     9.9270000     2.8360000     1.1020000     0.3782000
    12.0830000    31.9470000

 0.0005020 -0.0001180  0.0000000  0.0000000  0.0000000  0.0000000 
 0.0038810 -0.0009150  0.0000000  0.0000000  0.0000000  0.0000000 
 0.0199970 -0.0047370  0.0000000  0.0000000  0.0000000  0.0000000 
 0.0784180 -0.0192330  0.0000000  0.0000000  0.0000000  0.0000000 
 0.2296760 -0.0603690  0.0000000  0.0000000  0.0000000  0.0000000 
 0.4327220 -0.1425080  0.0000000  0.0000000  0.0000000  0.0000000 
 0.3506420 -0.1777100  0.0000000  0.0000000  0.0000000  0.0000000 
 0.0439110  0.1773520  1.0000000  0.0000000  0.0000000  0.0000000 
-0.0076450  0.6058360  0.0000000  0.0000000  0.0000000  0.0000000 
 0.0023750  0.3651090  0.0000000  1.0000000  0.0000000  0.0000000 
 0.0000000  0.0000000  0.0000000  0.0000000  1.0000000  0.0000000 
 0.0000000  0.0000000  0.0000000  0.0000000  0.0000000  1.0000000 

    54.7000000    12.4300000     3.6790000     1.1430000     0.3300000
    22.8270000    87.0170000

 0.0171510  0.0000000  0.0000000  0.0000000  0.0000000 
 0.1076560  0.0000000  0.0000000  0.0000000  0.0000000 
 0.3216810  0.0000000  0.0000000  0.0000000  0.0000000 
 0.4852320  1.0000000  0.0000000  0.0000000  0.0000000 
 0.3325840  0.0000000  1.0000000  0.0000000  0.0000000 
 0.0000000  0.0000000  0.0000000  1.0000000  0.0000000 
 0.0000000  0.0000000  0.0000000  0.0000000  1.0000000 

     4.0140000     1.0960000    23.1680000

 1.0000000  0.0000000  0.0000000 
 0.0000000  1.0000000  0.0000000 
 0.0000000  0.0000000  1.0000000 

     2.5440000

 1.0000000 

NA:cc-pCVTZ
EMSL BASIS SET LIBRARY

  4
    0    1    2    3
    7    6    4    2
   18   12    4    2

 423000.000000 63340.0000000 14410.0000000  4077.0000000  1328.0000000
   478.6000000   186.2000000    76.9200000    33.3200000    15.0000000
     6.8690000     2.6830000     1.1090000     0.4540000     0.0601500
     0.0238200     4.1890000     0.6260000

 .18062E-4 -.44065E-5  .66302E-6  0.0000000  0.0000000  0.0000000  0.0000000 
 .14043E-3 -.34344E-4  .51577E-5  0.0000000  0.0000000  0.0000000  0.0000000 
 .73844E-3 -.18011E-3  .27125E-4  0.0000000  0.0000000  0.0000000  0.0000000 
 .31118E-2  -.7639E-3  .11464E-3  0.0000000  0.0000000  0.0000000  0.0000000 
 .11208E-1 -.27525E-2  .41512E-3  0.0000000  0.0000000  0.0000000  0.0000000 
 .35283E-1 -.88602E-2  .13298E-2  0.0000000  0.0000000  0.0000000  0.0000000 
  .9599E-1 -.24794E-1   .3756E-2  0.0000000  0.0000000  0.0000000  0.0000000 
  .21374E0   -.606E-1  .91402E-2  0.0000000  0.0000000  0.0000000  0.0000000 
  .34869E0  -.11645E0  .17986E-1  0.0000000  0.0000000  0.0000000  0.0000000 
  .32457E0  -.16244E0  .25148E-1  0.0000000  0.0000000  0.0000000  0.0000000 
  .11263E0 -.43889E-1  .76352E-2  0.0000000  0.0000000  0.0000000  0.0000000 
  .7068E-2   .33792E0 -.61459E-1  0.0000000  0.0000000  0.0000000  0.0000000 
 .59801E-3   .56135E0  -.11572E0  0.0000000  0.0000000  0.0000000  0.0000000 
 .20413E-3   .24524E0  -.15891E0  1.0000000  0.0000000  0.0000000  0.0000000 
-.53087E-5  .40675E-2   .62641E0  0.0000000  0.0000000  0.0000000  0.0000000 
  .1826E-5 -.12675E-2    .4754E0  0.0000000  1.0000000  0.0000000  0.0000000 
 0.0000000  0.0000000  0.0000000  0.0000000  0.0000000  1.0000000  0.0000000 
 0.0000000  0.0000000  0.0000000  0.0000000  0.0000000  0.0000000  1.0000000 

   243.3000000    57.3900000    18.1000000     6.5750000     2.5210000
     0.9607000     0.3512000     0.0982700     0.0373400     0.0150000
     1.5690000     0.5120000

 .22439E-2  -.2224E-3  0.0000000  0.0000000  0.0000000  0.0000000 
   .174E-1 -.17428E-2  0.0000000  0.0000000  0.0000000  0.0000000 
 .77412E-1 -.77546E-2  0.0000000  0.0000000  0.0000000  0.0000000 
   .2191E0 -.22519E-1  0.0000000  0.0000000  0.0000000  0.0000000 
  .37852E0 -.38433E-1  0.0000000  0.0000000  0.0000000  0.0000000 
   .3949E0 -.45018E-1  0.0000000  0.0000000  0.0000000  0.0000000 
  .16042E0 -.19213E-1  0.0000000  0.0000000  0.0000000  0.0000000 
 .23331E-2    .1827E0  0.0000000  0.0000000  0.0000000  0.0000000 
 .19954E-2    .5579E0  1.0000000  0.0000000  0.0000000  0.0000000 
-.77734E-3   .37302E0  0.0000000  1.0000000  0.0000000  0.0000000 
 0.0000000  0.0000000  0.0000000  0.0000000  1.0000000  0.0000000 
 0.0000000  0.0000000  0.0000000  0.0000000  0.0000000  1.0000000 

     0.1367000     0.0636000     5.4040000     1.5300000

 1.0000000  0.0000000  0.0000000  0.0000000 
 0.0000000  1.0000000  0.0000000  0.0000000 
 0.0000000  0.0000000  1.0000000  0.0000000 
 0.0000000  0.0000000  0.0000000  1.0000000 

     0.1397000     3.4650000

 1.0000000  0.0000000 
 0.0000000  1.0000000 

MG:cc-pCVTZ
EMSL BASIS SET LIBRARY

  4
    0    1    2    3
    7    6    4    2
   17   12    4    2

 164900.000000 24710.0000000  5628.0000000  1596.0000000   521.0000000
   188.0000000    73.0100000    29.9000000    12.5400000     4.3060000
     1.8260000     0.7417000     0.1457000     0.0761200     0.0331000
    17.5160000     3.8700000

 .72993E-4 -.18425E-4  .35518E-5  0.0000000  0.0000000  0.0000000  0.0000000 
 .56665E-3  -.1435E-3  .27642E-4  0.0000000  0.0000000  0.0000000  0.0000000 
 .29627E-2 -.74871E-3   .1444E-3  0.0000000  0.0000000  0.0000000  0.0000000 
 .12296E-1 -.31441E-2  .60574E-3  0.0000000  0.0000000  0.0000000  0.0000000 
 .42732E-1 -.11048E-1  .21353E-2  0.0000000  0.0000000  0.0000000  0.0000000 
  .12301E0 -.33606E-1  .64993E-2  0.0000000  0.0000000  0.0000000  0.0000000 
  .27483E0 -.82595E-1  .16145E-1  0.0000000  0.0000000  0.0000000  0.0000000 
  .40182E0  -.15931E0  .31577E-1  0.0000000  0.0000000  0.0000000  0.0000000 
   .2647E0  -.15289E0  .31637E-1  0.0000000  0.0000000  0.0000000  0.0000000 
 .33261E-1   .19085E0 -.43914E-1  0.0000000  0.0000000  0.0000000  0.0000000 
-.44134E-2   .57996E0  -.15109E0  0.0000000  0.0000000  0.0000000  0.0000000 
 .20602E-2   .37203E0  -.21767E0  0.0000000  0.0000000  0.0000000  0.0000000 
-.83847E-3  .21169E-1   .25981E0  1.0000000  0.0000000  0.0000000  0.0000000 
  .7082E-3 -.11934E-1   .54724E0  0.0000000  0.0000000  0.0000000  0.0000000 
 -.2006E-3  .27733E-2   .32591E0  0.0000000  1.0000000  0.0000000  0.0000000 
 0.0000000  0.0000000  0.0000000  0.0000000  0.0000000  1.0000000  0.0000000 
 0.0000000  0.0000000  0.0000000  0.0000000  0.0000000  0.0000000  1.0000000 

   316.9000000    74.8600000    23.7200000     8.6690000     3.3630000
     1.3100000     0.4911000     0.2364000     0.0873300     0.0323700
    20.2970000     5.1050000

 .20753E-2 -.32973E-3  0.0000000  0.0000000  0.0000000  0.0000000 
 .16287E-1 -.25875E-2  0.0000000  0.0000000  0.0000000  0.0000000 
  .7387E-1 -.11912E-1  0.0000000  0.0000000  0.0000000  0.0000000 
   .2143E0 -.35023E-1  0.0000000  0.0000000  0.0000000  0.0000000 
  .38215E0 -.63997E-1  0.0000000  0.0000000  0.0000000  0.0000000 
  .39818E0 -.70444E-1  0.0000000  0.0000000  0.0000000  0.0000000 
  .15288E0 -.37584E-1  0.0000000  0.0000000  0.0000000  0.0000000 
-.43754E-2   .17704E0  0.0000000  0.0000000  0.0000000  0.0000000 
 .62958E-2   .56671E0  1.0000000  0.0000000  0.0000000  0.0000000 
-.15677E-2   .39614E0  0.0000000  1.0000000  0.0000000  0.0000000 
 0.0000000  0.0000000  0.0000000  0.0000000  1.0000000  0.0000000 
 0.0000000  0.0000000  0.0000000  0.0000000  0.0000000  1.0000000 

     0.1260000     0.2940000     7.0290000     2.1210000

 1.0000000  0.0000000  0.0000000  0.0000000 
 0.0000000  1.0000000  0.0000000  0.0000000 
 0.0000000  0.0000000  1.0000000  0.0000000 
 0.0000000  0.0000000  0.0000000  1.0000000 

     0.2520000     4.5300000

 1.0000000  0.0000000 
 0.0000000  1.0000000 

AL:cc-pCVTZ
EMSL BASIS SET LIBRARY

  4
    0    1    2    3
    7    6    4    2
   17   11    4    2

 205500.000000 30780.0000000  7006.0000000  1985.0000000   649.1000000
   235.0000000    91.6200000    37.6700000    15.9100000     5.8500000
     2.5420000     1.0570000     0.2931000     0.1455000     0.0565000
     7.4880000     1.2720000

 .67884E-4 -.17638E-4  .40732E-5  0.0000000  0.0000000  0.0000000  0.0000000 
 .52715E-3  -.1372E-3  .31657E-4  0.0000000  0.0000000  0.0000000  0.0000000 
  .2762E-2 -.71891E-3  .16612E-3  0.0000000  0.0000000  0.0000000  0.0000000 
 .11473E-1 -.30115E-2  .69499E-3  0.0000000  0.0000000  0.0000000  0.0000000 
 .39819E-1 -.10601E-1  .24551E-2  0.0000000  0.0000000  0.0000000  0.0000000 
  .11504E0 -.32134E-1   .7446E-2  0.0000000  0.0000000  0.0000000  0.0000000 
  .26089E0 -.80316E-1  .18825E-1  0.0000000  0.0000000  0.0000000  0.0000000 
  .39639E0  -.15679E0  .37277E-1  0.0000000  0.0000000  0.0000000  0.0000000 
   .2846E0  -.16838E0   .4195E-1  0.0000000  0.0000000  0.0000000  0.0000000 
 .44458E-1   .12688E0 -.35438E-1  0.0000000  0.0000000  0.0000000  0.0000000 
-.48984E-2   .56149E0  -.17513E0  0.0000000  0.0000000  0.0000000  0.0000000 
 .26125E-2   .43661E0   -.2762E0  0.0000000  0.0000000  0.0000000  0.0000000 
-.10892E-2  .35729E-1   .10873E0  1.0000000  0.0000000  0.0000000  0.0000000 
 .72207E-3 -.11456E-1   .65281E0  0.0000000  0.0000000  0.0000000  0.0000000 
-.17848E-3   .2202E-2   .39459E0  0.0000000  1.0000000  0.0000000  0.0000000 
 0.0000000  0.0000000  0.0000000  0.0000000  0.0000000  1.0000000  0.0000000 
 0.0000000  0.0000000  0.0000000  0.0000000  0.0000000  0.0000000  1.0000000 

   444.4000000   105.1000000    33.4700000    12.3300000     4.8690000
     1.9610000     0.7834000     0.1888000     0.0555700     2.2020000
     5.5480000

 .16279E-2 -.28634E-3  0.0000000  0.0000000  0.0000000  0.0000000 
 .13069E-1 -.24231E-2  0.0000000  0.0000000  0.0000000  0.0000000 
 .61234E-1 -.10866E-1  0.0000000  0.0000000  0.0000000  0.0000000 
  .18787E0 -.36431E-1  0.0000000  0.0000000  0.0000000  0.0000000 
  .36045E0 -.64107E-1  0.0000000  0.0000000  0.0000000  0.0000000 
  .40845E0 -.97224E-1  0.0000000  0.0000000  0.0000000  0.0000000 
  .18864E0  .14744E-1  1.0000000  0.0000000  0.0000000  0.0000000 
 .97651E-2   .50345E0  0.0000000  0.0000000  0.0000000  0.0000000 
-.11506E-2   .59798E0  0.0000000  1.0000000  0.0000000  0.0000000 
 0.0000000  0.0000000  0.0000000  0.0000000  1.0000000  0.0000000 
 0.0000000  0.0000000  0.0000000  0.0000000  0.0000000  1.0000000 

     0.1090000     0.3330000     2.6340000     8.6460000

 1.0000000  0.0000000  0.0000000  0.0000000 
 0.0000000  1.0000000  0.0000000  0.0000000 
 0.0000000  0.0000000  1.0000000  0.0000000 
 0.0000000  0.0000000  0.0000000  1.0000000 

     0.2440000     5.6860000

 1.0000000  0.0000000 
 0.0000000  1.0000000 

SI:cc-pCVTZ
EMSL BASIS SET LIBRARY

  4
    0    1    2    3
    7    6    4    2
   17   11    4    2

 254900.000000 38190.0000000  8690.0000000  2462.0000000   804.8000000
   291.3000000   113.6000000    46.7500000    19.8200000     7.7080000
     3.3400000     1.4020000     0.4387000     0.2070000     0.0794400
     9.1640000     1.6210000

  .6251E-4 -.16637E-4  .42626E-5  0.0000000  0.0000000  0.0000000  0.0000000 
 .48555E-3 -.12931E-3  .33106E-4  0.0000000  0.0000000  0.0000000  0.0000000 
 .25452E-2 -.67883E-3  .17402E-3  0.0000000  0.0000000  0.0000000  0.0000000 
 .10587E-1 -.28412E-2  .72757E-3  0.0000000  0.0000000  0.0000000  0.0000000 
 .36879E-1 -.10055E-1  .25833E-2  0.0000000  0.0000000  0.0000000  0.0000000 
  .10748E0 -.30577E-1  .78635E-2  0.0000000  0.0000000  0.0000000  0.0000000 
  .24794E0 -.77726E-1  .20216E-1  0.0000000  0.0000000  0.0000000  0.0000000 
  .39093E0  -.15424E0  .40732E-1  0.0000000  0.0000000  0.0000000  0.0000000 
  .30203E0  -.18037E0  .49936E-1  0.0000000  0.0000000  0.0000000  0.0000000 
 .55924E-1  .79822E-1  -.2494E-1  0.0000000  0.0000000  0.0000000  0.0000000 
-.40241E-2   .54744E0  -.19035E0  0.0000000  0.0000000  0.0000000  0.0000000 
 .25803E-2   .48012E0  -.31835E0  0.0000000  0.0000000  0.0000000  0.0000000 
-.10382E-2  .47485E-1  .94804E-1  1.0000000  0.0000000  0.0000000  0.0000000 
 .60793E-3   -.107E-1   .68118E0  0.0000000  0.0000000  0.0000000  0.0000000 
-.15402E-3  .21987E-2   .39567E0  0.0000000  1.0000000  0.0000000  0.0000000 
 0.0000000  0.0000000  0.0000000  0.0000000  0.0000000  1.0000000  0.0000000 
 0.0000000  0.0000000  0.0000000  0.0000000  0.0000000  0.0000000  1.0000000 

   481.5000000   113.9000000    36.2300000    13.3400000     5.2520000
     2.1200000     0.8561000     0.2528000     0.0788900     6.4580000
     2.5170000

 .19204E-2 -.40522E-3  0.0000000  0.0000000  0.0000000  0.0000000 
 .15355E-1  -.3359E-2  0.0000000  0.0000000  0.0000000  0.0000000 
 .71399E-1 -.15286E-1  0.0000000  0.0000000  0.0000000  0.0000000 
  .21305E0 -.48922E-1  0.0000000  0.0000000  0.0000000  0.0000000 
  .39035E0 -.85501E-1  0.0000000  0.0000000  0.0000000  0.0000000 
  .39372E0  -.11214E0  0.0000000  0.0000000  0.0000000  0.0000000 
  .13256E0  .61827E-1  1.0000000  0.0000000  0.0000000  0.0000000 
 .39563E-2   .55192E0  0.0000000  0.0000000  0.0000000  0.0000000 
 .33162E-3   .52349E0  0.0000000  1.0000000  0.0000000  0.0000000 
 0.0000000  0.0000000  0.0000000  0.0000000  1.0000000  0.0000000 
 0.0000000  0.0000000  0.0000000  0.0000000  0.0000000  1.0000000 

     0.1590000     0.4810000    10.6710000     3.3080000

 1.0000000  0.0000000  0.0000000  0.0000000 
 0.0000000  1.0000000  0.0000000  0.0000000 
 0.0000000  0.0000000  1.0000000  0.0000000 
 0.0000000  0.0000000  0.0000000  1.0000000 

     0.3360000     7.0010000

 1.0000000  0.0000000 
 0.0000000  1.0000000 

P:cc-pCVTZ
EMSL BASIS SET LIBRARY

  4
    0    1    2    3
    7    6    4    2
   17   11    4    2

 312400.000000 46800.0000000 10650.0000000  3018.0000000   986.8000000
   357.4000000   139.6000000    57.6300000    24.6000000    10.1200000
     4.2830000     1.8050000     0.6158000     0.2782000     0.1055000
    10.9780000     2.0060000

 .57696E-4 -.15671E-4  .43063E-5  0.0000000  0.0000000  0.0000000  0.0000000 
  .4483E-3 -.12172E-3  .33419E-4  0.0000000  0.0000000  0.0000000  0.0000000 
 .23494E-2 -.63967E-3  .17588E-3  0.0000000  0.0000000  0.0000000  0.0000000 
 .97826E-2 -.26743E-2  .73434E-3  0.0000000  0.0000000  0.0000000  0.0000000 
 .34147E-1 -.94983E-2  .26178E-2  0.0000000  0.0000000  0.0000000  0.0000000 
   .1002E0 -.28935E-1  .79785E-2  0.0000000  0.0000000  0.0000000  0.0000000 
  .23437E0 -.74512E-1  .20794E-1  0.0000000  0.0000000  0.0000000  0.0000000 
  .38243E0  -.14994E0  .42445E-1  0.0000000  0.0000000  0.0000000  0.0000000 
  .31809E0  -.18947E0  .56344E-1  0.0000000  0.0000000  0.0000000  0.0000000 
 .70779E-1  .36327E-1 -.12736E-1  0.0000000  0.0000000  0.0000000  0.0000000 
 -.1818E-2   .52882E0   -.1965E0  0.0000000  0.0000000  0.0000000  0.0000000 
 .21618E-2   .51912E0  -.35356E0  0.0000000  0.0000000  0.0000000  0.0000000 
-.83474E-3  .60555E-1  .74141E-1  1.0000000  0.0000000  0.0000000  0.0000000 
  .4323E-3  -.9257E-2   .70091E0  0.0000000  0.0000000  0.0000000  0.0000000 
-.11425E-3  .21037E-2   .40474E0  0.0000000  1.0000000  0.0000000  0.0000000 
 0.0000000  0.0000000  0.0000000  0.0000000  0.0000000  1.0000000  0.0000000 
 0.0000000  0.0000000  0.0000000  0.0000000  0.0000000  0.0000000  1.0000000 

   504.9000000   119.4000000    37.9600000    13.9500000     5.4570000
     2.1770000     0.8010000     0.2877000     0.0971400     7.0840000
     2.7010000

 .23373E-2 -.55524E-3  0.0000000  0.0000000  0.0000000  0.0000000 
 .18541E-1 -.44591E-2  0.0000000  0.0000000  0.0000000  0.0000000 
 .84969E-1 -.20635E-1  0.0000000  0.0000000  0.0000000  0.0000000 
  .24462E0 -.61769E-1  0.0000000  0.0000000  0.0000000  0.0000000 
  .42277E0  -.10892E0  0.0000000  0.0000000  0.0000000  0.0000000 
  .36844E0   -.1056E0  0.0000000  0.0000000  0.0000000  0.0000000 
 .77273E-1   .15348E0  1.0000000  0.0000000  0.0000000  0.0000000 
  -.379E-2   .57698E0  0.0000000  0.0000000  0.0000000  0.0000000 
 .15994E-2   .42244E0  0.0000000  1.0000000  0.0000000  0.0000000 
 0.0000000  0.0000000  0.0000000  0.0000000  1.0000000  0.0000000 
 0.0000000  0.0000000  0.0000000  0.0000000  0.0000000  1.0000000 

     0.2160000     0.6520000    12.8910000     4.0560000

 1.0000000  0.0000000  0.0000000  0.0000000 
 0.0000000  1.0000000  0.0000000  0.0000000 
 0.0000000  0.0000000  1.0000000  0.0000000 
 0.0000000  0.0000000  0.0000000  1.0000000 

     0.4520000     8.4620000

 1.0000000  0.0000000 
 0.0000000  1.0000000 

S:cc-pCVTZ
EMSL BASIS SET LIBRARY

  4
    0    1    2    3
    7    6    4    2
   17   11    4    2

 374100.000000 56050.0000000 12760.0000000  3615.0000000  1183.0000000
   428.8000000   167.8000000    69.4700000    29.8400000    12.7200000
     5.2440000     2.2190000     0.7767000     0.3490000     0.1322000
    12.9280000     2.4130000

 .54214E-4 -.14984E-4  .43507E-5  0.0000000  0.0000000  0.0000000  0.0000000 
 .42086E-3  -.1162E-3  .33714E-4  0.0000000  0.0000000  0.0000000  0.0000000 
  .2207E-2 -.61158E-3  .17767E-3  0.0000000  0.0000000  0.0000000  0.0000000 
 .91926E-2 -.25537E-2  .74112E-3  0.0000000  0.0000000  0.0000000  0.0000000 
 .32112E-1 -.90871E-2  .26459E-2  0.0000000  0.0000000  0.0000000  0.0000000 
 .94668E-1 -.27704E-1  .80749E-2  0.0000000  0.0000000  0.0000000  0.0000000 
  .22363E0 -.72002E-1  .21228E-1  0.0000000  0.0000000  0.0000000  0.0000000 
  .37439E0  -.14644E0  .43832E-1  0.0000000  0.0000000  0.0000000  0.0000000 
  .32911E0  -.19515E0  .61272E-1  0.0000000  0.0000000  0.0000000  0.0000000 
 .84704E-1  .81919E-2 -.36151E-2  0.0000000  0.0000000  0.0000000  0.0000000 
 .44085E-3    .5166E0  -.20451E0  0.0000000  0.0000000  0.0000000  0.0000000 
 .16483E-2   .54218E0  -.38187E0  0.0000000  0.0000000  0.0000000  0.0000000 
-.62233E-3  .68843E-1  .82684E-1  1.0000000  0.0000000  0.0000000  0.0000000 
 .30131E-3 -.91807E-2   .71415E0  0.0000000  0.0000000  0.0000000  0.0000000 
-.84129E-4  .22683E-2   .39379E0  0.0000000  1.0000000  0.0000000  0.0000000 
 0.0000000  0.0000000  0.0000000  0.0000000  0.0000000  1.0000000  0.0000000 
 0.0000000  0.0000000  0.0000000  0.0000000  0.0000000  0.0000000  1.0000000 

   574.4000000   135.8000000    43.1900000    15.8700000     6.2080000
     2.4830000     0.8688000     0.3229000     0.1098000     8.1140000
     3.1060000

 .24226E-2  -.6201E-3  0.0000000  0.0000000  0.0000000  0.0000000 
  .1928E-1 -.49388E-2  0.0000000  0.0000000  0.0000000  0.0000000 
  .8854E-1 -.23265E-1  0.0000000  0.0000000  0.0000000  0.0000000 
  .25465E0  -.6852E-1  0.0000000  0.0000000  0.0000000  0.0000000 
  .43398E0   -.1239E0  0.0000000  0.0000000  0.0000000  0.0000000 
  .35495E0  -.9695E-1  0.0000000  0.0000000  0.0000000  0.0000000 
 .61894E-1   .22822E0  1.0000000  0.0000000  0.0000000  0.0000000 
-.50298E-2   .56939E0  0.0000000  0.0000000  0.0000000  0.0000000 
 .20981E-2    .3663E0  0.0000000  1.0000000  0.0000000  0.0000000 
 0.0000000  0.0000000  0.0000000  0.0000000  1.0000000  0.0000000 
 0.0000000  0.0000000  0.0000000  0.0000000  0.0000000  1.0000000 

     0.2690000     0.8190000    15.2540000     4.8450000

 1.0000000  0.0000000  0.0000000  0.0000000 
 0.0000000  1.0000000  0.0000000  0.0000000 
 0.0000000  0.0000000  1.0000000  0.0000000 
 0.0000000  0.0000000  0.0000000  1.0000000 

     0.5570000    10.0520000

 1.0000000  0.0000000 
 0.0000000  1.0000000 

CL:cc-pCVTZ
EMSL BASIS SET LIBRARY

  4
    0    1    2    3
    7    6    4    2
   17   11    4    2

 456100.000000 68330.0000000 15550.0000000  4405.0000000  1439.0000000
   520.4000000   203.1000000    83.9600000    36.2000000    15.8300000
     6.3340000     2.6940000     0.9768000     0.4313000     0.1625000
    15.0640000     2.8740000

 .49297E-4  -.1383E-4  .41855E-5  0.0000000  0.0000000  0.0000000  0.0000000 
 .38303E-3 -.10728E-3   .3244E-4  0.0000000  0.0000000  0.0000000  0.0000000 
 .20085E-2 -.56508E-3   .1711E-3  0.0000000  0.0000000  0.0000000  0.0000000 
 .83856E-2 -.23614E-2  .71418E-3  0.0000000  0.0000000  0.0000000  0.0000000 
  .2947E-1 -.84589E-2   .2567E-2  0.0000000  0.0000000  0.0000000  0.0000000 
 .87832E-1 -.25964E-1  .78855E-2  0.0000000  0.0000000  0.0000000  0.0000000 
  .21147E0 -.68636E-1  .21087E-1  0.0000000  0.0000000  0.0000000  0.0000000 
  .36536E0  -.14187E0  .44226E-1  0.0000000  0.0000000  0.0000000  0.0000000 
  .34088E0  -.19932E0  .65167E-1  0.0000000  0.0000000  0.0000000  0.0000000 
  .10213E0 -.19566E-1  .60301E-2  0.0000000  0.0000000  0.0000000  0.0000000 
 .31168E-2   .49974E0   -.2065E0  0.0000000  0.0000000  0.0000000  0.0000000 
 .10575E-2   .56374E0  -.40587E0  0.0000000  0.0000000  0.0000000  0.0000000 
  -.378E-3  .79032E-1  .75956E-1  1.0000000  0.0000000  0.0000000  0.0000000 
 .15614E-3 -.83509E-2   .72566E0  0.0000000  0.0000000  0.0000000  0.0000000 
-.51413E-4  .23246E-2   .39442E0  0.0000000  1.0000000  0.0000000  0.0000000 
 0.0000000  0.0000000  0.0000000  0.0000000  0.0000000  1.0000000  0.0000000 
 0.0000000  0.0000000  0.0000000  0.0000000  0.0000000  0.0000000  1.0000000 

   663.3000000   156.8000000    49.9800000    18.4200000     7.2400000
     2.9220000     1.0220000     0.3818000     0.1301000     9.4800000
     3.6680000

 .24045E-2 -.65214E-3  0.0000000  0.0000000  0.0000000  0.0000000 
 .19215E-1 -.51944E-2  0.0000000  0.0000000  0.0000000  0.0000000 
  .8851E-1 -.24694E-1  0.0000000  0.0000000  0.0000000  0.0000000 
  .25602E0 -.72817E-1  0.0000000  0.0000000  0.0000000  0.0000000 
  .43693E0  -.13403E0  0.0000000  0.0000000  0.0000000  0.0000000 
  .35033E0 -.94774E-1  0.0000000  0.0000000  0.0000000  0.0000000 
  .5855E-1   .26229E0  1.0000000  0.0000000  0.0000000  0.0000000 
-.45842E-2   .56467E0  0.0000000  0.0000000  0.0000000  0.0000000 
 .22697E-2   .34125E0  0.0000000  1.0000000  0.0000000  0.0000000 
 0.0000000  0.0000000  0.0000000  0.0000000  1.0000000  0.0000000 
 0.0000000  0.0000000  0.0000000  0.0000000  0.0000000  1.0000000 

     1.0460000     0.3440000    17.9570000     5.7600000

 1.0000000  0.0000000  0.0000000  0.0000000 
 0.0000000  1.0000000  0.0000000  0.0000000 
 0.0000000  0.0000000  1.0000000  0.0000000 
 0.0000000  0.0000000  0.0000000  1.0000000 

     0.7060000    11.7790000

 1.0000000  0.0000000 
 0.0000000  1.0000000 

AR:cc-pCVTZ
EMSL BASIS SET LIBRARY

  4
    0    1    2    3
    7    6    4    2
   17   11    4    2

 545000.000000 81640.0000000 18580.0000000  5261.0000000  1717.0000000
   619.9000000   241.6000000    99.7900000    43.1500000    19.1400000
     7.4880000     3.2050000     1.1960000     0.5204000     0.1954000
    17.3620000     3.3780000

 .45583E-4 -.12955E-4  .40499E-5  0.0000000  0.0000000  0.0000000  0.0000000 
 .35411E-3 -.10043E-3  .31369E-4  0.0000000  0.0000000  0.0000000  0.0000000 
  .1858E-2 -.52958E-3  .16565E-3  0.0000000  0.0000000  0.0000000  0.0000000 
 .77685E-2  -.2214E-2  .69166E-3  0.0000000  0.0000000  0.0000000  0.0000000 
 .27423E-1 -.79684E-2  .24979E-2  0.0000000  0.0000000  0.0000000  0.0000000 
 .82384E-1  -.2458E-1  .77107E-2  0.0000000  0.0000000  0.0000000  0.0000000 
  .20123E0  -.6578E-1  .20871E-1  0.0000000  0.0000000  0.0000000  0.0000000 
  .35678E0  -.13794E0  .44396E-1  0.0000000  0.0000000  0.0000000  0.0000000 
  .34956E0  -.20163E0  .68022E-1  0.0000000  0.0000000  0.0000000  0.0000000 
  .11827E0 -.41283E-1  .14135E-1  0.0000000  0.0000000  0.0000000  0.0000000 
 .56019E-2   .48468E0  -.20749E0  0.0000000  0.0000000  0.0000000  0.0000000 
 .48347E-3   .57922E0  -.42504E0  0.0000000  0.0000000  0.0000000  0.0000000 
-.14808E-3  .87908E-1  .70486E-1  1.0000000  0.0000000  0.0000000  0.0000000 
 .29202E-4 -.72755E-2   .73363E0  0.0000000  0.0000000  0.0000000  0.0000000 
 -.2316E-4  .23288E-2     .396E0  0.0000000  1.0000000  0.0000000  0.0000000 
 0.0000000  0.0000000  0.0000000  0.0000000  0.0000000  1.0000000  0.0000000 
 0.0000000  0.0000000  0.0000000  0.0000000  0.0000000  0.0000000  1.0000000 

   761.8000000   180.2000000    57.5000000    21.2400000     8.3880000
     3.4160000     1.2060000     0.4523000     0.1545000    11.0190000
     4.3070000

 .23698E-2 -.66721E-3  0.0000000  0.0000000  0.0000000  0.0000000 
  .1902E-1 -.53272E-2  0.0000000  0.0000000  0.0000000  0.0000000 
 .88081E-1 -.25549E-1  0.0000000  0.0000000  0.0000000  0.0000000 
  .25638E0  -.7572E-1  0.0000000  0.0000000  0.0000000  0.0000000 
  .43871E0  -.14113E0  0.0000000  0.0000000  0.0000000  0.0000000 
  .34757E0 -.93277E-1  0.0000000  0.0000000  0.0000000  0.0000000 
 .56674E-1   .28287E0  1.0000000  0.0000000  0.0000000  0.0000000 
-.52388E-2   .56245E0  0.0000000  0.0000000  0.0000000  0.0000000 
 .16438E-2   .32506E0  0.0000000  1.0000000  0.0000000  0.0000000 
 0.0000000  0.0000000  0.0000000  0.0000000  1.0000000  0.0000000 
 0.0000000  0.0000000  0.0000000  0.0000000  0.0000000  1.0000000 

     0.4100000     1.2540000    20.7060000     6.6810000

 1.0000000  0.0000000  0.0000000  0.0000000 
 0.0000000  1.0000000  0.0000000  0.0000000 
 0.0000000  0.0000000  1.0000000  0.0000000 
 0.0000000  0.0000000  0.0000000  1.0000000 

     0.8900000    13.6740000

 1.0000000  0.0000000 
 0.0000000  1.0000000 

CA:cc-pCVTZ
EMSL BASIS SET LIBRARY

  4
    0    1    2    3
    8    7    5    2
   22   16    8    2

 2402654.00000 359789.800000 81878.0900000 23190.8900000  7565.2120000
  2730.7020000  1064.6400000   441.0605000   191.7269000    86.5377400
    39.8992400    17.6406500     8.3599900     3.9513300     1.7134000
     0.8108600     0.3602500     0.0810800     0.0448400     0.0214300
     2.0630000     0.4098000

 0.0000093 -0.0000027  0.0000009 -0.0000002  0.0000000  0.0000000  0.0000000 
 0.0000000 
 0.0000723 -0.0000210  0.0000072 -0.0000017  0.0000000  0.0000000  0.0000000 
 0.0000000 
 0.0003805 -0.0001105  0.0000381 -0.0000091  0.0000000  0.0000000  0.0000000 
 0.0000000 
 0.0016045 -0.0004666  0.0001610 -0.0000384  0.0000000  0.0000000  0.0000000 
 0.0000000 
 0.0058078 -0.0016951  0.0005846 -0.0001396  0.0000000  0.0000000  0.0000000 
 0.0000000 
 0.0185956 -0.0054834  0.0018950 -0.0004525  0.0000000  0.0000000  0.0000000 
 0.0000000 
 0.0528777 -0.0159659  0.0055252 -0.0013203  0.0000000  0.0000000  0.0000000 
 0.0000000 
 0.1301514 -0.0415138  0.0144701 -0.0034584  0.0000000  0.0000000  0.0000000 
 0.0000000 
 0.2593147 -0.0928638  0.0327158 -0.0078368  0.0000000  0.0000000  0.0000000 
 0.0000000 
 0.3614961 -0.1653165  0.0600319 -0.0144151  0.0000000  0.0000000  0.0000000 
 0.0000000 
 0.2641116 -0.1766407  0.0670168 -0.0162164  0.0000000  0.0000000  0.0000000 
 0.0000000 
 0.0570939  0.0644442 -0.0259366  0.0063442  0.0000000  0.0000000  0.0000000 
 0.0000000 
-0.0018220  0.5108796 -0.2674746  0.0674062  0.0000000  0.0000000  0.0000000 
 0.0000000 
 0.0021116  0.4946380 -0.4269725  0.1144739  0.0000000  0.0000000  0.0000000 
 0.0000000 
-0.0009770  0.0875009  0.0679640 -0.0263447  0.0000000  0.0000000  0.0000000 
 0.0000000 
 0.0004558 -0.0035910  0.7102053 -0.2336988  0.0000000  0.0000000  0.0000000 
 0.0000000 
-0.0001914  0.0024922  0.4418005 -0.3160753  0.0000000  0.0000000  0.0000000 
 0.0000000 
 0.0000917 -0.0007582  0.0219313  0.3328193  1.0000000  0.0000000  0.0000000 
 0.0000000 
-0.0000787  0.0006458 -0.0118692  0.5611103  0.0000000  0.0000000  0.0000000 
 0.0000000 
 0.0000223 -0.0001817  0.0026527  0.2808178  0.0000000  1.0000000  0.0000000 
 0.0000000 
 0.0000000  0.0000000  0.0000000  0.0000000  0.0000000  0.0000000  1.0000000 
 0.0000000 
 0.0000000  0.0000000  0.0000000  0.0000000  0.0000000  0.0000000  0.0000000 
 1.0000000 

  4061.2890000   962.2465000   312.1686000   118.7144000    49.8067000
    22.2599800    10.2876400     4.8611540     2.2487730     1.0336620
     0.4641320     0.1987500     0.0673900     0.0254200     2.8806000
     0.5347000

 0.0001979 -0.0000645  0.0000133  0.0000000  0.0000000  0.0000000  0.0000000 
 0.0017320 -0.0005645  0.0001185  0.0000000  0.0000000  0.0000000  0.0000000 
 0.0095337 -0.0031312  0.0006487  0.0000000  0.0000000  0.0000000  0.0000000 
 0.0383901 -0.0127408  0.0026799  0.0000000  0.0000000  0.0000000  0.0000000 
 0.1167588 -0.0399140  0.0082851  0.0000000  0.0000000  0.0000000  0.0000000 
 0.2562687 -0.0905044  0.0192123  0.0000000  0.0000000  0.0000000  0.0000000 
 0.3797808 -0.1426189  0.0295498  0.0000000  0.0000000  0.0000000  0.0000000 
 0.3082932 -0.1098090  0.0243123  0.0000000  0.0000000  0.0000000  0.0000000 
 0.0859209  0.1516249 -0.0411123  0.0000000  0.0000000  0.0000000  0.0000000 
 0.0021206  0.4617641 -0.1041975  0.0000000  0.0000000  0.0000000  0.0000000 
 0.0012888  0.4326003 -0.1503653  0.0000000  0.0000000  0.0000000  0.0000000 
-0.0004683  0.1112741  0.0243172  1.0000000  0.0000000  0.0000000  0.0000000 
 0.0001472  0.0025287  0.5986116  0.0000000  0.0000000  0.0000000  0.0000000 
-0.0000528  0.0007103  0.4813557  0.0000000  1.0000000  0.0000000  0.0000000 
 0.0000000  0.0000000  0.0000000  0.0000000  0.0000000  1.0000000  0.0000000 
 0.0000000  0.0000000  0.0000000  0.0000000  0.0000000  0.0000000  1.0000000 

    16.9462300     4.4721200     1.4380900     0.4669900     0.1415100
     0.0416400     2.2775000     1.1270000

 0.0154730  0.0000000  0.0000000  0.0000000  0.0000000 
 0.0788740  0.0000000  0.0000000  0.0000000  0.0000000 
 0.2087800  0.0000000  0.0000000  0.0000000  0.0000000 
 0.3302130  0.0000000  0.0000000  0.0000000  0.0000000 
 0.4375620  1.0000000  0.0000000  0.0000000  0.0000000 
 0.3747900  0.0000000  1.0000000  0.0000000  0.0000000 
 0.0000000  0.0000000  0.0000000  1.0000000  0.0000000 
 0.0000000  0.0000000  0.0000000  0.0000000  1.0000000 

     0.1509000     1.3909000

 1.0000000  0.0000000 
 0.0000000  1.0000000 




