!  cc-pVDZ(fi/sf/lc)  EMSL  Basis Set Exchange Library   3/19/13 3:58 PM
! Original cc- basis sets:
! T.H. Dunning, Jr. J. Chem. Phys. 90, 1007 (1989).
! D.E. Woon and T.H. Dunning, Jr. J. Chem. Phys. 100, 2975 (1994).
! T.H. Dunning, Jr. J. Chem. Phys. 90, 1007 (1989).
! D.E. Woon and T.H. Dunning, Jr.  (to be published)
! D.E. Woon and T.H. Dunning, Jr.  J. Chem. Phys. 98, 1358 (1993).
! Recontraction:
! K. G. Dyall, in preparation.
!   


H:cc-pVDZ(fi/sf/lc)
EMSL BASIS SET LIBRARY

  2
    0    1
    2    1
    4    1

 1.3010000E+01 1.9620000E+00 4.4460000E-01 1.2200000E-01

 .19689E-1       .0E0 
  .13799E0       .0E0 
  .47815E0       .0E0 
  .50122E0   .99999E0 

 7.2700000E-01

  .99998E0 

HE:cc-pVDZ(fi/sf/lc)
EMSL BASIS SET LIBRARY

  2
    0    1
    2    1
    4    1

 3.8360000E+01 5.7700000E+00 1.2400000E+00 2.9760000E-01

 .23824E-1       .0E0 
  .15492E0       .0E0 
  .46999E0       .0E0 
  .51298E0   .99998E0 

 1.2750000E+00

  .99996E0 

B:cc-pVDZ(fi/sf/lc)
EMSL BASIS SET LIBRARY

  3
    0    1    2
    3    2    1
    9    4    1

 4.5700000E+03 6.8590000E+02 1.5650000E+02 4.4470000E+01 1.4480000E+01
 5.1310000E+00 1.8980000E+00 3.3290000E-01 1.0430000E-01

 .70862E-3 -.14199E-3       .0E0 
 .53903E-2 -.11056E-2       .0E0 
 .27223E-1 -.54648E-2       .0E0 
  .10152E0 -.21962E-1       .0E0 
  .27215E0 -.59793E-1       .0E0 
  .44827E0   -.1388E0       .0E0 
  .28986E0  -.13121E0       .0E0 
 .14301E-1   .53997E0       .0E0 
  -.348E-2   .58027E0   .99999E0 

 6.0010000E+00 1.2410000E+00 3.3640000E-01 9.5380000E-02

 .35497E-1       .0E0 
  .19805E0       .0E0 
  .50513E0       .0E0 
  .47961E0   .99999E0 

 3.4300000E-01

  .99998E0 

C:cc-pVDZ(fi/sf/lc)
EMSL BASIS SET LIBRARY

  3
    0    1    2
    3    2    1
    9    4    1

 6.6650000E+03 1.0000000E+03 2.2800000E+02 6.4710000E+01 2.1060000E+01
 7.4950000E+00 2.7970000E+00 5.2150000E-01 1.5960000E-01

 .71061E-3  -.1505E-3       .0E0 
  .5383E-2 -.11697E-2       .0E0 
 .27208E-1 -.57695E-2       .0E0 
  .10193E0 -.23439E-1       .0E0 
  .27489E0 -.64142E-1       .0E0 
  .44841E0  -.15052E0       .0E0 
  .28466E0  -.12695E0       .0E0 
 .15101E-1   .54833E0       .0E0 
-.31648E-2   .57686E0   .99999E0 

 9.4390000E+00 2.0020000E+00 5.4560000E-01 1.5170000E-01

 .37908E-1       .0E0 
   .2086E0       .0E0 
    .497E0       .0E0 
  .48254E0   .99998E0 

 5.5000000E-01

  .99997E0 

N:cc-pVDZ(fi/sf/lc)
EMSL BASIS SET LIBRARY

  3
    0    1    2
    3    2    1
    9    4    1

 9.0460000E+03 1.3570000E+03 3.0930000E+02 8.7730000E+01 2.8560000E+01
 1.0210000E+01 3.8380000E+00 7.4660000E-01 2.2480000E-01

 .72513E-3 -.15916E-3       .0E0 
 .54639E-2 -.12319E-2       .0E0 
 .27588E-1 -.60627E-2       .0E0 
  .10351E0 -.24762E-1       .0E0 
  .27894E0 -.67808E-1       .0E0 
  .44836E0  -.15913E0       .0E0 
  .27764E0  -.12138E0       .0E0 
  .1525E-1   .55607E0       .0E0 
-.28164E-2   .57211E0   .99999E0 

 1.3550000E+01 2.9170000E+00 7.9730000E-01 2.1850000E-01

 .39657E-1       .0E0 
  .21605E0       .0E0 
  .49244E0       .0E0 
  .48334E0   .99997E0 

 8.1700000E-01

  .99996E0 

O:cc-pVDZ(fi/sf/lc)
EMSL BASIS SET LIBRARY

  3
    0    1    2
    3    2    1
    9    4    1

 1.1720000E+04 1.7590000E+03 4.0080000E+02 1.1370000E+02 3.7030000E+01
 1.3270000E+01 5.0250000E+00 1.0130000E+00 3.0230000E-01

 .74402E-3 -.16772E-3       .0E0 
 .55687E-2 -.12895E-2       .0E0 
 .28076E-1 -.63392E-2       .0E0 
  .10519E0 -.25893E-1       .0E0 
  .28333E0 -.71147E-1       .0E0 
  .44834E0  -.16583E0       .0E0 
  .27027E0  -.11611E0       .0E0 
 .15363E-1   .56008E0       .0E0 
 -.2565E-2   .56995E0   .99998E0 

 1.7700000E+01 3.8540000E+00 1.0460000E+00 2.7530000E-01

 .43055E-1       .0E0 
  .22872E0       .0E0 
  .50498E0       .0E0 
  .46495E0   .99997E0 

 1.1850000E+00

  .99994E0 

F:cc-pVDZ(fi/sf/lc)
EMSL BASIS SET LIBRARY

  3
    0    1    2
    3    2    1
    9    4    1

 1.4710000E+04 2.2070000E+03 5.0280000E+02 1.4260000E+02 4.6470000E+01
 1.6700000E+01 6.3560000E+00 1.3160000E+00 3.8970000E-01

 .76401E-3 -.17565E-3       .0E0 
 .56791E-2 -.13412E-2       .0E0 
 .28574E-1 -.65826E-2       .0E0 
  .10694E0 -.26888E-1       .0E0 
  .28715E0 -.73909E-1       .0E0 
   .4481E0  -.17102E0       .0E0 
  .26393E0  -.11116E0       .0E0 
 .15259E-1   .56437E0       .0E0 
-.23185E-2   .56692E0   .99997E0 

 2.2670000E+01 4.9770000E+00 1.3470000E+00 3.4710000E-01

 .45019E-1       .0E0 
   .2358E0       .0E0 
  .50837E0       .0E0 
  .45813E0   .99996E0 

 1.6400000E+00

  .99992E0 

NE:cc-pVDZ(fi/sf/lc)
EMSL BASIS SET LIBRARY

  3
    0    1    2
    3    2    1
    9    4    1

 1.7880000E+04 2.6830000E+03 6.1150000E+02 1.7350000E+02 5.6640000E+01
 2.0420000E+01 7.8100000E+00 1.6530000E+00 4.8690000E-01

 .79163E-3 -.18481E-3       .0E0 
 .58351E-2 -.13993E-2       .0E0 
 .29267E-1 -.68491E-2       .0E0 
  .10916E0 -.27917E-1       .0E0 
  .29131E0 -.76492E-1       .0E0 
  .44763E0  -.17552E0       .0E0 
  .25701E0  -.10555E0       .0E0 
 .14975E-1   .56895E0       .0E0 
-.20849E-2   .56289E0   .99997E0 

 2.8390000E+01 6.2700000E+00 1.6950000E+00 4.3170000E-01

 .46275E-1       .0E0 
   .2403E0       .0E0 
  .50856E0       .0E0 
  .45564E0   .99994E0 

 2.2020000E+00

   .9999E0 

AL:cc-pVDZ(fi/sf/lc)
EMSL BASIS SET LIBRARY

  3
    0    1    2
    4    3    1
   12    8    1

 6.4150000E+04 9.6170000E+03 2.1890000E+03 6.2050000E+02 2.0270000E+02
 7.3150000E+01 2.8550000E+01 1.1770000E+01 3.3000000E+00 1.1730000E+00
 1.7520000E-01 6.4730000E-02

 .34224E-3 -.89831E-4  .20744E-4       .0E0 
 .24035E-2 -.62497E-3   .1442E-3       .0E0 
 .12039E-1 -.32031E-2  .74044E-3       .0E0 
 .47514E-1 -.12585E-1  .29075E-2       .0E0 
  .14734E0  -.4251E-1  .98875E-2       .0E0 
  .33057E0  -.10388E0   .2432E-1       .0E0 
  .41436E0   -.1964E0  .47468E-1       .0E0 
  .18789E0 -.80163E-1  .19723E-1       .0E0 
 .11479E-1   .54407E0  -.16033E0       .0E0 
  -.127E-2   .57493E0  -.30955E0       .0E0 
 .42177E-3  .28245E-1   .62406E0       .0E0 
-.19736E-3 -.93376E-2   .51692E0       .1E1 

 2.5880000E+02 6.0890000E+01 1.9140000E+01 6.8810000E+00 2.5740000E+00
 9.5720000E-01 2.0990000E-01 5.9860000E-02

 .41952E-2 -.77056E-3       .0E0 
 .30951E-1 -.55034E-2       .0E0 
  .12956E0 -.24597E-1       .0E0 
  .32094E0 -.58176E-1       .0E0 
  .45347E0 -.98232E-1       .0E0 
  .27478E0   -.258E-1       .0E0 
 .19108E-1   .46338E0       .0E0 
-.31344E-2   .64939E0   .99999E0 

 1.8900000E-01

  .99999E0 

SI:cc-pVDZ(fi/sf/lc)
EMSL BASIS SET LIBRARY

  3
    0    1    2
    4    3    1
   12    8    1

 7.8860000E+04 1.1820000E+04 2.6920000E+03 7.6340000E+02 2.4960000E+02
 9.0280000E+01 3.5290000E+01 1.4510000E+01 4.0530000E+00 1.4820000E+00
 2.5170000E-01 9.2430000E-02

 .32837E-3  -.8832E-4  .22636E-4       .0E0 
 .22673E-2 -.60428E-3  .15508E-3       .0E0 
  .1129E-1 -.30771E-2  .78863E-3       .0E0 
  .4455E-1 -.12082E-1  .31087E-2       .0E0 
  .13886E0  -.4091E-1  .10536E-1       .0E0 
  .31708E0  -.10122E0  .26475E-1       .0E0 
  .41695E0  -.19675E0  .52455E-1       .0E0 
   .2085E0 -.99064E-1  .28314E-1       .0E0 
 .14333E-1   .53104E0  -.18049E0       .0E0 
-.20104E-2   .58863E0  -.34437E0       .0E0 
 .61714E-3  .32507E-1   .63012E0       .0E0 
-.27965E-3 -.95023E-2   .53074E0   .99999E0 

 3.1590000E+02 7.4420000E+01 2.3480000E+01 8.4880000E+00 3.2170000E+00
 1.2290000E+00 2.9640000E-01 8.7680000E-02

 .40754E-2   -.887E-3       .0E0 
 .30205E-1 -.63259E-2       .0E0 
  .12772E0 -.28852E-1       .0E0 
  .32112E0 -.68807E-1       .0E0 
    .455E0  -.11971E0       .0E0 
  .26813E0 -.16502E-1       .0E0 
 .18919E-1   .49735E0       .0E0 
-.24987E-2   .61147E0   .99999E0 

 2.7500000E-01

  .99999E0 

P:cc-pVDZ(fi/sf/lc)
EMSL BASIS SET LIBRARY

  3
    0    1    2
    4    3    1
   12    8    1

 9.4840000E+04 1.4220000E+04 3.2360000E+03 9.1710000E+02 2.9950000E+02
 1.0810000E+02 4.2180000E+01 1.7280000E+01 4.8580000E+00 1.8180000E+00
 3.3720000E-01 1.2320000E-01

 .31994E-3 -.87858E-4  .24168E-4       .0E0 
 .21711E-2 -.59101E-3  .16303E-3       .0E0 
 .10765E-1  -.2995E-2  .82319E-3       .0E0 
 .42465E-1 -.11755E-1  .32545E-2       .0E0 
  .13337E0  -.4001E-1   .1104E-1       .0E0 
  .30924E0  -.10038E0   .2831E-1       .0E0 
  .41884E0   -.1983E0  .56545E-1       .0E0 
  .22082E0  -.11101E0  .34906E-1       .0E0 
 .16189E-1    .5233E0  -.19698E0       .0E0 
-.25057E-2   .59639E0  -.36916E0       .0E0 
 .73845E-3  .35879E-1   .63463E0       .0E0 
-.32662E-3  -.9434E-2   .54177E0   .99999E0 

 3.7050000E+02 8.7330000E+01 2.7590000E+01 1.0000000E+01 3.8250000E+00
 1.4940000E+00 3.9210000E-01 1.1860000E-01

 .41256E-2 -.99965E-3       .0E0 
 .30636E-1 -.71476E-2       .0E0 
  .13017E0  -.3283E-1       .0E0 
   .3278E0  -.7869E-1       .0E0 
  .45639E0  -.13599E0       .0E0 
   .2525E0 -.25644E-2       .0E0 
 .17251E-1   .51593E0       .0E0 
 -.1577E-2   .58773E0   .99999E0 

 3.7300000E-01

  .99998E0 

S:cc-pVDZ(fi/sf/lc)
EMSL BASIS SET LIBRARY

  3
    0    1    2
    4    3    1
   12    8    1

 1.1080000E+05 1.6610000E+04 3.7810000E+03 1.0710000E+03 3.4980000E+02
 1.2630000E+02 4.9260000E+01 2.0160000E+01 5.7200000E+00 2.1820000E+00
 4.3270000E-01 1.5700000E-01

  .3198E-3 -.89403E-4  .25933E-4       .0E0 
  .2132E-2 -.59111E-3   .1721E-3       .0E0 
  .1051E-1 -.29763E-2  .86216E-3       .0E0 
 .41403E-1 -.11672E-1  .34131E-2       .0E0 
  .13019E0 -.39705E-1   .1154E-1       .0E0 
  .30419E0  -.10036E0  .29948E-1       .0E0 
  .41943E0  -.20013E0  .60069E-1       .0E0 
  .22837E0  -.11892E0  .40056E-1       .0E0 
 .17634E-1   .51864E0  -.21118E0       .0E0 
-.29273E-2   .60083E0  -.38857E0       .0E0 
 .83618E-3  .38615E-1   .64041E0       .0E0 
-.36222E-3 -.92054E-2   .54933E0   .99999E0 

 3.9970000E+02 9.4190000E+01 2.9750000E+01 1.0770000E+01 4.1190000E+00
 1.6250000E+00 4.7260000E-01 1.4070000E-01

  .4694E-2 -.12192E-2       .0E0 
 .34655E-1 -.87787E-2       .0E0 
    .145E0  -.3931E-1       .0E0 
  .35413E0 -.93366E-1       .0E0 
  .45834E0  -.14805E0       .0E0 
  .20579E0  .32272E-1       .0E0 
 .10426E-1   .55631E0       .0E0 
  .1556E-3   .53906E0   .99998E0 

 4.7900000E-01

  .99998E0 

CL:cc-pVDZ(fi/sf/lc)
EMSL BASIS SET LIBRARY

  3
    0    1    2
    4    3    1
   12    8    1

 1.2790000E+05 1.9170000E+04 4.3630000E+03 1.2360000E+03 4.0360000E+02
 1.4570000E+02 5.6810000E+01 2.3230000E+01 6.6440000E+00 2.5750000E+00
 5.3710000E-01 1.9380000E-01

  .3216E-3 -.91318E-4  .27588E-4       .0E0 
 .21068E-2 -.59357E-3  .18012E-3       .0E0 
 .10319E-1 -.29682E-2  .89514E-3       .0E0 
 .40551E-1 -.11615E-1  .35418E-2       .0E0 
  .12772E0 -.39527E-1  .11956E-1       .0E0 
  .30019E0  -.10048E0  .31309E-1       .0E0 
  .41967E0  -.20186E0  .63033E-1       .0E0 
  .23443E0  -.12524E0  .44444E-1       .0E0 
 .18835E-1   .51574E0  -.22354E0       .0E0 
-.32878E-2   .60351E0  -.40332E0       .0E0 
 .91288E-3   .4096E-1   .64562E0       .0E0 
-.38931E-3 -.89668E-2   .55497E0   .99999E0 

 4.1760000E+02 9.8330000E+01 3.1040000E+01 1.1190000E+01 4.2490000E+00
 1.6240000E+00 5.3220000E-01 1.6200000E-01

 .55346E-2 -.15105E-2       .0E0 
 .40444E-1  -.1095E-1       .0E0 
  .16557E0 -.47262E-1       .0E0 
   .3875E0  -.11103E0       .0E0 
  .45613E0  -.15278E0       .0E0 
  .15106E0  .90256E-1       .0E0 
 .18517E-2   .57909E0       .0E0 
 .18718E-2   .48311E0   .99998E0 

 6.0000000E-01

  .99997E0 

AR:cc-pVDZ(fi/sf/lc)
EMSL BASIS SET LIBRARY

  3
    0    1    2
    4    3    1
   12    8    1

 1.4570000E+05 2.1840000E+04 4.9720000E+03 1.4080000E+03 4.5970000E+02
 1.6590000E+02 6.4690000E+01 2.6440000E+01 7.6280000E+00 2.9960000E+00
 6.5040000E-01 2.3370000E-01

 .32619E-3 -.93903E-4  .29304E-4       .0E0 
 .20974E-2  -.5993E-3  .18796E-3       .0E0 
 .10208E-1 -.29769E-2  .92705E-3       .0E0 
 .40005E-1 -.11621E-1  .36642E-2       .0E0 
  .12609E0 -.39541E-1  .12347E-1       .0E0 
  .29746E0   -.1009E0  .32547E-1       .0E0 
  .41962E0  -.20364E0  .65636E-1       .0E0 
  .23855E0  -.12984E0  .48062E-1       .0E0 
 .19676E-1   .51442E0   -.2348E0       .0E0 
-.35372E-2   .60468E0  -.41451E0       .0E0 
 .95525E-3  .42924E-1   .65037E0       .0E0 
-.40299E-3 -.87118E-2    .5592E0   .99999E0 

 4.5370000E+02 1.0680000E+02 3.3730000E+01 1.2130000E+01 4.5940000E+00
 1.6780000E+00 5.9090000E-01 1.8520000E-01

  .6033E-2 -.16991E-2       .0E0 
 .43776E-1 -.12385E-1       .0E0 
  .17766E0 -.52391E-1       .0E0 
  .40702E0  -.12374E0       .0E0 
  .45134E0  -.15089E0       .0E0 
   .1222E0   .14338E0       .0E0 
 -.4398E-2     .584E0       .0E0 
 .20328E-2    .4373E0   .99998E0 

 7.3800000E-01

  .99997E0 

GA:cc-pVDZ(fi/sf/lc)
EMSL BASIS SET LIBRARY

  3
    0    1    2
    5    4    2
   14   11    6

 4.8513000E+05 7.2719000E+04 1.6552000E+04 4.6878000E+03 1.5291000E+03
 5.5181000E+02 2.1518000E+02 8.8174000E+01 2.7154000E+01 1.1503000E+01
 3.3018000E+00 1.3314000E+00 1.9316000E-01 7.0895000E-02

 .46754E-3 -.14947E-3   .5721E-4 -.13412E-4       .0E0 
 .23569E-2 -.75183E-3  .28894E-3 -.67789E-4       .0E0 
 .10274E-1 -.33396E-2  .12768E-2 -.29924E-3       .0E0 
 .37972E-1 -.12327E-1  .47654E-2 -.11191E-2       .0E0 
  .11716E0 -.40835E-1  .15681E-1 -.36764E-2       .0E0 
  .27906E0  -.10502E0  .41655E-1 -.98183E-2       .0E0 
  .41483E0  -.21691E0  .86819E-1 -.20457E-1       .0E0 
  .26349E0  -.15627E0  .71566E-1 -.17236E-1       .0E0 
 .26765E-1   .50857E0  -.31655E0  .79432E-1       .0E0 
-.59175E-2    .6054E0  -.50149E0   .13082E0       .0E0 
 .19301E-2  .62914E-1   .62363E0  -.20561E0       .0E0 
-.86899E-3 -.11121E-1   .63827E0  -.33977E0       .0E0 
 .21307E-3   .2514E-2  .24045E-1   .66899E0       .0E0 
 -.9961E-4 -.11559E-2 -.80557E-2   .47981E0       .1E1 

 3.2486000E+03 7.6997000E+02 2.4820000E+02 9.3364000E+01 3.8251000E+01
 1.6422000E+01 6.7918000E+00 2.8336000E+00 1.1062000E+00 2.2250000E-01
 6.1772000E-02

 .20711E-2 -.79252E-3  .13093E-3       .0E0 
 .14104E-1 -.54184E-2  .88128E-3       .0E0 
 .66456E-1 -.26221E-1  .43591E-2       .0E0 
  .21021E0 -.86063E-1  .14031E-1       .0E0 
  .40976E0  -.18088E0  .30765E-1       .0E0 
  .38695E0   -.1541E0  .23442E-1       .0E0 
  .10035E0    .2427E0 -.43788E-1       .0E0 
-.70554E-3   .58253E0  -.12935E0       .0E0 
 .20238E-2   .32905E0 -.45186E-1       .0E0 
-.31114E-3  .16607E-1   .45898E0       .0E0 
 .11253E-3 -.30494E-2   .66239E0   .99999E0 

 6.5337000E+01 1.8497000E+01 6.3150000E+00 2.1635000E+00 6.6675000E-01
 1.8840000E-01

  .2748E-1       .0E0 
  .15032E0       .0E0 
  .37178E0       .0E0 
  .47668E0       .0E0 
  .28886E0       .0E0 
 .31092E-1   .99997E0 

GE:cc-pVDZ(fi/sf/lc)
EMSL BASIS SET LIBRARY

  3
    0    1    2
    5    4    2
   14   11    6

 5.2180000E+05 7.8214000E+04 1.7803000E+04 5.0419000E+03 1.6445000E+03
 5.9343000E+02 2.3136000E+02 9.4762000E+01 2.9274000E+01 1.2450000E+01
 3.6463000E+00 1.5025000E+00 2.4503000E-01 9.1594000E-02

 .48214E-3 -.15491E-3  .59922E-4 -.15465E-4       .0E0 
 .23866E-2 -.76551E-3  .29722E-3 -.76744E-4       .0E0 
 .10303E-1  -.3367E-2  .13013E-2 -.33582E-3       .0E0 
 .37859E-1  -.1236E-1  .48264E-2 -.12471E-2       .0E0 
  .11651E0 -.40814E-1  .15848E-1 -.40929E-2       .0E0 
  .27752E0  -.10493E0  .42024E-1 -.10896E-1       .0E0 
   .4143E0  -.21701E0  .87915E-1 -.22842E-1       .0E0 
  .26551E0  -.15805E0  .72818E-1 -.19249E-1       .0E0 
 .27453E-1   .50515E0  -.31781E0  .87783E-1       .0E0 
-.61701E-2   .60684E0  -.51012E0   .14789E0       .0E0 
 .20915E-2  .66045E-1   .60408E0  -.22348E0       .0E0 
 -.9689E-3 -.11913E-1    .6581E0   -.3862E0       .0E0 
 .25149E-3  .27954E-2  .27501E-1   .69057E0       .0E0 
 -.1146E-3 -.12557E-2 -.85325E-2   .47946E0       .1E1 

 3.5681000E+03 8.4572000E+02 2.7274000E+02 1.0268000E+02 4.2148000E+01
 1.8149000E+01 7.5934000E+00 3.1964000E+00 1.2743000E+00 2.8258000E-01
 8.4090000E-02

 .20299E-2  -.7882E-3  .15585E-3       .0E0 
 .13638E-1 -.53221E-2  .10342E-2       .0E0 
 .64307E-1 -.25732E-1  .51234E-2       .0E0 
  .20474E0 -.85128E-1  .16581E-1       .0E0 
  .40457E0  -.18088E0  .36911E-1       .0E0 
  .39174E0   -.1616E0  .29354E-1       .0E0 
  .10759E0   .22714E0 -.48912E-1       .0E0 
 .62829E-4   .58244E0  -.15877E0       .0E0 
 .20507E-2   .33992E0 -.54251E-1       .0E0 
-.35475E-3  .18627E-1   .49884E0       .0E0 
 .12681E-3 -.31157E-2   .62089E0   .99999E0 

 7.4762000E+01 2.1302000E+01 7.3436000E+00 2.5651000E+00 8.1970000E-01
 2.4700000E-01

 .25926E-1       .0E0 
  .14485E0       .0E0 
  .36828E0       .0E0 
  .48174E0       .0E0 
  .28117E0       .0E0 
 .26136E-1   .99996E0 

AS:cc-pVDZ(fi/sf/lc)
EMSL BASIS SET LIBRARY

  3
    0    1    2
    5    4    2
   14   11    6

 5.5958379E+05 8.3879330E+04 1.9092668E+04 5.4073925E+03 1.7637559E+03
 6.3645672E+02 2.4808843E+02 1.0157851E+02 3.1475513E+01 1.3437282E+01
 4.0086900E+00 1.6849290E+00 3.0001900E-01 1.1358700E-01

 .49784E-3 -.16074E-3  .62835E-4 -.17418E-4       .0E0 
 .24204E-2 -.78054E-3  .30618E-3  -.8489E-4       .0E0 
 .10346E-1 -.33991E-2   .1328E-2 -.36817E-3       .0E0 
 .37789E-1 -.12406E-1  .48938E-2 -.13575E-2       .0E0 
  .11596E0 -.40825E-1  .16029E-1 -.44486E-2       .0E0 
  .27616E0   -.1049E0  .42426E-1 -.11806E-1       .0E0 
  .41373E0  -.21713E0  .89019E-1 -.24878E-1       .0E0 
  .26727E0  -.15954E0   .7401E-1  -.2095E-1       .0E0 
 .28099E-1   .50201E0  -.31943E0  .94735E-1       .0E0 
 -.6413E-2   .60802E0  -.51849E0   .16295E0       .0E0 
 .22497E-2  .69022E-1   .58744E0  -.23804E0       .0E0 
-.10673E-2 -.12657E-1   .67531E0  -.42539E0       .0E0 
 .28744E-3  .30226E-2  .30724E-1   .70429E0       .0E0 
-.12785E-3 -.13301E-2 -.88709E-2   .48462E0   .99999E0 

 3.8863564E+03 9.2120201E+02 2.9719319E+02 1.1197508E+02 4.6034621E+01
 1.9874194E+01 8.3860880E+00 3.5587280E+00 1.4472820E+00 3.4777900E-01
 1.0769900E-01

 .20095E-2  -.7918E-3  .17662E-3       .0E0 
 .13321E-1  -.5279E-2  .11566E-2       .0E0 
 .62776E-1 -.25482E-1  .57264E-2       .0E0 
  .20076E0 -.84756E-1  .18617E-1       .0E0 
  .40067E0   -.1816E0  .41872E-1       .0E0 
  .39489E0  -.16741E0  .34338E-1       .0E0 
  .11311E0   .21707E0 -.52934E-1       .0E0 
 .65107E-3   .58261E0  -.18288E0       .0E0 
  .2083E-2   .34554E0 -.60802E-1       .0E0 
-.39548E-3  .20205E-1   .51987E0       .0E0 
 .13648E-3 -.29594E-2   .60019E0   .99999E0 

 8.4424234E+01 2.4181589E+01 8.4017770E+00 2.9805020E+00 9.7900300E-01
 3.0980000E-01

 .24743E-1       .0E0 
  .14069E0       .0E0 
  .36573E0       .0E0 
  .48588E0       .0E0 
  .27453E0       .0E0 
 .22753E-1   .99995E0 

SE:cc-pVDZ(fi/sf/lc)
EMSL BASIS SET LIBRARY

  3
    0    1    2
    5    4    2
   14   11    6

 5.9899000E+05 8.9783000E+04 2.0435000E+04 5.7869000E+03 1.8873000E+03
 6.8097000E+02 2.6539000E+02 1.0863000E+02 3.3760000E+01 1.4465000E+01
 4.3890000E+00 1.8783000E+00 3.5859000E-01 1.3649000E-01

 .51414E-3 -.16679E-3  .65879E-4 -.19332E-4       .0E0 
 .24562E-2 -.79621E-3  .31551E-3 -.92583E-4       .0E0 
 .10397E-1 -.34334E-2  .13556E-2 -.39794E-3       .0E0 
 .37747E-1  -.1246E-1  .49645E-2 -.14573E-2       .0E0 
   .1155E0 -.40862E-1  .16219E-1 -.47673E-2       .0E0 
  .27492E0  -.10491E0  .42846E-1 -.12614E-1       .0E0 
  .41314E0  -.21726E0  .90108E-1 -.26693E-1       .0E0 
  .26883E0  -.16081E0  .75138E-1 -.22463E-1       .0E0 
 .28707E-1   .49915E0  -.32128E0   .10088E0       .0E0 
-.66445E-2   .60897E0  -.52655E0   .17665E0       .0E0 
 .24033E-2  .71836E-1   .57317E0  -.25045E0       .0E0 
 -.1163E-2 -.13348E-1   .69038E0  -.46038E0       .0E0 
 .32025E-3  .31992E-2  .33706E-1   .71776E0       .0E0 
-.13883E-3 -.13781E-2 -.90594E-2   .48889E0   .99999E0 

 4.1356000E+03 9.8034000E+02 3.1635000E+02 1.1925000E+02 4.9068000E+01
 2.1212000E+01 8.9462000E+00 3.8236000E+00 1.5883000E+00 4.0969000E-01
 1.2459000E-01

 .20542E-2  -.8213E-3  .19987E-3       .0E0 
 .13457E-1 -.54109E-2  .12952E-2       .0E0 
 .63211E-1 -.26047E-1  .63864E-2       .0E0 
  .20178E0 -.86486E-1  .20771E-1       .0E0 
  .40167E0  -.18509E0  .46576E-1       .0E0 
  .39346E0  -.16785E0  .37663E-1       .0E0 
  .11181E0   .22585E0 -.61365E-1       .0E0 
 .19298E-3   .58478E0  -.20376E0       .0E0 
 .21941E-2   .33323E0 -.59813E-1       .0E0 
-.45207E-3  .19378E-1   .55928E0       .0E0 
 .14327E-3 -.21965E-2   .56865E0   .99999E0 

 9.4472000E+01 2.7180000E+01 9.5068000E+00 3.4168000E+00 1.1479000E+00
 3.6820000E-01

 .23763E-1       .0E0 
  .13719E0       .0E0 
  .36349E0       .0E0 
  .48915E0       .0E0 
  .26953E0       .0E0 
 .20523E-1   .99995E0 

BR:cc-pVDZ(fi/sf/lc)
EMSL BASIS SET LIBRARY

  3
    0    1    2
    5    4    2
   14   11    6

 6.4010000E+05 9.5938000E+04 2.1833000E+04 6.1819000E+03 2.0157000E+03
 7.2710000E+02 2.8328000E+02 1.1591000E+02 3.6124000E+01 1.5532000E+01
 4.7857000E+00 2.0817000E+00 4.2028000E-01 1.6069000E-01

 .53113E-3  -.1731E-3  .69059E-4 -.21216E-4       .0E0 
 .24937E-2 -.81249E-3  .32515E-3 -.99871E-4       .0E0 
 .10452E-1 -.34692E-2  .13839E-2 -.42538E-3       .0E0 
 .37718E-1 -.12517E-1  .50359E-2 -.15471E-2       .0E0 
  .11508E0 -.40913E-1   .1641E-1 -.50522E-2       .0E0 
  .27381E0  -.10494E0  .43274E-1  -.1333E-1       .0E0 
  .41259E0  -.21743E0  .91183E-1 -.28314E-1       .0E0 
   .2702E0  -.16186E0  .76188E-1 -.23792E-1       .0E0 
 .29262E-1   .49663E0  -.32338E0    .1063E0       .0E0 
-.68576E-2   .60964E0  -.53411E0    .1891E0       .0E0 
 .25479E-2  .74477E-1   .56124E0  -.26153E0       .0E0 
-.12538E-2 -.14001E-1    .7033E0  -.49064E0       .0E0 
 .35053E-3   .3347E-2  .36486E-1   .72842E0       .0E0 
-.14849E-3 -.14165E-2 -.91818E-2   .49399E0   .99999E0 

 4.3408000E+03 1.0289000E+03 3.3202000E+02 1.2516000E+02 5.1511000E+01
 2.2281000E+01 9.3417000E+00 4.0132000E+00 1.7002000E+00 4.7194000E-01
 1.4421000E-01

 .21371E-2 -.86669E-3  .22579E-3       .0E0 
 .13855E-1 -.56481E-2  .14491E-2       .0E0 
 .64793E-1 -.27108E-1   .7116E-2       .0E0 
  .20582E0 -.89525E-1  .23063E-1       .0E0 
   .4056E0  -.19027E0  .51298E-1       .0E0 
  .38918E0  -.16467E0  .39407E-1       .0E0 
  .10658E0   .24674E0  -.7321E-1       .0E0 
-.89625E-3   .58873E0  -.22442E0       .0E0 
 .23796E-2   .30865E0 -.48226E-1       .0E0 
 -.5442E-3  .17349E-1   .58445E0       .0E0 
 .16132E-3 -.13137E-2   .54466E0   .99998E0 

 1.0483000E+02 3.0272000E+01 1.0649000E+01 3.8696000E+00 1.3239000E+00
 4.0980000E-01

 .22975E-1       .0E0 
  .13436E0       .0E0 
  .36181E0       .0E0 
  .49184E0       .0E0 
   .2655E0       .0E0 
  .1879E-1   .99994E0 

KR:cc-pVDZ(fi/sf/lc)
EMSL BASIS SET LIBRARY

  3
    0    1    2
    5    4    2
   14   11    6

 6.8135882E+05 1.0212648E+05 2.3243710E+04 6.5820073E+03 2.1464286E+03
 7.7433782E+02 3.0167020E+02 1.2341184E+02 3.8567551E+01 1.6637379E+01
 5.1987950E+00 2.2948140E+00 4.8521100E-01 1.8627000E-01

 .54986E-3 -.18002E-3   .7251E-4 -.23141E-4       .0E0 
 .25384E-2 -.83116E-3  .33578E-3 -.10712E-3       .0E0 
 .10533E-1 -.35134E-2  .14153E-2 -.45199E-3       .0E0 
  .3776E-1 -.12597E-1  .51159E-2 -.16321E-2       .0E0 
   .1148E0 -.41012E-1  .16615E-1 -.53159E-2       .0E0 
  .27281E0  -.10503E0  .43711E-1  -.1398E-1       .0E0 
  .41195E0  -.21759E0  .92222E-1 -.29782E-1       .0E0 
  .27133E0  -.16265E0  .77129E-1 -.24967E-1       .0E0 
 .29776E-1   .49446E0  -.32568E0   .11121E0       .0E0 
-.70591E-2   .61006E0  -.54119E0   .20055E0       .0E0 
 .26868E-2  .76914E-1   .55132E0  -.27176E0       .0E0 
-.13411E-2 -.14602E-1   .71439E0  -.51711E0       .0E0 
 .37905E-3  .34692E-2  .39083E-1   .73728E0       .0E0 
-.15728E-3 -.14469E-2 -.92578E-2   .49925E0   .99999E0 

 4.4742699E+03 1.0605790E+03 3.4220812E+02 1.2899842E+02 5.3087222E+01
 2.2959425E+01 9.5073000E+00 4.0830550E+00 1.7504460E+00 5.2919000E-01
 1.6436900E-01

 .22766E-2 -.93652E-3  .25611E-3       .0E0 
 .14632E-1 -.60443E-2  .16308E-2       .0E0 
 .67984E-1 -.28897E-1  .79636E-2       .0E0 
  .21376E0  -.9437E-1   .2559E-1       .0E0 
  .41287E0  -.19761E0  .55973E-1       .0E0 
  .38064E0  -.15599E0  .38789E-1       .0E0 
 .96757E-1   .28436E0 -.90914E-1       .0E0 
 -.2423E-2   .59541E0  -.24426E0       .0E0 
 .25931E-2   .26669E0 -.20497E-1       .0E0 
-.65967E-3  .12349E-1   .60378E0       .0E0 
 .20078E-3 -.93374E-3   .51956E0   .99998E0 

 1.1552532E+02 3.3465246E+01 1.1830459E+01 4.3397710E+00 1.5075240E+00
 5.0300000E-01

 .22321E-1       .0E0 
  .13206E0       .0E0 
  .36044E0       .0E0 
  .49448E0       .0E0 
  .26062E0       .0E0 
 .17374E-1   .99993E0 




