!  cc-pVTZ(pt/sf/lc)  EMSL  Basis Set Exchange Library   3/19/13 4:03 PM
! Original cc- basis sets:
! T.H. Dunning, Jr. J. Chem. Phys. 90, 1007 (1989).
! D.E. Woon and T.H. Dunning, Jr. J. Chem. Phys. 100, 2975 (1994).
! T.H. Dunning, Jr. J. Chem. Phys. 90, 1007 (1989).
! D.E. Woon and T.H. Dunning, Jr.  (to be published)
! D.E. Woon and T.H. Dunning, Jr.  J. Chem. Phys. 98, 1358 (1993).
! Recontraction:
! K. G. Dyall, in preparation.
!   


H:cc-pVTZ(pt/sf/lc)
EMSL BASIS SET LIBRARY

  3
    0    1    2
    3    2    1
    5    2    1

 3.3870000E+01 5.0950000E+00 1.1590000E+00 3.2580000E-01 1.0270000E-01

 .60701E-2       .0E0       .0E0 
 .45313E-1       .0E0       .0E0 
  .20283E0       .0E0       .0E0 
   .5039E0   .99998E0       .0E0 
  .38341E0       .0E0   .99999E0 

 1.4070000E+00 3.8800000E-01

  .99999E0       .0E0 
      .0E0   .99995E0 

 1.0570000E+00

  .99995E0 

HE:cc-pVTZ(pt/sf/lc)
EMSL BASIS SET LIBRARY

  3
    0    1    2
    3    2    1
    6    2    1

 2.3400000E+02 3.5160000E+01 7.9890000E+00 2.2120000E+00 6.6690000E-01
 2.0890000E-01

 .25917E-2       .0E0       .0E0 
 .19544E-1       .0E0       .0E0 
 .91018E-1       .0E0       .0E0 
  .27206E0       .0E0       .0E0 
  .47805E0   .99996E0       .0E0 
   .3077E0       .0E0   .99999E0 

 3.0440000E+00 7.5800000E-01

  .99997E0       .0E0 
      .0E0    .9999E0 

 1.9650000E+00

  .99991E0 

B:cc-pVTZ(pt/sf/lc)
EMSL BASIS SET LIBRARY

  4
    0    1    2    3
    4    3    2    1
   10    5    2    1

 5.4730000E+03 8.2090000E+02 1.8680000E+02 5.2830000E+01 1.7080000E+01
 5.9990000E+00 2.2080000E+00 5.8790000E-01 2.4150000E-01 8.6100000E-02

 .56657E-3 -.11458E-3       .0E0       .0E0 
 .43233E-2 -.87551E-3       .0E0       .0E0 
 .22029E-1 -.45027E-2       .0E0       .0E0 
 .84577E-1 -.17724E-1       .0E0       .0E0 
  .23867E0 -.53691E-1       .0E0       .0E0 
  .43498E0  -.11906E0       .0E0       .0E0 
  .34168E0  -.16566E0       .0E0       .0E0 
 .36803E-1   .12051E0   .99996E0       .0E0 
-.95294E-2   .59599E0       .0E0       .0E0 
 .23636E-2   .41066E0       .0E0       .1E1 

 1.2050000E+01 2.6130000E+00 7.4750000E-01 2.3850000E-01 7.6980000E-02

 .13133E-1       .0E0       .0E0 
 .79898E-1       .0E0       .0E0 
  .27723E0       .0E0       .0E0 
  .50419E0   .99998E0       .0E0 
  .35381E0       .0E0   .99999E0 

 6.6100000E-01 1.9900000E-01

  .99999E0       .0E0 
      .0E0   .99997E0 

 4.9000000E-01

  .99997E0 

C:cc-pVTZ(pt/sf/lc)
EMSL BASIS SET LIBRARY

  4
    0    1    2    3
    4    3    2    1
   10    5    2    1

 8.2360000E+03 1.2350000E+03 2.8080000E+02 7.9270000E+01 2.5590000E+01
 8.9970000E+00 3.3190000E+00 9.0590000E-01 3.6430000E-01 1.2850000E-01

 .54701E-3 -.11697E-3       .0E0       .0E0 
 .41537E-2 -.89082E-3       .0E0       .0E0 
 .21202E-1 -.45798E-2       .0E0       .0E0 
 .82054E-1 -.18239E-1       .0E0       .0E0 
    .235E0 -.55982E-1       .0E0       .0E0 
  .43431E0  -.12731E0       .0E0       .0E0 
  .34572E0  -.17063E0       .0E0       .0E0 
 .39208E-1   .14256E0   .99993E0       .0E0 
-.89587E-2   .60077E0       .0E0       .0E0 
 .23816E-2   .39157E0       .0E0   .99999E0 

 1.8710000E+01 4.1330000E+00 1.2000000E+00 3.8270000E-01 1.2090000E-01

 .13958E-1       .0E0       .0E0 
 .86434E-1       .0E0       .0E0 
  .28733E0       .0E0       .0E0 
  .48927E0   .99996E0       .0E0 
  .36112E0       .0E0   .99999E0 

 1.0970000E+00 3.1800000E-01

  .99999E0       .0E0 
      .0E0   .99995E0 

 7.6100000E-01

  .99995E0 

N:cc-pVTZ(pt/sf/lc)
EMSL BASIS SET LIBRARY

  4
    0    1    2    3
    4    3    2    1
   10    5    2    1

 1.1420000E+04 1.7120000E+03 3.8930000E+02 1.1000000E+02 3.5570000E+01
 1.2540000E+01 4.6440000E+00 1.2930000E+00 5.1180000E-01 1.7870000E-01

  .5443E-3 -.12066E-3       .0E0       .0E0 
 .41074E-2   -.914E-3       .0E0       .0E0 
 .20932E-1 -.46866E-2       .0E0       .0E0 
 .81007E-1 -.18706E-1       .0E0       .0E0 
  .23334E0 -.57745E-1       .0E0       .0E0 
  .43341E0  -.13289E0       .0E0       .0E0 
  .34691E0   -.1732E0       .0E0       .0E0 
 .40961E-1   .15589E0   .99991E0       .0E0 
-.84773E-2   .60392E0       .0E0       .0E0 
 .23819E-2   .38026E0       .0E0   .99999E0 

 2.6630000E+01 5.9480000E+00 1.7420000E+00 5.5500000E-01 1.7250000E-01

 .14574E-1       .0E0       .0E0 
 .91218E-1       .0E0       .0E0 
  .29445E0       .0E0       .0E0 
  .48025E0   .99994E0       .0E0 
  .36446E0       .0E0   .99998E0 

 1.6540000E+00 4.6900000E-01

  .99998E0       .0E0 
      .0E0   .99992E0 

 1.0930000E+00

  .99993E0 

O:cc-pVTZ(pt/sf/lc)
EMSL BASIS SET LIBRARY

  4
    0    1    2    3
    4    3    2    1
   10    5    2    1

 1.5330000E+04 2.2990000E+03 5.2240000E+02 1.4730000E+02 4.7550000E+01
 1.6760000E+01 6.2070000E+00 1.7520000E+00 6.8820000E-01 2.3840000E-01

 .53548E-3 -.12182E-3       .0E0       .0E0 
 .40095E-2 -.91614E-3       .0E0       .0E0 
 .20444E-1 -.46961E-2       .0E0       .0E0 
 .79541E-1  -.1887E-1       .0E0       .0E0 
  .23103E0 -.58711E-1       .0E0       .0E0 
  .43291E0  -.13681E0       .0E0       .0E0 
  .34952E0  -.17549E0       .0E0       .0E0 
 .42527E-1    .1629E0   .99988E0       .0E0 
-.81191E-2   .60437E0       .0E0       .0E0 
 .23724E-2   .37613E0       .0E0   .99999E0 

 3.4460000E+01 7.7490000E+00 2.2800000E+00 7.1560000E-01 2.1400000E-01

  .1597E-1       .0E0       .0E0 
 .99711E-1       .0E0       .0E0 
  .30958E0       .0E0       .0E0 
  .48725E0   .99992E0       .0E0 
   .3421E0       .0E0   .99998E0 

 2.3140000E+00 6.4500000E-01

  .99997E0       .0E0 
      .0E0   .99989E0 

 1.4280000E+00

  .99991E0 

F:cc-pVTZ(pt/sf/lc)
EMSL BASIS SET LIBRARY

  4
    0    1    2    3
    4    3    2    1
   10    5    2    1

 1.9500000E+04 2.9230000E+03 6.6450000E+02 1.8750000E+02 6.0620000E+01
 2.1420000E+01 7.9500000E+00 2.2570000E+00 8.8150000E-01 3.0410000E-01

 .54192E-3 -.12568E-3       .0E0       .0E0 
 .40246E-2 -.93804E-3       .0E0       .0E0 
 .20455E-1 -.47893E-2       .0E0       .0E0 
 .79466E-1 -.19249E-1       .0E0       .0E0 
  .23088E0 -.59895E-1       .0E0       .0E0 
  .43258E0  -.14025E0       .0E0       .0E0 
  .34902E0  -.17611E0       .0E0       .0E0 
 .43034E-1   .17317E0   .99984E0       .0E0 
-.78481E-2   .60501E0       .0E0       .0E0 
 .23715E-2   .36811E0       .0E0   .99998E0 

 4.3880000E+01 9.9260000E+00 2.9300000E+00 9.1320000E-01 2.6720000E-01

 .16763E-1       .0E0       .0E0 
   .1046E0       .0E0       .0E0 
  .31727E0       .0E0       .0E0 
  .48716E0    .9999E0       .0E0 
  .33467E0       .0E0   .99997E0 

 3.1070000E+00 8.5500000E-01

  .99996E0       .0E0 
      .0E0   .99986E0 

 1.9170000E+00

  .99989E0 

NE:cc-pVTZ(pt/sf/lc)
EMSL BASIS SET LIBRARY

  4
    0    1    2    3
    4    3    2    1
   10    5    2    1

 2.4350000E+04 3.6500000E+03 8.2960000E+02 2.3400000E+02 7.5610000E+01
 2.6730000E+01 9.9270000E+00 2.8360000E+00 1.1020000E+00 3.7820000E-01

 .54433E-3 -.12815E-3       .0E0       .0E0 
 .40063E-2 -.94832E-3       .0E0       .0E0 
 .20312E-1 -.48273E-2       .0E0       .0E0 
 .78984E-1 -.19439E-1       .0E0       .0E0 
  .23023E0 -.60676E-1       .0E0       .0E0 
  .43236E0  -.14281E0       .0E0       .0E0 
  .34946E0  -.17685E0       .0E0       .0E0 
 .43662E-1   .17929E0    .9998E0       .0E0 
-.75921E-2   .60578E0       .0E0       .0E0 
 .23591E-2   .36335E0       .0E0   .99998E0 

 5.4700000E+01 1.2430000E+01 3.6790000E+00 1.1430000E+00 3.3000000E-01

  .1728E-1       .0E0       .0E0 
  .10783E0       .0E0       .0E0 
   .3217E0       .0E0       .0E0 
  .48501E0   .99988E0       .0E0 
  .33264E0       .0E0   .99996E0 

 4.0140000E+00 1.0960000E+00

  .99995E0       .0E0 
      .0E0   .99981E0 

 2.5440000E+00

  .99985E0 

AL:cc-pVTZ(pt/sf/lc)
EMSL BASIS SET LIBRARY

  4
    0    1    2    3
    5    4    2    1
   15    9    2    1

 2.0550000E+05 3.0780000E+04 7.0060000E+03 1.9850000E+03 6.4910000E+02
 2.3500000E+02 9.1620000E+01 3.7670000E+01 1.5910000E+01 5.8500000E+00
 2.5420000E+00 1.0570000E+00 2.9310000E-01 1.4550000E-01 5.6500000E-02

 .89269E-4 -.23318E-4  .53856E-5       .0E0       .0E0 
 .58947E-3 -.15427E-3   .3561E-4       .0E0       .0E0 
 .29273E-2 -.76622E-3  .17707E-3       .0E0       .0E0 
 .11838E-1 -.31253E-2  .72157E-3       .0E0       .0E0 
 .40504E-1 -.10843E-1  .25113E-2       .0E0       .0E0 
  .11598E0 -.32576E-1  .75518E-2       .0E0       .0E0 
  .26144E0  -.8085E-1  .18949E-1       .0E0       .0E0 
  .39544E0  -.15707E0  .37366E-1       .0E0       .0E0 
  .28287E0  -.16677E0  .41508E-1       .0E0       .0E0 
  .4405E-1   .13003E0  -.3625E-1       .0E0       .0E0 
-.48426E-2   .56197E0  -.17596E0       .0E0       .0E0 
 .25846E-2   .43369E0  -.27477E0       .0E0       .0E0 
-.10765E-2  .34831E-1   .11229E0   .99998E0       .0E0 
 .71366E-3 -.11064E-1   .65208E0       .0E0       .0E0 
-.17641E-3  .21138E-2   .39228E0       .0E0       .1E1 

 4.4440000E+02 1.0510000E+02 3.3470000E+01 1.2330000E+01 4.8690000E+00
 1.9610000E+00 7.8340000E-01 1.8880000E-01 5.5570000E-02

 .17063E-2 -.30026E-3       .0E0       .0E0 
 .13246E-1 -.24537E-2       .0E0       .0E0 
 .61579E-1 -.10921E-1       .0E0       .0E0 
  .18817E0 -.36458E-1       .0E0       .0E0 
  .36041E0 -.64029E-1       .0E0       .0E0 
  .40805E0 -.97058E-1       .0E0       .0E0 
  .18847E0  .14894E-1   .99993E0       .0E0 
 .97914E-2   .50269E0       .0E0       .0E0 
-.11559E-2   .59864E0       .0E0   .99999E0 

 3.3300000E-01 1.0900000E-01

  .99999E0       .0E0 
      .0E0   .99998E0 

 2.4400000E-01

  .99999E0 

SI:cc-pVTZ(pt/sf/lc)
EMSL BASIS SET LIBRARY

  4
    0    1    2    3
    5    4    2    1
   15    9    2    1

 2.5490000E+05 3.8190000E+04 8.6900000E+03 2.4620000E+03 8.0480000E+02
 2.9130000E+02 1.1360000E+02 4.6750000E+01 1.9820000E+01 7.7080000E+00
 3.3400000E+00 1.4020000E+00 4.3870000E-01 2.0700000E-01 7.9440000E-02

 .86185E-4 -.23078E-4  .59229E-5       .0E0       .0E0 
 .55445E-3 -.14863E-3  .38126E-4       .0E0       .0E0 
 .27279E-2 -.73237E-3  .18806E-3       .0E0       .0E0 
 .10993E-1 -.29699E-2  .76204E-3       .0E0       .0E0 
 .37648E-1 -.10331E-1  .26587E-2       .0E0       .0E0 
  .10856E0 -.31084E-1  .80102E-2       .0E0       .0E0 
  .24866E0 -.78376E-1  .20417E-1       .0E0       .0E0 
  .38997E0  -.15459E0  .40915E-1       .0E0       .0E0 
  .29999E0  -.17873E0  .49519E-1       .0E0       .0E0 
 .55343E-1  .83448E-1 -.26055E-1       .0E0       .0E0 
-.39707E-2   .54862E0  -.19184E0       .0E0       .0E0 
  .2548E-2   .47663E0  -.31742E0       .0E0       .0E0 
-.10238E-2   .4626E-1   .10062E0   .99997E0       .0E0 
 .59964E-3 -.10327E-1   .68167E0       .0E0       .0E0 
-.15196E-3  .21141E-2   .39078E0       .0E0       .1E1 

 4.8150000E+02 1.1390000E+02 3.6230000E+01 1.3340000E+01 5.2520000E+00
 2.1200000E+00 8.5610000E-01 2.5280000E-01 7.8890000E-02

 .20226E-2 -.42417E-3       .0E0       .0E0 
 .15588E-1 -.33946E-2       .0E0       .0E0 
 .71847E-1 -.15273E-1       .0E0       .0E0 
  .21342E0 -.48816E-1       .0E0       .0E0 
  .39024E0 -.84627E-1       .0E0       .0E0 
  .39317E0  -.11238E0       .0E0       .0E0 
  .13238E0  .65779E-1   .99993E0       .0E0 
 .40622E-2   .53532E0       .0E0       .0E0 
  .4411E-3   .53838E0       .0E0   .99999E0 

 4.8100000E-01 1.5900000E-01

  .99999E0       .0E0 
      .0E0   .99998E0 

 3.3600000E-01

  .99998E0 

P:cc-pVTZ(pt/sf/lc)
EMSL BASIS SET LIBRARY

  4
    0    1    2    3
    5    4    2    1
   15    9    2    1

 3.1240000E+05 4.6800000E+04 1.0650000E+04 3.0180000E+03 9.8680000E+02
 3.5740000E+02 1.3960000E+02 5.7630000E+01 2.4600000E+01 1.0120000E+01
 4.2830000E+00 1.8050000E+00 6.1580000E-01 2.7820000E-01 1.0550000E-01

  .8368E-4 -.22886E-4  .63103E-5       .0E0       .0E0 
 .52382E-3 -.14331E-3  .39489E-4       .0E0       .0E0 
 .25497E-2  -.6995E-3  .19301E-3       .0E0       .0E0 
 .10228E-1 -.28179E-2   .7766E-3       .0E0       .0E0 
 .34999E-1 -.98091E-2  .27128E-2       .0E0       .0E0 
  .10143E0 -.29508E-1  .81662E-2       .0E0       .0E0 
  .23528E0 -.75289E-1  .21083E-1       .0E0       .0E0 
  .38152E0   -.1504E0  .42732E-1       .0E0       .0E0 
  .31574E0  -.18791E0  .56048E-1       .0E0       .0E0 
 .69961E-1  .40426E-1 -.14158E-1       .0E0       .0E0 
-.17883E-2   .53097E0  -.19869E0       .0E0       .0E0 
 .21303E-2   .51504E0  -.35366E0       .0E0       .0E0 
-.82066E-3  .58937E-1  .82615E-1   .99996E0       .0E0 
 .42564E-3 -.89542E-2   .70297E0       .0E0       .0E0 
 -.1126E-3  .20346E-2   .39697E0       .0E0   .99999E0 

 5.0490000E+02 1.1940000E+02 3.7960000E+01 1.3950000E+01 5.4570000E+00
 2.1770000E+00 8.0100000E-01 2.8770000E-01 9.7140000E-02

 .24704E-2 -.58356E-3       .0E0       .0E0 
 .18844E-1 -.45094E-2       .0E0       .0E0 
 .85532E-1  -.2065E-1       .0E0       .0E0 
  .24501E0 -.61542E-1       .0E0       .0E0 
  .42248E0  -.10814E0       .0E0       .0E0 
  .36765E0  -.10476E0       .0E0       .0E0 
  .7721E-1    .1591E0   .99993E0       .0E0 
-.33431E-2    .5462E0       .0E0       .0E0 
 .19727E-2   .45189E0       .0E0   .99999E0 

 6.5200000E-01 2.1600000E-01

  .99999E0       .0E0 
      .0E0   .99997E0 

 4.5200000E-01

  .99997E0 

S:cc-pVTZ(pt/sf/lc)
EMSL BASIS SET LIBRARY

  4
    0    1    2    3
    5    4    2    1
   15    9    2    1

 3.7410000E+05 5.6050000E+04 1.2760000E+04 3.6150000E+03 1.1830000E+03
 4.2880000E+02 1.6780000E+02 6.9470000E+01 2.9840000E+01 1.2720000E+01
 5.2440000E+00 2.2190000E+00 7.7670000E-01 3.4900000E-01 1.3220000E-01

 .82792E-4 -.23058E-4  .67025E-5       .0E0       .0E0 
 .50377E-3 -.14029E-3   .4076E-4       .0E0       .0E0 
 .24269E-2 -.67832E-3  .19729E-3       .0E0       .0E0 
 .96821E-2 -.27136E-2  .78865E-3       .0E0       .0E0 
 .33055E-1 -.94346E-2  .27502E-2       .0E0       .0E0 
 .96049E-1 -.28346E-1  .82742E-2       .0E0       .0E0 
  .22472E0 -.72902E-1  .21515E-1       .0E0       .0E0 
  .37352E0  -.14699E0  .44068E-1       .0E0       .0E0 
  .32645E0  -.19363E0  .60809E-1       .0E0       .0E0 
 .83627E-1   .1281E-1  -.5189E-2       .0E0       .0E0 
 .43941E-3   .51956E0  -.20685E0       .0E0       .0E0 
 .16211E-2   .53744E0  -.38013E0       .0E0       .0E0 
-.61061E-3  .66964E-1  .89575E-1   .99996E0       .0E0 
 .29553E-3 -.88458E-2   .71447E0       .0E0       .0E0 
-.82616E-4  .21833E-2   .38851E0       .0E0   .99999E0 

 5.7440000E+02 1.3580000E+02 4.3190000E+01 1.5870000E+01 6.2080000E+00
 2.4830000E+00 8.6880000E-01 3.2290000E-01 1.0980000E-01

 .25805E-2  -.6605E-3       .0E0       .0E0 
 .19644E-1 -.50318E-2       .0E0       .0E0 
 .89225E-1 -.23446E-1       .0E0       .0E0 
  .25514E0 -.68596E-1       .0E0       .0E0 
  .43365E0  -.12378E0       .0E0       .0E0 
  .35405E0 -.96112E-1       .0E0       .0E0 
  .6181E-1   .22921E0   .99992E0       .0E0 
 -.4788E-2   .56251E0       .0E0       .0E0 
 .22467E-2   .37319E0       .0E0   .99999E0 

 8.1900000E-01 2.6900000E-01

  .99999E0       .0E0 
      .0E0   .99996E0 

 5.5700000E-01

  .99997E0 

CL:cc-pVTZ(pt/sf/lc)
EMSL BASIS SET LIBRARY

  4
    0    1    2    3
    5    4    2    1
   15    9    2    1

 4.5610000E+05 6.8330000E+04 1.5550000E+04 4.4050000E+03 1.4390000E+03
 5.2040000E+02 2.0310000E+02 8.3960000E+01 3.6200000E+01 1.5830000E+01
 6.3340000E+00 2.6940000E+00 9.7680000E-01 4.3130000E-01 1.6250000E-01

 .79878E-4   -.226E-4   .6842E-5       .0E0       .0E0 
 .47165E-3 -.13338E-3  .40361E-4       .0E0       .0E0 
 .22436E-2 -.63733E-3  .19307E-3       .0E0       .0E0 
 .89104E-2 -.25343E-2  .76709E-3       .0E0       .0E0 
 .30492E-1 -.88383E-2  .26833E-2       .0E0       .0E0 
 .89369E-1  -.2667E-1  .81068E-2       .0E0       .0E0 
  .21279E0  -.6967E-1   .2141E-1       .0E0       .0E0 
  .36459E0  -.14255E0   .4448E-1       .0E0       .0E0 
  .33793E0  -.19793E0  .64676E-1       .0E0       .0E0 
  .10071E0 -.14375E-1  .42091E-2       .0E0       .0E0 
 .30681E-2   .50371E0   -.2093E0       .0E0       .0E0 
 .10379E-2   .55832E0  -.40327E0       .0E0       .0E0 
-.36983E-3    .768E-1  .82855E-1   .99995E0       .0E0 
  .1522E-3 -.80362E-2   .72563E0       .0E0       .0E0 
-.50281E-4  .22358E-2   .38948E0       .0E0   .99999E0 

 6.6330000E+02 1.5680000E+02 4.9980000E+01 1.8420000E+01 7.2400000E+00
 2.9220000E+00 1.0220000E+00 3.8180000E-01 1.3010000E-01

 .25855E-2 -.70129E-3       .0E0       .0E0 
 .19638E-1 -.53107E-2       .0E0       .0E0 
 .89321E-1 -.24925E-1       .0E0       .0E0 
  .25664E0 -.72963E-1       .0E0       .0E0 
   .4366E0  -.13387E0       .0E0       .0E0 
   .3493E0 -.94019E-1       .0E0       .0E0 
 .58346E-1   .26277E0    .9999E0       .0E0 
-.45524E-2   .56405E0       .0E0       .0E0 
 .22627E-2   .34132E0       .0E0   .99999E0 

 1.0460000E+00 3.4400000E-01

  .99998E0       .0E0 
      .0E0   .99995E0 

 7.0600000E-01

  .99996E0 

AR:cc-pVTZ(pt/sf/lc)
EMSL BASIS SET LIBRARY

  4
    0    1    2    3
    5    4    2    1
   15    9    2    1

 5.4500000E+05 8.1640000E+04 1.8580000E+04 5.2610000E+03 1.7170000E+03
 6.1990000E+02 2.4160000E+02 9.9790000E+01 4.3150000E+01 1.9140000E+01
 7.4880000E+00 3.2050000E+00 1.1960000E+00 5.2040000E-01 1.9540000E-01

 .78419E-4 -.22497E-4  .70355E-5       .0E0       .0E0 
 .44911E-3 -.12875E-3  .40248E-4       .0E0       .0E0 
 .21099E-2 -.60793E-3  .19025E-3       .0E0       .0E0 
 .83324E-2 -.24014E-2  .75088E-3       .0E0       .0E0 
  .2853E-1 -.83824E-2   .2629E-2       .0E0       .0E0 
 .84082E-1 -.25356E-1  .79615E-2       .0E0       .0E0 
  .20278E0 -.66954E-1  .21252E-1       .0E0       .0E0 
  .35613E0  -.13876E0  .44705E-1       .0E0       .0E0 
  .34632E0  -.20037E0  .67567E-1       .0E0       .0E0 
  .11647E0 -.35458E-1  .12013E-1       .0E0       .0E0 
 .54976E-2    .4897E0  -.21094E0       .0E0       .0E0 
  .4739E-3    .5731E0  -.42209E0       .0E0       .0E0 
-.14435E-3  .85277E-1    .784E-1   .99994E0       .0E0 
 .27663E-4 -.70061E-2   .73376E0       .0E0       .0E0 
-.22565E-4  .22426E-2   .39032E0       .0E0   .99999E0 

 7.6180000E+02 1.8020000E+02 5.7500000E+01 2.1240000E+01 8.3880000E+00
 3.4160000E+00 1.2060000E+00 4.5230000E-01 1.5450000E-01

 .25746E-2 -.72496E-3       .0E0       .0E0 
 .19503E-1 -.54654E-2       .0E0       .0E0 
 .89022E-1  -.2583E-1       .0E0       .0E0 
  .25712E0 -.75913E-1       .0E0       .0E0 
  .43835E0  -.14096E0       .0E0       .0E0 
  .34633E0 -.92319E-1       .0E0       .0E0 
 .56418E-1   .28349E0   .99989E0       .0E0 
-.52029E-2   .56175E0       .0E0       .0E0 
 .16342E-2   .32501E0       .0E0   .99998E0 

 1.2540000E+00 4.1000000E-01

  .99998E0       .0E0 
      .0E0   .99994E0 

 8.9000000E-01

  .99995E0 

GA:cc-pVTZ(pt/sf/lc)
EMSL BASIS SET LIBRARY

  4
    0    1    2    3
    6    5    3    1
   20   13    9    1

 6.5581573E+06 9.8202534E+05 2.2346769E+05 6.3288291E+04 2.0642940E+04
 7.4505224E+03 2.9050744E+03 1.2042100E+03 5.2430454E+02 2.3746563E+02
 1.1057866E+02 5.1374624E+01 2.4440846E+01 1.1768591E+01 5.3421190E+00
 2.4950360E+00 1.0987730E+00 2.6018000E-01 1.2707900E-01 5.4408000E-02

 .45141E-4 -.14339E-4  .54894E-5  -.1287E-5       .0E0       .0E0 
 .16632E-3  -.5299E-4  .20299E-4  -.4761E-5       .0E0       .0E0 
  .5989E-3 -.19143E-3  .73331E-4 -.17189E-4       .0E0       .0E0 
 .19933E-2 -.63896E-3    .245E-3 -.57494E-4       .0E0       .0E0 
   .629E-2 -.20272E-2  .77714E-3  -.1821E-3       .0E0       .0E0 
 .18494E-1 -.60146E-2  .23111E-2 -.54275E-3       .0E0       .0E0 
 .50006E-1 -.16645E-1  .64048E-2 -.15007E-2       .0E0       .0E0 
  .12019E0 -.41982E-1  .16285E-1 -.38319E-2       .0E0       .0E0 
   .2402E0 -.93439E-1  .36657E-1  -.8603E-2       .0E0       .0E0 
   .3487E0  -.16787E0  .68054E-1 -.16135E-1       .0E0       .0E0 
  .28207E0  -.19233E0  .81636E-1 -.19266E-1       .0E0       .0E0 
 .77245E-1  .31845E-1  -.1524E-1  .33012E-2       .0E0       .0E0 
 .71281E-3   .50676E0  -.31454E0  .79742E-1       .0E0       .0E0 
 .15083E-2    .5118E0  -.47055E0   .12254E0       .0E0       .0E0 
-.70492E-3   .10125E0   .12079E0 -.37228E-1       .0E0       .0E0 
 .29034E-3 -.52075E-3   .73349E0  -.26231E0       .0E0       .0E0 
-.12144E-3  .19517E-2   .40467E0  -.26829E0       .0E0       .0E0 
 .47584E-4 -.41419E-3  .16932E-1   .34486E0       .0E0       .0E0 
-.35198E-4  .30592E-3 -.67029E-2   .56888E0   .99999E0       .0E0 
 .10079E-4 -.88199E-4  .15198E-2   .26375E0       .0E0       .1E1 

 8.0501674E+03 1.9075361E+03 6.1862746E+02 2.3532417E+02 9.8899646E+01
 4.4248215E+01 2.0617429E+01 9.7805160E+00 4.4412380E+00 1.9640450E+00
 8.3357800E-01 1.9344500E-01 5.6117000E-02

 .55627E-3  -.2122E-3  .34976E-4       .0E0       .0E0 
 .33318E-2 -.12728E-2  .20504E-3       .0E0       .0E0 
 .16591E-1 -.64136E-2  .10643E-2       .0E0       .0E0 
 .62649E-1 -.24636E-1  .39674E-2       .0E0       .0E0 
  .17671E0 -.72538E-1  .12176E-1       .0E0       .0E0 
  .34217E0  -.14743E0  .23641E-1       .0E0       .0E0 
  .38627E0  -.17463E0  .31009E-1       .0E0       .0E0 
  .18016E0   .4266E-1 -.14921E-1       .0E0       .0E0 
 .21268E-1   .42734E0 -.73776E-1       .0E0       .0E0 
 .11145E-2   .49149E0  -.12637E0       .0E0       .0E0 
 .27522E-3   .17514E0  .20253E-1       .0E0       .0E0 
 .10849E-4  .60684E-2   .50702E0   .99997E0       .0E0 
-.36924E-5 -.70551E-3    .5992E0       .0E0   .99999E0 

 2.4414741E+02 7.3067595E+01 2.7592081E+01 1.1546518E+01 5.0486280E+00
 2.1784650E+00 9.0025300E-01 3.3732700E-01 1.1690000E-01

 .21105E-2       .0E0       .0E0 
 .16614E-1       .0E0       .0E0 
  .7014E-1       .0E0       .0E0 
  .18994E0       .0E0       .0E0 
  .32396E0       .0E0       .0E0 
   .3667E0       .0E0       .0E0 
  .27729E0       .0E0       .0E0 
 .96423E-1   .99996E0       .0E0 
 .37655E-2       .0E0   .99998E0 

 2.8810000E-01

  .99998E0 

GE:cc-pVTZ(pt/sf/lc)
EMSL BASIS SET LIBRARY

  4
    0    1    2    3
    6    5    3    1
   20   13    9    1

 7.4479668E+06 1.1153182E+06 2.5384265E+05 7.1915285E+04 2.3470181E+04
 8.4774918E+03 3.3083908E+03 1.3726054E+03 5.9822007E+02 2.7138602E+02
 1.2697795E+02 6.0222065E+01 2.8018582E+01 1.3517522E+01 6.3094060E+00
 2.9045340E+00 1.2875560E+00 3.3655200E-01 1.6773200E-01 7.1069000E-02

 .45477E-4 -.14516E-4  .56158E-5 -.14506E-5       .0E0       .0E0 
 .16396E-3 -.52495E-4  .20317E-4 -.52497E-5       .0E0       .0E0 
  .5796E-3 -.18624E-3  .72104E-4 -.18622E-4       .0E0       .0E0 
 .18991E-2 -.61182E-3  .23699E-3 -.61264E-4       .0E0       .0E0 
 .59277E-2 -.19211E-2  .74451E-3 -.19223E-3       .0E0       .0E0 
 .17308E-1  -.5653E-2  .21937E-2 -.56749E-3       .0E0       .0E0 
 .46673E-1   -.156E-1  .60686E-2 -.15669E-2       .0E0       .0E0 
  .11257E0 -.39306E-1  .15386E-1 -.39874E-2       .0E0       .0E0 
   .2279E0 -.88212E-1  .34966E-1  -.9044E-2       .0E0       .0E0 
  .34134E0   -.1608E0  .65568E-1 -.17115E-1       .0E0       .0E0 
  .29453E0   -.1964E0  .84119E-1 -.21903E-1       .0E0       .0E0 
 .94089E-1 -.42263E-2  .11512E-2 -.62668E-3       .0E0       .0E0 
 .38612E-2    .4725E0  -.28719E0  .79993E-1       .0E0       .0E0 
 .96496E-3   .53948E0  -.49052E0   .14133E0       .0E0       .0E0 
-.45376E-3   .12778E0  .44676E-1 -.16716E-1       .0E0       .0E0 
 .16532E-3   .1895E-2   .73134E0  -.28626E0       .0E0       .0E0 
-.84265E-4  .18913E-2   .45366E0  -.32302E0       .0E0       .0E0 
 .34828E-4 -.41492E-3  .22908E-1   .33021E0   .99997E0       .0E0 
-.24493E-4  .28661E-3 -.79735E-2   .60094E0       .0E0       .0E0 
  .6673E-5 -.80055E-4  .17046E-2   .26957E0       .0E0       .1E1 

 6.9795982E+03 1.6541648E+03 5.3602865E+02 2.0353713E+02 8.5237530E+01
 3.7841962E+01 1.7406512E+01 7.8814920E+00 3.5332130E+00 1.5214730E+00
 5.6270400E-01 1.9909300E-01 6.7031000E-02

  .7668E-3 -.29654E-3   .5819E-4       .0E0       .0E0 
 .47024E-2  -.1831E-2    .358E-3       .0E0       .0E0 
  .2322E-1 -.91157E-2  .17935E-2       .0E0       .0E0 
 .85164E-1   -.344E-1  .67485E-2       .0E0       .0E0 
  .22588E0 -.95015E-1   .1886E-1       .0E0       .0E0 
  .39035E0   -.1758E0  .34823E-1       .0E0       .0E0 
  .35115E0   -.1422E0  .28356E-1       .0E0       .0E0 
  .10417E0   .19343E0 -.48559E-1       .0E0       .0E0 
 .35935E-2   .52745E0  -.12445E0       .0E0       .0E0 
 .18477E-2   .39063E0  -.11798E0       .0E0       .0E0 
-.39328E-3  .55112E-1   .14459E0   .99995E0       .0E0 
 .18126E-3 -.29975E-2   .55351E0       .0E0       .0E0 
-.58388E-4  .12701E-2   .46222E0       .0E0   .99999E0 

 2.8223911E+02 8.4549957E+01 3.2073656E+01 1.3497495E+01 5.9585500E+00
 2.6107880E+00 1.1039870E+00 4.2404900E-01 1.5200000E-01

 .19162E-2       .0E0       .0E0 
 .15296E-1       .0E0       .0E0 
 .65902E-1       .0E0       .0E0 
  .18286E0       .0E0       .0E0 
  .32136E0       .0E0       .0E0 
  .37174E0       .0E0       .0E0 
  .27801E0       .0E0       .0E0 
  .8926E-1   .99995E0       .0E0 
 .30215E-2       .0E0   .99998E0 

 3.4580000E-01

  .99998E0 

AS:cc-pVTZ(pt/sf/lc)
EMSL BASIS SET LIBRARY

  4
    0    1    2    3
    6    5    3    1
   20   13    9    1

 8.4823396E+06 1.2701509E+06 2.8905696E+05 8.1879849E+04 2.6716564E+04
 9.6475842E+03 3.7641195E+03 1.5615656E+03 6.8081467E+02 3.0924119E+02
 1.4525736E+02 6.9739048E+01 3.1770325E+01 1.5391757E+01 7.3415260E+00
 3.3237160E+00 1.4858670E+00 4.2108600E-01 2.1150000E-01 8.8974000E-02

 .45644E-4 -.14639E-4  .57228E-5 -.15883E-5       .0E0       .0E0 
 .16117E-3 -.51845E-4  .20274E-4 -.56287E-5       .0E0       .0E0 
 .55951E-3  -.1807E-3  .70705E-4 -.19622E-4       .0E0       .0E0 
 .18055E-2 -.58449E-3  .22874E-3  -.6353E-4       .0E0       .0E0 
 .55782E-2 -.18175E-2  .71203E-3 -.19756E-3       .0E0       .0E0 
  .1619E-1 -.53105E-2  .20815E-2 -.57849E-3       .0E0       .0E0 
 .43578E-1 -.14623E-1   .5751E-2 -.15958E-2       .0E0       .0E0 
  .10548E0 -.36831E-1  .14552E-1 -.40511E-2       .0E0       .0E0 
  .21611E0 -.83265E-1  .33348E-1 -.92704E-2       .0E0       .0E0 
  .33301E0  -.15384E0  .63124E-1 -.17694E-1       .0E0       .0E0 
   .3051E0   -.1983E0  .85659E-1  -.2399E-1       .0E0       .0E0 
  .11203E0 -.34243E-1  .14764E-1 -.44812E-2       .0E0       .0E0 
  .7464E-2   .43753E0  -.26202E0  .78271E-1       .0E0       .0E0 
 .30747E-3   .55861E0  -.50184E0   .15576E0       .0E0       .0E0 
-.14399E-3   .15553E0 -.19543E-1  .40791E-2       .0E0       .0E0 
 .20421E-4  .49943E-2   .72297E0  -.30364E0       .0E0       .0E0 
-.33459E-4  .16774E-2   .49368E0  -.37077E0       .0E0       .0E0 
 .13187E-4 -.35863E-3  .28938E-1   .31191E0   .99997E0       .0E0 
-.85486E-5   .2282E-3 -.87756E-2   .63086E0       .0E0       .0E0 
 .23518E-5 -.64821E-4  .18322E-2   .27815E0       .0E0       .1E1 

 7.4238614E+03 1.7595166E+03 5.7022916E+02 2.1657997E+02 9.0734252E+01
 4.0308791E+01 1.8555502E+01 8.3965430E+00 3.7673670E+00 1.6297010E+00
 5.6826300E-01 2.2250300E-01 8.0405000E-02

 .79279E-3 -.31121E-3  .68719E-4       .0E0       .0E0 
  .4784E-2 -.18913E-2  .41849E-3       .0E0       .0E0 
 .23513E-1 -.93726E-2  .20726E-2       .0E0       .0E0 
 .86006E-1 -.35293E-1  .78448E-2       .0E0       .0E0 
  .22766E0 -.97319E-1  .21689E-1       .0E0       .0E0 
   .3918E0  -.17953E0  .40516E-1       .0E0       .0E0 
  .34893E0   -.1415E0  .30852E-1       .0E0       .0E0 
  .10183E0   .20433E0 -.56212E-1       .0E0       .0E0 
 .32689E-2   .53768E0   -.1511E0       .0E0       .0E0 
 .17737E-2    .3786E0  -.11898E0       .0E0       .0E0 
-.42528E-3  .45387E-1   .21761E0   .99995E0       .0E0 
 .21419E-3  -.4673E-2   .54871E0       .0E0       .0E0 
-.70066E-4  .17052E-2   .39768E0       .0E0   .99999E0 

 3.2101961E+02 9.6249305E+01 3.6644963E+01 1.5493965E+01 6.8911380E+00
 3.0548310E+00 1.3142410E+00 5.1343000E-01 1.8770000E-01

 .17783E-2       .0E0       .0E0 
 .14334E-1       .0E0       .0E0 
  .6277E-1       .0E0       .0E0 
  .17752E0       .0E0       .0E0 
  .31955E0       .0E0       .0E0 
  .37608E0       .0E0       .0E0 
  .27784E0       .0E0       .0E0 
 .83519E-1   .99994E0       .0E0 
 .25354E-2       .0E0   .99998E0 

 4.1580000E-01

  .99998E0 

SE:cc-pVTZ(pt/sf/lc)
EMSL BASIS SET LIBRARY

  4
    0    1    2    3
    6    5    3    1
   20   13    9    1

 9.5636000E+06 1.4321000E+06 3.2591000E+05 9.2312000E+04 3.0116000E+04
 1.0872000E+04 4.2401000E+03 1.7584000E+03 7.6659000E+02 3.4843000E+02
 1.6403000E+02 7.9142000E+01 3.5524000E+01 1.7305000E+01 8.3784000E+00
 3.7405000E+00 1.6890000E+00 5.0927000E-01 2.5520000E-01 1.0651000E-01

 .46125E-4 -.14861E-4  .58697E-5 -.17236E-5       .0E0       .0E0 
  .1598E-3  -.5164E-4  .20401E-4 -.59926E-5       .0E0       .0E0 
 .54538E-3 -.17699E-3  .69977E-4 -.20547E-4       .0E0       .0E0 
 .17339E-2 -.56402E-3  .22297E-3 -.65522E-4       .0E0       .0E0 
 .53026E-2 -.17365E-2  .68755E-3 -.20184E-3       .0E0       .0E0 
 .15296E-1 -.50395E-2   .1995E-2 -.58664E-3       .0E0       .0E0 
 .41084E-1 -.13841E-1  .55019E-2 -.16153E-2       .0E0       .0E0 
  .9971E-1  -.3485E-1  .13898E-1 -.40938E-2       .0E0       .0E0 
  .20626E0 -.79225E-1  .32053E-1 -.94274E-2       .0E0       .0E0 
  .32523E0  -.14806E0  .61175E-1 -.18141E-1       .0E0       .0E0 
  .31306E0  -.19879E0  .86593E-1 -.25662E-1       .0E0       .0E0 
  .12803E0  -.5672E-1  .25042E-1 -.78204E-2       .0E0       .0E0 
 .10877E-1   .40664E0   -.2416E0   .7637E-1       .0E0       .0E0 
-.31479E-3   .56986E0  -.50712E0   .16665E0       .0E0       .0E0 
 .14947E-3   .18103E0 -.70115E-1   .2308E-1       .0E0       .0E0 
-.11171E-3  .81929E-2   .71272E0  -.31829E0       .0E0       .0E0 
 .19065E-4  .13721E-2   .52389E0   -.4109E0       .0E0       .0E0 
-.10973E-4  -.2672E-3  .34276E-1   .30335E0   .99997E0       .0E0 
 .78059E-5  .14959E-3 -.90638E-2   .65798E0       .0E0       .0E0 
-.17552E-5 -.47004E-4  .19054E-2   .27764E0       .0E0   .99999E0 

 8.0043000E+03 1.8969000E+03 6.1471000E+02 2.3350000E+02 9.7856000E+01
 4.3514000E+01 2.0063000E+01 9.1127000E+00 4.1063000E+00 1.7949000E+00
 6.2432000E-01 2.4615000E-01 8.8917000E-02

 .80242E-3 -.31962E-3  .76999E-4       .0E0       .0E0 
 .47517E-2 -.19059E-2  .46123E-3       .0E0       .0E0 
  .2326E-1 -.94095E-2  .22689E-2       .0E0       .0E0 
 .85067E-1 -.35414E-1   .8615E-2       .0E0       .0E0 
  .22585E0 -.98004E-1   .2381E-1       .0E0       .0E0 
  .39051E0  -.18159E0  .44977E-1       .0E0       .0E0 
  .35032E0  -.14471E0  .34028E-1       .0E0       .0E0 
  .10401E0   .20323E0 -.60725E-1       .0E0       .0E0 
 .35786E-2   .54198E0  -.17169E0       .0E0       .0E0 
 .17235E-2   .37605E0  -.12371E0       .0E0       .0E0 
-.42401E-3  .42703E-1   .26987E0   .99994E0       .0E0 
 .20576E-3 -.44609E-2   .56738E0       .0E0       .0E0 
 -.6916E-4  .17138E-2   .33387E0       .0E0   .99999E0 

 3.6185000E+02 1.0855000E+02 4.1433000E+01 1.7579000E+01 7.8627000E+00
 3.5180000E+00 1.5348000E+00 6.0813000E-01 2.2200000E-01

 .16649E-2       .0E0       .0E0 
  .1353E-1       .0E0       .0E0 
 .60169E-1       .0E0       .0E0 
  .17313E0       .0E0       .0E0 
  .31815E0       .0E0       .0E0 
  .37985E0       .0E0       .0E0 
  .27731E0       .0E0       .0E0 
 .79137E-1   .99993E0       .0E0 
 .22891E-2       .0E0   .99997E0 

 4.6200000E-01

  .99997E0 

BR:cc-pVTZ(pt/sf/lc)
EMSL BASIS SET LIBRARY

  4
    0    1    2    3
    6    5    3    1
   20   13    9    1

 1.0639000E+07 1.5934000E+06 3.6261000E+05 1.0270000E+05 3.3501000E+04
 1.2093000E+04 4.7159000E+03 1.9556000E+03 8.5261000E+02 3.8767000E+02
 1.8268000E+02 8.8245000E+01 3.9263000E+01 1.9234000E+01 9.4057000E+00
 4.1601000E+00 1.8995000E+00 6.0472000E-01 3.0114000E-01 1.2515000E-01

  .4705E-4 -.15227E-4  .60742E-5  -.1867E-5       .0E0       .0E0 
 .16024E-3 -.52017E-4  .20754E-4  -.6381E-5       .0E0       .0E0 
 .53844E-3 -.17555E-3  .70111E-4 -.21548E-4       .0E0       .0E0 
 .16879E-2 -.55171E-3  .22026E-3  -.6775E-4       .0E0       .0E0 
 .51106E-2  -.1682E-2  .67277E-3 -.20673E-3       .0E0       .0E0 
 .14644E-1  -.4847E-2  .19376E-2 -.59638E-3       .0E0       .0E0 
 .39212E-1 -.13265E-1   .5327E-2  -.1637E-2       .0E0       .0E0 
 .95262E-1 -.33362E-1  .13429E-1 -.41406E-2       .0E0       .0E0 
  .19845E0 -.76112E-1  .31098E-1 -.95734E-2       .0E0       .0E0 
  .31854E0  -.14356E0  .59769E-1 -.18551E-1       .0E0       .0E0 
  .31878E0  -.19864E0  .87245E-1 -.27066E-1       .0E0       .0E0 
  .14116E0 -.73211E-1  .32739E-1 -.10603E-1       .0E0       .0E0 
 .13879E-1   .38075E0   -.2256E0  .74702E-1       .0E0       .0E0 
-.83975E-3   .57614E0  -.50937E0   .17532E0       .0E0       .0E0 
  .3967E-3   .20316E0  -.11024E0  .39817E-1       .0E0       .0E0 
 -.2219E-3  .11201E-1   .70214E0  -.33043E0       .0E0       .0E0 
 .67537E-4  .10415E-2   .54729E0  -.44592E0       .0E0       .0E0 
-.33661E-4 -.16947E-3  .39253E-1   .29628E0   .99996E0       .0E0 
 .21974E-4  .71167E-4 -.89706E-2   .68083E0       .0E0       .0E0 
 -.5155E-5 -.30957E-4   .1942E-2   .27827E0       .0E0   .99999E0 

 8.6765000E+03 2.0559000E+03 6.6623000E+02 2.5310000E+02 1.0612000E+02
 4.7242000E+01 2.1825000E+01 9.9684000E+00 4.5171000E+00 1.9982000E+00
 7.0988000E-01 2.8145000E-01 1.0204000E-01

 .80473E-3 -.32505E-3  .83844E-4       .0E0       .0E0 
  .4668E-2 -.18981E-2  .49221E-3       .0E0       .0E0 
 .22757E-1 -.93362E-2    .241E-2       .0E0       .0E0 
 .83278E-1 -.35135E-1  .91617E-2       .0E0       .0E0 
  .22224E0  -.9779E-1  .25437E-1       .0E0       .0E0 
  .38778E0  -.18269E0  .48565E-1       .0E0       .0E0 
  .35346E0  -.14987E0  .37694E-1       .0E0       .0E0 
  .10852E0   .19594E0 -.63086E-1       .0E0       .0E0 
 .42275E-2   .54337E0   -.1879E0       .0E0       .0E0 
 .16958E-2   .37913E0  -.13185E0       .0E0       .0E0 
-.42861E-3  .43395E-1   .29772E0   .99993E0       .0E0 
 .19806E-3 -.40366E-2   .57235E0       .0E0       .0E0 
-.68977E-4  .17124E-2   .30636E0       .0E0   .99999E0 

 4.0383000E+02 1.2117000E+02 4.6345000E+01 1.9721000E+01 8.8624000E+00
 3.9962000E+00 1.7636000E+00 7.0619000E-01 2.6390000E-01

 .15782E-2       .0E0       .0E0 
 .12905E-1       .0E0       .0E0 
 .58134E-1       .0E0       .0E0 
  .16969E0       .0E0       .0E0 
  .31717E0       .0E0       .0E0 
  .38308E0       .0E0       .0E0 
  .27641E0       .0E0       .0E0 
 .75359E-1   .99992E0       .0E0 
 .20717E-2       .0E0   .99997E0 

 5.5150000E-01

  .99997E0 

KR:cc-pVTZ(pt/sf/lc)
EMSL BASIS SET LIBRARY

  4
    0    1    2    3
    6    5    3    1
   20   13    9    1

 1.1718113E+07 1.7546044E+06 3.9928132E+05 1.1308457E+05 3.6885925E+04
 1.3312209E+04 5.1899883E+03 2.1516597E+03 9.3803251E+02 4.2655732E+02
 2.0106660E+02 9.7097605E+01 4.2998724E+01 2.1177075E+01 1.0426752E+01
 4.5850080E+00 2.1176030E+00 7.0705700E-01 3.4922500E-01 1.4482100E-01

 .48312E-4 -.15704E-4  .63245E-5 -.20191E-5       .0E0       .0E0 
 .16207E-3 -.52842E-4  .21284E-4 -.67971E-5       .0E0       .0E0 
  .5367E-3 -.17579E-3  .70882E-4 -.22628E-4       .0E0       .0E0 
   .166E-2 -.54516E-3  .21972E-3 -.70199E-4       .0E0       .0E0 
 .49777E-2 -.16463E-2  .66491E-3 -.21222E-3       .0E0       .0E0 
 .14171E-1 -.47124E-2  .19016E-2 -.60795E-3       .0E0       .0E0 
 .37822E-1  -.1285E-1  .52108E-2 -.16633E-2       .0E0       .0E0 
 .91891E-1  -.3227E-1  .13109E-1 -.41982E-2       .0E0       .0E0 
  .19237E0 -.73774E-1   .3043E-1   -.973E-2       .0E0       .0E0 
  .31301E0  -.14014E0  .58808E-1 -.18959E-1       .0E0       .0E0 
  .32281E0  -.19825E0  .87791E-1 -.28293E-1       .0E0       .0E0 
  .15164E0 -.85354E-1  .38555E-1 -.12914E-1       .0E0       .0E0 
 .16451E-1   .35944E0  -.21313E0  .73388E-1       .0E0       .0E0 
-.12587E-2   .57936E0  -.51032E0   .18258E0       .0E0       .0E0 
 .59336E-3   .22202E0  -.14249E0  .54534E-1       .0E0       .0E0 
-.31073E-3  .13917E-1   .69253E0  -.34112E0       .0E0       .0E0 
 .11023E-3  .72066E-3   .56542E0   -.4767E0       .0E0       .0E0 
-.53503E-4 -.81804E-4  .43884E-1   .29128E0   .99996E0       .0E0 
 .33359E-4  .29016E-5 -.86056E-2   .70013E0       .0E0       .0E0 
   -.78E-5 -.18414E-4  .19545E-2   .27904E0       .0E0   .99999E0 

 9.3663090E+03 2.2195543E+03 7.1945288E+02 2.7346446E+02 1.1475225E+02
 5.1155569E+01 2.3682676E+01 1.0875484E+01 4.9551310E+00 2.2172670E+00
 8.0641000E-01 3.2215400E-01 1.1761900E-01

  .8101E-3 -.33173E-3  .89862E-4       .0E0       .0E0 
 .46023E-2 -.18966E-2  .51675E-3       .0E0       .0E0 
 .22322E-1 -.92848E-2   .2517E-2       .0E0       .0E0 
 .81641E-1 -.34899E-1  .95639E-2       .0E0       .0E0 
  .21876E0 -.97582E-1  .26664E-1       .0E0       .0E0 
  .38493E0  -.18367E0  .51371E-1       .0E0       .0E0 
  .35632E0  -.15488E0  .40944E-1       .0E0       .0E0 
  .11303E0   .18868E0 -.64409E-1       .0E0       .0E0 
 .49149E-2   .54452E0  -.20117E0       .0E0       .0E0 
 .16636E-2   .38254E0    -.139E0       .0E0       .0E0 
-.42584E-3  .44202E-1    .3164E0   .99993E0       .0E0 
 .20475E-3 -.44382E-2   .57248E0       .0E0       .0E0 
-.62163E-4  .12988E-2   .29215E0       .0E0   .99999E0 

 4.4616133E+02 1.3396477E+02 5.1345907E+01 2.1916906E+01 9.8937250E+00
 4.4925270E+00 2.0022930E+00 8.0840900E-01 3.0060000E-01

 .15155E-2       .0E0       .0E0 
 .12433E-1       .0E0       .0E0 
 .56553E-1       .0E0       .0E0 
  .16691E0       .0E0       .0E0 
  .31632E0       .0E0       .0E0 
  .38577E0       .0E0       .0E0 
  .27537E0       .0E0       .0E0 
 .72216E-1   .99991E0       .0E0 
 .18984E-2       .0E0   .99996E0 

 6.6220000E-01

  .99996E0 




