!  cc-pVQZ(fi/sf/lc)  EMSL  Basis Set Exchange Library   3/19/13 3:58 PM
! Original cc- basis sets:
! T.H. Dunning, Jr. J. Chem. Phys. 90, 1007 (1989).
! D.E. Woon and T.H. Dunning, Jr. J. Chem. Phys. 100, 2975 (1994).
! T.H. Dunning, Jr. J. Chem. Phys. 90, 1007 (1989).
! D.E. Woon and T.H. Dunning, Jr.  (to be published)
! D.E. Woon and T.H. Dunning, Jr.  J. Chem. Phys. 98, 1358 (1993).
! Recontraction:
! K. G. Dyall, in preparation.
!   


H:cc-pVQZ(fi/sf/lc)
EMSL BASIS SET LIBRARY

  4
    0    1    2    3
    4    3    2    1
    6    3    2    1

 8.2640000E+01 1.2410000E+01 2.8240000E+00 7.9770000E-01 2.5810000E-01
 8.9890000E-02

 .20073E-2       .0E0       .0E0       .0E0 
 .15346E-1       .0E0       .0E0       .0E0 
 .75586E-1       .0E0       .0E0       .0E0 
  .25688E0   .99994E0       .0E0       .0E0 
  .49736E0       .0E0   .99998E0       .0E0 
  .29612E0       .0E0       .0E0   .99999E0 

 2.2920000E+00 8.3800000E-01 2.9200000E-01

  .99999E0       .0E0       .0E0 
      .0E0   .99992E0       .0E0 
      .0E0       .0E0   .99997E0 

 2.0620000E+00 6.6200000E-01

  .99997E0       .0E0 
      .0E0    .9999E0 

 1.3970000E+00

  .99992E0 

HE:cc-pVQZ(fi/sf/lc)
EMSL BASIS SET LIBRARY

  4
    0    1    2    3
    4    3    2    1
    7    3    2    1

 5.2850000E+02 7.9310000E+01 1.8050000E+01 5.0850000E+00 1.6090000E+00
 5.3630000E-01 1.8330000E-01

 .94203E-3       .0E0       .0E0       .0E0 
 .72202E-2       .0E0       .0E0       .0E0 
  .3599E-1       .0E0       .0E0       .0E0 
   .1278E0       .0E0       .0E0       .0E0 
  .30848E0    .9999E0       .0E0       .0E0 
  .45303E0       .0E0   .99997E0       .0E0 
  .23886E0       .0E0       .0E0   .99999E0 

 5.9940000E+00 1.7450000E+00 5.6000000E-01

  .99998E0       .0E0       .0E0 
      .0E0    .9998E0       .0E0 
      .0E0       .0E0   .99994E0 

 4.2990000E+00 1.2230000E+00

  .99994E0       .0E0 
      .0E0    .9998E0 

 2.6800000E+00

  .99984E0 

B:cc-pVQZ(fi/sf/lc)
EMSL BASIS SET LIBRARY

  5
    0    1    2    3    4
    5    4    3    2    1
   12    6    3    2    1

 2.3870000E+04 3.5750000E+03 8.1280000E+02 2.2970000E+02 7.4690000E+01
 2.6810000E+01 1.0320000E+01 4.1780000E+00 1.7270000E+00 4.7040000E-01
 1.8960000E-01 7.3940000E-02

 .92004E-4 -.18552E-4       .0E0       .0E0       .0E0 
  .6974E-3 -.14146E-3       .0E0       .0E0       .0E0 
 .36278E-2 -.73142E-3       .0E0       .0E0       .0E0 
  .1501E-1 -.30778E-2       .0E0       .0E0       .0E0 
 .51542E-1  -.1061E-1       .0E0       .0E0       .0E0 
  .14343E0 -.31413E-1       .0E0       .0E0       .0E0 
  .30097E0  -.7105E-1       .0E0       .0E0       .0E0 
  .40335E0  -.13214E0       .0E0       .0E0       .0E0 
  .22513E0  -.12285E0       .0E0       .0E0       .0E0 
 .15384E-1   .26221E0   .99997E0       .0E0       .0E0 
-.39484E-2   .58655E0       .0E0   .99999E0       .0E0 
 .11221E-2   .29018E0       .0E0       .0E0       .1E1 

 2.2260000E+01 5.0580000E+00 1.4870000E+00 5.0710000E-01 1.8120000E-01
 6.4630000E-02

 .51067E-2       .0E0       .0E0       .0E0 
 .33215E-1       .0E0       .0E0       .0E0 
   .1323E0       .0E0       .0E0       .0E0 
  .33175E0   .99995E0       .0E0       .0E0 
  .47202E0       .0E0   .99998E0       .0E0 
  .25811E0       .0E0       .0E0   .99999E0 

 1.1100000E+00 4.0200000E-01 1.4500000E-01

  .99999E0       .0E0       .0E0 
      .0E0   .99995E0       .0E0 
      .0E0       .0E0   .99998E0 

 8.8200000E-01 3.1100000E-01

  .99998E0       .0E0 
      .0E0   .99995E0 

 6.7300000E-01

  .99995E0 

C:cc-pVQZ(fi/sf/lc)
EMSL BASIS SET LIBRARY

  5
    0    1    2    3    4
    5    4    3    2    1
   12    6    3    2    1

 3.3980000E+04 5.0890000E+03 1.1570000E+03 3.2660000E+02 1.0610000E+02
 3.8110000E+01 1.4750000E+01 6.0350000E+00 2.5300000E+00 7.3550000E-01
 2.9050000E-01 1.1110000E-01

 .95938E-4 -.20471E-4       .0E0       .0E0       .0E0 
 .71939E-3 -.15442E-3       .0E0       .0E0       .0E0 
 .37343E-2 -.79683E-3       .0E0       .0E0       .0E0 
  .1545E-1 -.33548E-2       .0E0       .0E0       .0E0 
 .53089E-1 -.11586E-1       .0E0       .0E0       .0E0 
  .14724E0 -.34324E-1       .0E0       .0E0       .0E0 
  .30569E0 -.77439E-1       .0E0       .0E0       .0E0 
  .39914E0  -.14196E0       .0E0       .0E0       .0E0 
  .21671E0    -.118E0       .0E0       .0E0       .0E0 
 .15785E-1   .27688E0   .99995E0       .0E0       .0E0 
-.30703E-2   .58726E0       .0E0   .99999E0       .0E0 
 .97755E-3   .28188E0       .0E0       .0E0   .99999E0 

 3.4510000E+01 7.9150000E+00 2.3680000E+00 8.1320000E-01 2.8900000E-01
 1.0070000E-01

 .53542E-2       .0E0       .0E0       .0E0 
 .35932E-1       .0E0       .0E0       .0E0 
  .14166E0       .0E0       .0E0       .0E0 
  .33682E0   .99992E0       .0E0       .0E0 
  .45493E0       .0E0   .99997E0       .0E0 
  .26907E0       .0E0       .0E0   .99999E0 

 1.8480000E+00 6.4900000E-01 2.2800000E-01

  .99999E0       .0E0       .0E0 
      .0E0   .99991E0       .0E0 
      .0E0       .0E0   .99997E0 

 1.4190000E+00 4.8500000E-01

  .99997E0       .0E0 
      .0E0   .99992E0 

 1.0110000E+00

  .99993E0 

N:cc-pVQZ(fi/sf/lc)
EMSL BASIS SET LIBRARY

  5
    0    1    2    3    4
    5    4    3    2    1
   12    6    3    2    1

 4.5840000E+04 6.8680000E+03 1.5630000E+03 4.4240000E+02 1.4430000E+02
 5.2180000E+01 2.0340000E+01 8.3810000E+00 3.5290000E+00 1.0540000E+00
 4.1180000E-01 1.5520000E-01

 .99612E-4 -.22045E-4       .0E0       .0E0       .0E0 
 .73806E-3 -.16433E-3       .0E0       .0E0       .0E0 
 .38055E-2 -.84225E-3       .0E0       .0E0       .0E0 
 .15656E-1  -.3528E-2       .0E0       .0E0       .0E0 
 .53369E-1 -.12091E-1       .0E0       .0E0       .0E0 
  .14706E0 -.35679E-1       .0E0       .0E0       .0E0 
  .30476E0  -.8059E-1       .0E0       .0E0       .0E0 
  .39743E0  -.14765E0       .0E0       .0E0       .0E0 
  .21714E0   -.1165E0       .0E0       .0E0       .0E0 
 .16755E-1   .28568E0   .99993E0       .0E0       .0E0 
-.27246E-2   .58703E0       .0E0   .99998E0       .0E0 
 .95531E-3   .27729E0       .0E0       .0E0   .99999E0 

 4.9330000E+01 1.1370000E+01 3.4350000E+00 1.1820000E+00 4.1730000E-01
 1.4280000E-01

 .55004E-2       .0E0       .0E0       .0E0 
 .37715E-1       .0E0       .0E0       .0E0 
   .1479E0       .0E0       .0E0       .0E0 
  .34092E0   .99989E0       .0E0       .0E0 
  .44487E0       .0E0   .99996E0       .0E0 
  .27464E0       .0E0       .0E0   .99999E0 

 2.8370000E+00 9.6800000E-01 3.3500000E-01

  .99998E0       .0E0       .0E0 
      .0E0   .99987E0       .0E0 
      .0E0       .0E0   .99995E0 

 2.0270000E+00 6.8500000E-01

  .99996E0       .0E0 
      .0E0   .99988E0 

 1.4270000E+00

   .9999E0 

O:cc-pVQZ(fi/sf/lc)
EMSL BASIS SET LIBRARY

  5
    0    1    2    3    4
    5    4    3    2    1
   12    6    3    2    1

 6.1420000E+04 9.1990000E+03 2.0910000E+03 5.9090000E+02 1.9230000E+02
 6.9320000E+01 2.6970000E+01 1.1100000E+01 4.6820000E+00 1.4280000E+00
 5.5470000E-01 2.0670000E-01

 .99328E-4 -.22561E-4       .0E0       .0E0       .0E0 
 .72611E-3 -.16592E-3       .0E0       .0E0       .0E0 
 .37368E-2 -.84881E-3       .0E0       .0E0       .0E0 
 .15379E-1 -.35567E-2       .0E0       .0E0       .0E0 
 .52711E-1  -.1226E-1       .0E0       .0E0       .0E0 
  .14627E0 -.36463E-1       .0E0       .0E0       .0E0 
  .30536E0 -.83241E-1       .0E0       .0E0       .0E0 
  .39805E0  -.15238E0       .0E0       .0E0       .0E0 
  .21641E0  -.11478E0       .0E0       .0E0       .0E0 
  .1749E-1   .29126E0   .99991E0       .0E0       .0E0 
-.24887E-2   .58626E0       .0E0   .99997E0       .0E0 
 .95151E-3   .27522E0       .0E0       .0E0   .99999E0 

 6.3420000E+01 1.4660000E+01 4.4590000E+00 1.5310000E+00 5.3020000E-01
 1.7500000E-01

 .60771E-2       .0E0       .0E0       .0E0 
 .41818E-1       .0E0       .0E0       .0E0 
  .16097E0       .0E0       .0E0       .0E0 
  .35498E0   .99985E0       .0E0       .0E0 
  .44546E0       .0E0   .99995E0       .0E0 
  .25119E0       .0E0       .0E0   .99998E0 

 3.7750000E+00 1.3000000E+00 4.4400000E-01

  .99998E0       .0E0       .0E0 
      .0E0   .99982E0       .0E0 
      .0E0       .0E0   .99994E0 

 2.6660000E+00 8.5900000E-01

  .99995E0       .0E0 
      .0E0   .99984E0 

 1.8460000E+00

  .99986E0 

F:cc-pVQZ(fi/sf/lc)
EMSL BASIS SET LIBRARY

  5
    0    1    2    3    4
    5    4    3    2    1
   12    6    3    2    1

 7.4530000E+04 1.1170000E+04 2.5430000E+03 7.2100000E+02 2.3590000E+02
 8.5600000E+01 3.3550000E+01 1.3930000E+01 5.9150000E+00 1.8430000E+00
 7.1240000E-01 2.6370000E-01

 .10752E-3 -.24901E-4       .0E0       .0E0       .0E0 
 .77451E-3 -.18045E-3       .0E0       .0E0       .0E0 
 .39544E-2 -.91608E-3       .0E0       .0E0       .0E0 
 .16134E-1  -.3807E-2       .0E0       .0E0       .0E0 
 .54659E-1 -.12983E-1       .0E0       .0E0       .0E0 
  .14995E0 -.38272E-1       .0E0       .0E0       .0E0 
  .30836E0 -.86432E-1       .0E0       .0E0       .0E0 
  .39422E0  -.15595E0       .0E0       .0E0       .0E0 
  .21035E0  -.10998E0       .0E0       .0E0       .0E0 
 .17069E-1   .30014E0   .99988E0       .0E0       .0E0 
-.20025E-2   .58464E0       .0E0   .99996E0       .0E0 
 .86459E-3   .26993E0       .0E0       .0E0   .99999E0 

 8.0390000E+01 1.8630000E+01 5.6940000E+00 1.9530000E+00 6.7020000E-01
 2.1660000E-01

 .64095E-2       .0E0       .0E0       .0E0 
  .4431E-1       .0E0       .0E0       .0E0 
  .16861E0       .0E0       .0E0       .0E0 
  .36148E0   .99981E0       .0E0       .0E0 
  .44203E0       .0E0   .99994E0       .0E0 
  .24353E0       .0E0       .0E0   .99998E0 

 5.0140000E+00 1.7250000E+00 5.8600000E-01

  .99997E0       .0E0       .0E0 
      .0E0   .99977E0       .0E0 
      .0E0       .0E0   .99992E0 

 3.5620000E+00 1.1480000E+00

  .99993E0       .0E0 
      .0E0   .99979E0 

 2.3760000E+00

  .99983E0 

NE:cc-pVQZ(fi/sf/lc)
EMSL BASIS SET LIBRARY

  5
    0    1    2    3    4
    5    4    3    2    1
   12    6    3    2    1

 9.9920000E+04 1.4960000E+04 3.3990000E+03 9.5890000E+02 3.1120000E+02
 1.1170000E+02 4.3320000E+01 1.7800000E+01 7.5030000E+00 2.3370000E+00
 9.0010000E-01 3.3010000E-01

 .10059E-3 -.23653E-4       .0E0       .0E0       .0E0 
 .71166E-3 -.16836E-3       .0E0       .0E0       .0E0 
   .363E-2 -.85358E-3       .0E0       .0E0       .0E0 
 .14914E-1 -.35714E-2       .0E0       .0E0       .0E0 
 .51412E-1 -.12381E-1       .0E0       .0E0       .0E0 
   .1443E0 -.37282E-1       .0E0       .0E0       .0E0 
  .30473E0  -.8637E-1       .0E0       .0E0       .0E0 
  .39934E0   -.1585E0       .0E0       .0E0       .0E0 
  .21777E0  -.11311E0       .0E0       .0E0       .0E0 
 .18555E-1   .29993E0   .99985E0       .0E0       .0E0 
-.21508E-2   .58532E0       .0E0   .99995E0       .0E0 
 .94537E-3   .27092E0       .0E0       .0E0   .99998E0 

 9.9680000E+01 2.3150000E+01 7.1080000E+00 2.4410000E+00 8.3390000E-01
 2.6620000E-01

 .66483E-2       .0E0       .0E0       .0E0 
 .46124E-1       .0E0       .0E0       .0E0 
  .17356E0       .0E0       .0E0       .0E0 
  .36448E0   .99976E0       .0E0       .0E0 
    .438E0       .0E0   .99992E0       .0E0 
  .24176E0       .0E0       .0E0   .99997E0 

 6.4710000E+00 2.2130000E+00 7.4700000E-01

  .99997E0       .0E0       .0E0 
      .0E0    .9997E0       .0E0 
      .0E0       .0E0    .9999E0 

 4.6570000E+00 1.5240000E+00

  .99991E0       .0E0 
      .0E0   .99972E0 

 2.9830000E+00

  .99978E0 

AL:cc-pVQZ(fi/sf/lc)
EMSL BASIS SET LIBRARY

  5
    0    1    2    3    4
    6    5    3    2    1
   16   11    3    2    1

 4.1960000E+05 6.2830000E+04 1.4290000E+04 4.0380000E+03 1.3120000E+03
 4.7050000E+02 1.8180000E+02 7.4460000E+01 3.1900000E+01 1.3960000E+01
 5.1800000E+00 2.2650000E+00 9.6640000E-01 2.4470000E-01 1.1840000E-01
 5.0210000E-02

 .40185E-4 -.10506E-4  .24268E-5       .0E0       .0E0       .0E0 
 .25224E-3 -.65866E-4  .15204E-4       .0E0       .0E0       .0E0 
 .12331E-2 -.32326E-3  .74711E-4       .0E0       .0E0       .0E0 
 .50139E-2 -.13132E-2   .3031E-3       .0E0       .0E0       .0E0 
 .17683E-1 -.46952E-2  .10866E-2       .0E0       .0E0       .0E0 
 .54557E-1  -.1472E-1  .34038E-2       .0E0       .0E0       .0E0 
  .14222E0 -.40823E-1  .95083E-2       .0E0       .0E0       .0E0 
  .28955E0  -.9275E-1  .21715E-1       .0E0       .0E0       .0E0 
  .38361E0  -.16461E0  .39645E-1       .0E0       .0E0       .0E0 
  .23133E0   -.1394E0  .34375E-1       .0E0       .0E0       .0E0 
 .29057E-1   .19846E0 -.53628E-1       .0E0       .0E0       .0E0 
-.29706E-2    .5724E0  -.19272E0       .0E0       .0E0       .0E0 
 .16494E-2   .37116E0  -.25225E0       .0E0       .0E0       .0E0 
-.59923E-3  .22767E-1   .27885E0   .99998E0       .0E0       .0E0 
 .42651E-3 -.87268E-2   .60295E0       .0E0       .1E1       .0E0 
-.12154E-3  .20266E-2   .28581E0       .0E0       .0E0       .1E1 

 8.9130000E+02 2.1130000E+02 6.8280000E+01 2.5700000E+01 1.0630000E+01
 4.6020000E+00 2.0150000E+00 8.7060000E-01 2.9720000E-01 1.1000000E-01
 3.9890000E-02

 .53368E-3 -.96349E-4       .0E0       .0E0       .0E0 
 .42556E-2 -.76281E-3       .0E0       .0E0       .0E0 
 .21473E-1 -.39074E-2       .0E0       .0E0       .0E0 
 .76726E-1 -.13983E-1       .0E0       .0E0       .0E0 
  .19453E0 -.36699E-1       .0E0       .0E0       .0E0 
  .33435E0 -.62695E-1       .0E0       .0E0       .0E0 
  .37468E0 -.78814E-1       .0E0       .0E0       .0E0 
  .20383E0 -.28681E-1       .0E0       .0E0       .0E0 
 .21404E-1   .23796E0   .99997E0       .0E0       .0E0 
 -.2026E-2   .55072E0       .0E0   .99999E0       .0E0 
 .81938E-3   .35533E0       .0E0       .0E0       .1E1 

 4.9400000E-01 1.9900000E-01 8.0400000E-02

      .1E1       .0E0       .0E0 
      .0E0   .99998E0       .0E0 
      .0E0       .0E0   .99999E0 

 4.0100000E-01 1.5400000E-01

  .99999E0       .0E0 
      .0E0   .99998E0 

 3.5700000E-01

  .99997E0 

SI:cc-pVQZ(fi/sf/lc)
EMSL BASIS SET LIBRARY

  5
    0    1    2    3    4
    6    5    3    2    1
   16   11    3    2    1

 5.1300000E+05 7.6820000E+04 1.7470000E+04 4.9350000E+03 1.6020000E+03
 5.7410000E+02 2.2150000E+02 9.0540000E+01 3.8740000E+01 1.6950000E+01
 6.4520000E+00 2.8740000E+00 1.2500000E+00 3.5990000E-01 1.6990000E-01
 7.0660000E-02

 .39932E-4 -.10696E-4  .27465E-5       .0E0       .0E0       .0E0 
 .24308E-3 -.65067E-4  .16693E-4       .0E0       .0E0       .0E0 
  .1174E-2  -.3153E-3  .81016E-4       .0E0       .0E0       .0E0 
 .47496E-2 -.12754E-2  .32713E-3       .0E0       .0E0       .0E0 
 .16735E-1 -.45494E-2  .11707E-2       .0E0       .0E0       .0E0 
 .51745E-1 -.14303E-1   .3675E-2       .0E0       .0E0       .0E0 
   .1362E0  -.3991E-1  .10341E-1       .0E0       .0E0       .0E0 
  .28169E0  -.9203E-1  .23951E-1       .0E0       .0E0       .0E0 
  .38401E0  -.16577E0  .44505E-1       .0E0       .0E0       .0E0 
  .24382E0  -.15036E0  .41319E-1       .0E0       .0E0       .0E0 
 .33942E-1   .17223E0 -.51469E-1       .0E0       .0E0       .0E0 
-.33042E-2   .56945E0  -.21807E0       .0E0       .0E0       .0E0 
 .18533E-2   .39461E0  -.28494E0       .0E0       .0E0       .0E0 
-.68395E-3  .28269E-1   .27056E0   .99998E0       .0E0       .0E0 
  .4326E-3 -.81539E-2   .63286E0       .0E0   .99999E0       .0E0 
-.12107E-3  .19124E-2   .28654E0       .0E0       .0E0       .1E1 

 1.1220000E+03 2.6600000E+02 8.5920000E+01 3.2330000E+01 1.3370000E+01
 5.8000000E+00 2.5590000E+00 1.1240000E+00 3.9880000E-01 1.5330000E-01
 5.7280000E-02

 .49577E-3 -.10602E-3       .0E0       .0E0       .0E0 
 .39275E-2 -.83007E-3       .0E0       .0E0       .0E0 
 .20068E-1 -.43301E-2       .0E0       .0E0       .0E0 
 .73095E-1 -.15726E-1       .0E0       .0E0       .0E0 
  .19018E0 -.42766E-1       .0E0       .0E0       .0E0 
  .33562E0 -.74643E-1       .0E0       .0E0       .0E0 
  .37891E0 -.96711E-1       .0E0       .0E0       .0E0 
  .20086E0 -.20858E-1       .0E0       .0E0       .0E0 
   .209E-1   .28993E0   .99996E0       .0E0       .0E0 
-.16085E-2   .53259E0       .0E0   .99999E0       .0E0 
 .82224E-3   .32054E0       .0E0       .0E0   .99999E0 

 7.6000000E-01 3.0200000E-01 1.2000000E-01

  .99999E0       .0E0       .0E0 
      .0E0   .99996E0       .0E0 
      .0E0       .0E0   .99999E0 

 5.4100000E-01 2.1200000E-01

  .99999E0       .0E0 
      .0E0   .99997E0 

 4.6100000E-01

  .99997E0 

P:cc-pVQZ(fi/sf/lc)
EMSL BASIS SET LIBRARY

  5
    0    1    2    3    4
    6    5    3    2    1
   16   11    3    2    1

 6.1520000E+05 9.2120000E+04 2.0950000E+04 5.9200000E+03 1.9220000E+03
 6.8800000E+02 2.6500000E+02 1.0820000E+02 4.6220000E+01 2.0230000E+01
 7.8590000E+00 3.5470000E+00 1.5640000E+00 4.8880000E-01 2.2660000E-01
 9.3310000E-02

 .40185E-4 -.10989E-4  .30311E-5       .0E0       .0E0       .0E0 
 .23725E-3 -.64865E-4  .17875E-4       .0E0       .0E0       .0E0 
 .11311E-2 -.31012E-3  .85606E-4       .0E0       .0E0       .0E0 
 .45441E-2 -.12465E-2   .3434E-3       .0E0       .0E0       .0E0 
 .15975E-1  -.4431E-2  .12251E-2       .0E0       .0E0       .0E0 
 .49562E-1 -.13985E-1  .38598E-2       .0E0       .0E0       .0E0 
  .13127E0 -.39158E-1  .10904E-1       .0E0       .0E0       .0E0 
  .27504E0  -.9139E-1   .2556E-1       .0E0       .0E0       .0E0 
  .38395E0  -.16681E0  .48194E-1       .0E0       .0E0       .0E0 
  .25378E0  -.15906E0  .47101E-1       .0E0       .0E0       .0E0 
  .3864E-1   .15117E0 -.48322E-1       .0E0       .0E0       .0E0 
-.36261E-2   .56715E0  -.23718E0       .0E0       .0E0       .0E0 
  .2053E-2   .41238E0  -.31028E0       .0E0       .0E0       .0E0 
-.77608E-3  .33221E-1   .26805E0   .99997E0       .0E0       .0E0 
 .44755E-3 -.74704E-2   .65123E0       .0E0   .99999E0       .0E0 
-.12496E-3  .18439E-2    .2877E0       .0E0       .0E0       .1E1 

 1.3670000E+03 3.2400000E+02 1.0460000E+02 3.9370000E+01 1.6260000E+01
 7.0560000E+00 3.1300000E+00 1.3940000E+00 5.1790000E-01 2.0320000E-01
 7.6980000E-02

 .47516E-3 -.11307E-3       .0E0       .0E0       .0E0 
 .37366E-2 -.87883E-3       .0E0       .0E0       .0E0 
 .19221E-1 -.46175E-2       .0E0       .0E0       .0E0 
 .71022E-1 -.17031E-1       .0E0       .0E0       .0E0 
  .18858E0 -.47359E-1       .0E0       .0E0       .0E0 
  .33864E0 -.84556E-1       .0E0       .0E0       .0E0 
  .38131E0   -.1094E0       .0E0       .0E0       .0E0 
   .1948E0 -.12395E-1       .0E0       .0E0       .0E0 
 .20144E-1   .31885E0   .99995E0       .0E0       .0E0 
-.93145E-3   .51825E0       .0E0   .99998E0       .0E0 
 .77139E-3   .30438E0       .0E0       .0E0   .99999E0 

 1.0360000E+00 4.1300000E-01 1.6500000E-01

  .99999E0       .0E0       .0E0 
      .0E0   .99995E0       .0E0 
      .0E0       .0E0   .99998E0 

 7.0300000E-01 2.8000000E-01

  .99998E0       .0E0 
      .0E0   .99996E0 

 5.9700000E-01

  .99996E0 

S:cc-pVQZ(fi/sf/lc)
EMSL BASIS SET LIBRARY

  5
    0    1    2    3    4
    6    5    3    2    1
   16   11    3    2    1

 7.2780000E+05 1.0900000E+05 2.4800000E+04 7.0140000E+03 2.2780000E+03
 8.1470000E+02 3.1340000E+02 1.2770000E+02 5.4480000E+01 2.3850000E+01
 9.4280000E+00 4.2900000E+00 1.9090000E+00 6.2700000E-01 2.8730000E-01
 1.1720000E-01

 .40739E-4 -.11341E-4  .32973E-5       .0E0       .0E0       .0E0 
 .23314E-3 -.64912E-4  .18853E-4       .0E0       .0E0       .0E0 
 .10962E-2 -.30595E-3  .89031E-4       .0E0       .0E0       .0E0 
 .43658E-2 -.12197E-2  .35414E-3       .0E0       .0E0       .0E0 
 .15317E-1 -.43235E-2  .12603E-2       .0E0       .0E0       .0E0 
 .47589E-1 -.13668E-1  .39754E-2       .0E0       .0E0       .0E0 
  .12689E0 -.38437E-1  .11288E-1       .0E0       .0E0       .0E0 
   .2691E0 -.90706E-1  .26741E-1       .0E0       .0E0       .0E0 
  .38324E0  -.16738E0  .51054E-1       .0E0       .0E0       .0E0 
  .26287E0  -.16669E0  .52115E-1       .0E0       .0E0       .0E0 
 .43127E-1   .13285E0  -.4436E-1       .0E0       .0E0       .0E0 
-.37251E-2   .56557E0  -.25284E0       .0E0       .0E0       .0E0 
 .21459E-2   .42711E0  -.33016E0       .0E0       .0E0       .0E0 
-.82276E-3  .37609E-1   .27122E0   .99996E0       .0E0       .0E0 
 .44048E-3 -.69394E-2   .66464E0       .0E0   .99999E0       .0E0 
-.12324E-3   .1829E-2   .28415E0       .0E0       .0E0   .99999E0 

 1.5460000E+03 3.6640000E+02 1.1840000E+02 4.4530000E+01 1.8380000E+01
 7.9650000E+00 3.5410000E+00 1.5910000E+00 6.2050000E-01 2.4200000E-01
 9.0140000E-02

 .50558E-3 -.12953E-3       .0E0       .0E0       .0E0 
 .39273E-2 -.99719E-3       .0E0       .0E0       .0E0 
 .20197E-1 -.52277E-2       .0E0       .0E0       .0E0 
 .74776E-1 -.19408E-1       .0E0       .0E0       .0E0 
  .19785E0 -.53715E-1       .0E0       .0E0       .0E0 
  .35178E0 -.95912E-1       .0E0       .0E0       .0E0 
  .37796E0  -.11794E0       .0E0       .0E0       .0E0 
  .17043E0  .10615E-1       .0E0       .0E0       .0E0 
 .15278E-1   .35749E0   .99995E0       .0E0       .0E0 
 .26623E-3   .52026E0       .0E0   .99998E0       .0E0 
 .51545E-3   .25652E0       .0E0       .0E0   .99999E0 

 1.2500000E+00 5.0400000E-01 2.0300000E-01

  .99999E0       .0E0       .0E0 
      .0E0   .99994E0       .0E0 
      .0E0       .0E0   .99998E0 

 8.6900000E-01 3.3500000E-01

  .99998E0       .0E0 
      .0E0   .99995E0 

 6.8300000E-01

  .99995E0 

CL:cc-pVQZ(fi/sf/lc)
EMSL BASIS SET LIBRARY

  5
    0    1    2    3    4
    6    5    3    2    1
   16   11    3    2    1

 8.3490000E+05 1.2500000E+05 2.8430000E+04 8.0330000E+03 2.6080000E+03
 9.3390000E+02 3.6000000E+02 1.4700000E+02 6.2880000E+01 2.7600000E+01
 1.1080000E+01 5.0750000E+00 2.2780000E+00 7.7750000E-01 3.5270000E-01
 1.4310000E-01

 .42375E-4 -.11981E-4  .36278E-5       .0E0       .0E0       .0E0 
  .2358E-3 -.66702E-4  .20176E-4       .0E0       .0E0       .0E0 
 .10956E-2  -.3106E-3   .9414E-4       .0E0       .0E0       .0E0 
 .43383E-2 -.12317E-2  .37242E-3       .0E0       .0E0       .0E0 
 .15158E-1 -.43456E-2  .13195E-2       .0E0       .0E0       .0E0 
  .4687E-1 -.13679E-1  .41434E-2       .0E0       .0E0       .0E0 
  .12481E0 -.38373E-1  .11742E-1       .0E0       .0E0       .0E0 
  .26516E0 -.90706E-1  .27857E-1       .0E0       .0E0       .0E0 
  .38127E0  -.16801E0  .53457E-1       .0E0       .0E0       .0E0 
  .26808E0  -.17179E0  .56035E-1       .0E0       .0E0       .0E0 
 .46408E-1   .12066E0 -.41632E-1       .0E0       .0E0       .0E0 
-.36476E-2   .56459E0  -.26651E0       .0E0       .0E0       .0E0 
 .21513E-2   .43628E0  -.34515E0       .0E0       .0E0       .0E0 
-.83376E-3  .41126E-1    .2765E0   .99995E0       .0E0       .0E0 
 .41624E-3 -.62931E-2    .6738E0       .0E0   .99998E0       .0E0 
-.11771E-3   .1803E-2    .2807E0       .0E0       .0E0   .99999E0 

 1.7030000E+03 4.0360000E+02 1.3030000E+02 4.9050000E+01 2.0260000E+01
 8.7870000E+00 3.9190000E+00 1.7650000E+00 7.2070000E-01 2.8390000E-01
 1.0600000E-01

 .55089E-3 -.14902E-3       .0E0       .0E0       .0E0 
 .42463E-2 -.11432E-2       .0E0       .0E0       .0E0 
 .21772E-1 -.59548E-2       .0E0       .0E0       .0E0 
 .80151E-1 -.22121E-1       .0E0       .0E0       .0E0 
  .20955E0   -.603E-1       .0E0       .0E0       .0E0 
  .36485E0  -.10684E0       .0E0       .0E0       .0E0 
  .37087E0    -.122E0       .0E0       .0E0       .0E0 
  .14575E0  .39063E-1       .0E0       .0E0       .0E0 
 .10788E-1   .38524E0   .99994E0       .0E0       .0E0 
 .11634E-2   .50675E0       .0E0   .99998E0       .0E0 
 .34266E-3   .22736E0       .0E0       .0E0   .99999E0 

 1.5510000E+00 6.2800000E-01 2.5400000E-01

  .99999E0       .0E0       .0E0 
      .0E0   .99993E0       .0E0 
      .0E0       .0E0   .99997E0 

 1.0890000E+00 4.2300000E-01

  .99997E0       .0E0 
      .0E0   .99993E0 

 8.2700000E-01

  .99994E0 

AR:cc-pVQZ(fi/sf/lc)
EMSL BASIS SET LIBRARY

  5
    0    1    2    3    4
    6    5    3    2    1
   16   11    3    2    1

 9.5060000E+05 1.4230000E+05 3.2360000E+04 9.1450000E+03 2.9700000E+03
 1.0640000E+03 4.1080000E+02 1.6800000E+02 7.1990000E+01 3.1670000E+01
 1.2890000E+01 5.9290000E+00 2.6780000E+00 9.4160000E-01 4.2390000E-01
 1.7140000E-01

 .44136E-4 -.12651E-4  .39571E-5       .0E0       .0E0       .0E0 
 .23888E-3 -.68527E-4  .21412E-4       .0E0       .0E0       .0E0 
 .10957E-2 -.31496E-3  .98619E-4       .0E0       .0E0       .0E0 
 .43031E-2 -.12392E-2  .38704E-3       .0E0       .0E0       .0E0 
  .1498E-1 -.43538E-2  .13658E-2       .0E0       .0E0       .0E0 
 .46161E-1 -.13664E-1  .42754E-2       .0E0       .0E0       .0E0 
  .12276E0 -.38232E-1  .12089E-1       .0E0       .0E0       .0E0 
   .2615E0 -.90598E-1  .28751E-1       .0E0       .0E0       .0E0 
   .3795E0  -.16846E0  .55439E-1       .0E0       .0E0       .0E0 
  .27283E0  -.17632E0   .5951E-1       .0E0       .0E0       .0E0 
 .49643E-1   .10949E0  -.3871E-1       .0E0       .0E0       .0E0 
-.35226E-2   .56393E0  -.27798E0       .0E0       .0E0       .0E0 
 .21423E-2    .4443E0  -.35798E0       .0E0       .0E0       .0E0 
-.84396E-3  .44256E-1   .28087E0   .99995E0       .0E0       .0E0 
 .39602E-3 -.56497E-2    .6804E0       .0E0   .99998E0       .0E0 
-.11363E-3  .17769E-2   .27886E0       .0E0       .0E0   .99999E0 

 1.8900000E+03 4.4780000E+02 1.4460000E+02 5.4460000E+01 2.2510000E+01
 9.7740000E+00 4.3680000E+00 1.9590000E+00 8.2600000E-01 3.2970000E-01
 1.2420000E-01

 .58534E-3 -.16397E-3       .0E0       .0E0       .0E0 
  .4465E-2 -.12492E-2       .0E0       .0E0       .0E0 
 .22842E-1 -.64734E-2       .0E0       .0E0       .0E0 
   .839E-1 -.24123E-1       .0E0       .0E0       .0E0 
  .21784E0 -.65125E-1       .0E0       .0E0       .0E0 
  .37437E0  -.11534E0       .0E0       .0E0       .0E0 
   .3654E0  -.12303E0       .0E0       .0E0       .0E0 
  .12864E0  .65769E-1       .0E0       .0E0       .0E0 
 .69249E-2   .40359E0   .99993E0       .0E0       .0E0 
 .82525E-3   .49001E0       .0E0   .99997E0       .0E0 
-.14936E-3   .20858E0       .0E0       .0E0   .99999E0 

 1.8730000E+00 7.6300000E-01 3.1100000E-01

  .99999E0       .0E0       .0E0 
      .0E0   .99991E0       .0E0 
      .0E0       .0E0   .99996E0 

 1.3250000E+00 5.4300000E-01

  .99997E0       .0E0 
      .0E0   .99992E0 

 1.0070000E+00

  .99993E0 

GA:cc-pVQZ(fi/sf/lc)
EMSL BASIS SET LIBRARY

  5
    0    1    2    3    4
    7    6    4    2    1
   21   16   12    2    1

 1.1274496E+07 1.6880534E+06 3.8414083E+05 1.0880703E+05 3.5497691E+04
 1.2815104E+04 4.9981087E+03 2.0728848E+03 9.0374582E+02 4.1044307E+02
 1.9260636E+02 9.2049678E+01 4.2047811E+01 2.1069217E+01 1.0447915E+01
 4.7776580E+00 2.2825660E+00 1.0353030E+00 2.5767400E-01 1.1917900E-01
 5.1294000E-02

 .27522E-4  -.8737E-5  .33451E-5 -.78467E-6       .0E0       .0E0       .0E0 
  .1008E-3 -.32083E-4  .12284E-4 -.28804E-5       .0E0       .0E0       .0E0 
 .34528E-3 -.11024E-3  .42246E-4 -.99145E-5       .0E0       .0E0       .0E0 
 .11081E-2 -.35465E-3  .13585E-3 -.31841E-4       .0E0       .0E0       .0E0 
 .34109E-2 -.10964E-2  .42064E-3 -.98791E-4       .0E0       .0E0       .0E0 
 .99343E-2 -.32101E-2  .12307E-2 -.28829E-3       .0E0       .0E0       .0E0 
 .27129E-1 -.88962E-2  .34231E-2 -.80482E-3       .0E0       .0E0       .0E0 
 .68009E-1 -.22927E-1  .88324E-2 -.20686E-2       .0E0       .0E0       .0E0 
  .15035E0 -.54094E-1  .21074E-1 -.49682E-2       .0E0       .0E0       .0E0 
  .27135E0  -.11074E0  .43691E-1 -.10249E-1       .0E0       .0E0       .0E0 
   .3427E0  -.18059E0  .74215E-1 -.17672E-1       .0E0       .0E0       .0E0 
  .22872E0  -.16198E0  .69526E-1 -.16328E-1       .0E0       .0E0       .0E0 
 .45562E-1   .13211E0 -.65455E-1  .15259E-1       .0E0       .0E0       .0E0 
  -.216E-2   .54542E0  -.36703E0  .94569E-1       .0E0       .0E0       .0E0 
 .16734E-2   .42879E0  -.40843E0   .10558E0       .0E0       .0E0       .0E0 
-.77521E-3  .68568E-1   .23162E0 -.68487E-1       .0E0       .0E0       .0E0 
 .32946E-3 -.49806E-3   .71403E0  -.26868E0       .0E0       .0E0       .0E0 
-.13154E-3  .14784E-2   .34623E0  -.24293E0       .0E0       .0E0       .0E0 
 .46731E-4 -.25506E-3  .12544E-1   .38063E0   .99998E0       .0E0       .0E0 
 -.3262E-4  .17699E-3 -.43705E-2   .57854E0       .0E0   .99999E0       .0E0 
 .97752E-5 -.53714E-4  .10551E-2   .22324E0       .0E0       .0E0       .1E1 

 2.2059771E+04 5.2223129E+03 1.6960601E+03 6.4876573E+02 2.7510267E+02
 1.2534634E+02 6.0054334E+01 2.9723768E+01 1.5039781E+01 7.5722730E+00
 3.7386760E+00 1.7967880E+00 8.2991000E-01 2.7287400E-01 1.0154000E-01
 3.7658000E-02

 .15483E-3 -.58911E-4  .96308E-5       .0E0       .0E0       .0E0 
 .70089E-3 -.26747E-3  .43447E-4       .0E0       .0E0       .0E0 
 .33721E-2   -.129E-2  .21157E-3       .0E0       .0E0       .0E0 
  .1342E-1 -.51796E-2  .84138E-3       .0E0       .0E0       .0E0 
 .44987E-1 -.17626E-1  .29003E-2       .0E0       .0E0       .0E0 
   .1217E0 -.49268E-1  .80316E-2       .0E0       .0E0       .0E0 
  .25078E0  -.10581E0  .17596E-1       .0E0       .0E0       .0E0 
  .35903E0  -.16095E0  .26334E-1       .0E0       .0E0       .0E0 
   .2909E0  -.11031E0  .18658E-1       .0E0       .0E0       .0E0 
 .96109E-1    .1516E0 -.32409E-1       .0E0       .0E0       .0E0 
 .84998E-2   .42949E0 -.80317E-1       .0E0       .0E0       .0E0 
 .13547E-2   .42008E0 -.99645E-1       .0E0       .0E0       .0E0 
 .79997E-4   .15579E0 -.69867E-2       .0E0       .0E0       .0E0 
 .66195E-4  .92654E-2   .28575E0   .99997E0       .0E0       .0E0 
 -.2811E-4 -.82404E-3   .54168E0       .0E0   .99999E0       .0E0 
 .82225E-5  .34024E-3   .31627E0       .0E0       .0E0       .1E1 

 7.6643696E+02 2.3100425E+02 8.9781238E+01 3.9546681E+01 1.8607583E+01
 9.1512870E+00 4.5650050E+00 2.2530660E+00 1.0867230E+00 5.0330400E-01
 2.1228300E-01 8.2800000E-02

 .19414E-3       .0E0       .0E0       .0E0 
 .17174E-2       .0E0       .0E0       .0E0 
 .93941E-2       .0E0       .0E0       .0E0 
 .34843E-1       .0E0       .0E0       .0E0 
 .95844E-1       .0E0       .0E0       .0E0 
  .19443E0       .0E0       .0E0       .0E0 
  .28218E0       .0E0       .0E0       .0E0 
   .3078E0       .0E0       .0E0       .0E0 
  .25268E0       .0E0       .0E0       .0E0 
  .13665E0   .99995E0       .0E0       .0E0 
 .30933E-1       .0E0   .99998E0       .0E0 
 .52851E-3       .0E0       .0E0   .99999E0 

 4.7100000E-01 1.8100000E-01

  .99999E0       .0E0 
      .0E0   .99997E0 

 4.0320000E-01

  .99997E0 

GE:cc-pVQZ(fi/sf/lc)
EMSL BASIS SET LIBRARY

  5
    0    1    2    3    4
    7    6    4    2    1
   21   16   12    2    1

 1.2360507E+07 1.8506978E+06 4.2113142E+05 1.1927826E+05 3.8912277E+04
 1.4048682E+04 5.4806992E+03 2.2742055E+03 9.9224129E+02 4.5099966E+02
 2.1182024E+02 1.0141102E+02 4.6914090E+01 2.3508950E+01 1.1681311E+01
 5.4345260E+00 2.6088080E+00 1.1984420E+00 3.2980800E-01 1.5543300E-01
 6.6913000E-02

 .28456E-4 -.90778E-5  .35118E-5 -.90754E-6       .0E0       .0E0       .0E0 
 .10326E-3 -.33033E-4  .12781E-4 -.33017E-5       .0E0       .0E0       .0E0 
 .34836E-3 -.11179E-3  .43284E-4 -.11191E-4       .0E0       .0E0       .0E0 
 .11038E-2 -.35517E-3  .13749E-3 -.35504E-4       .0E0       .0E0       .0E0 
 .33646E-2 -.10872E-2  .42146E-3 -.10905E-3       .0E0       .0E0       .0E0 
  .9732E-2 -.31624E-2  .12254E-2 -.31626E-3       .0E0       .0E0       .0E0 
 .26455E-1 -.87182E-2   .3389E-2 -.87783E-3       .0E0       .0E0       .0E0 
 .66165E-1 -.22411E-1  .87265E-2 -.22518E-2       .0E0       .0E0       .0E0 
  .14643E0 -.52806E-1  .20776E-1 -.53961E-2       .0E0       .0E0       .0E0 
  .26602E0  -.10853E0  .43269E-1 -.11184E-1       .0E0       .0E0       .0E0 
  .34175E0   -.1785E0  .73977E-1 -.19409E-1       .0E0       .0E0       .0E0 
  .23599E0  -.16717E0  .72548E-1 -.18791E-1       .0E0       .0E0       .0E0 
 .50611E-1    .1099E0 -.55056E-1  .14047E-1       .0E0       .0E0       .0E0 
-.17251E-2   .53278E0  -.35577E0   .10109E0       .0E0       .0E0       .0E0 
 .16805E-2     .449E0  -.42942E0   .12295E0       .0E0       .0E0       .0E0 
-.79059E-3  .80151E-1   .18434E0 -.59677E-1       .0E0       .0E0       .0E0 
 .33931E-3 -.28185E-5   .71933E0  -.29953E0       .0E0       .0E0       .0E0 
-.14307E-3  .15869E-2    .3787E0  -.28749E0       .0E0       .0E0       .0E0 
 .54103E-4 -.30344E-3   .1615E-1   .38443E0   .99998E0       .0E0       .0E0 
-.35816E-4  .19181E-3 -.48208E-2    .5978E0       .0E0   .99999E0       .0E0 
 .10288E-4 -.57078E-4  .11324E-2   .22581E0       .0E0       .0E0       .1E1 

 2.4017466E+04 5.6857175E+03 1.8464859E+03 7.0624981E+02 2.9945610E+02
 1.3643904E+02 6.5390155E+01 3.2393735E+01 1.6415616E+01 8.2877870E+00
 4.1126340E+00 1.9988540E+00 9.4429100E-01 3.4121100E-01 1.3435000E-01
 5.1735000E-02

 .15899E-3 -.61414E-4  .12033E-4       .0E0       .0E0       .0E0 
 .69832E-3 -.27058E-3  .52741E-4       .0E0       .0E0       .0E0 
 .33234E-2 -.12909E-2  .25367E-3       .0E0       .0E0       .0E0 
 .13163E-1 -.51585E-2  .10057E-2       .0E0       .0E0       .0E0 
 .44144E-1 -.17559E-1  .34621E-2       .0E0       .0E0       .0E0 
   .1198E0 -.49236E-1  .96387E-2       .0E0       .0E0       .0E0 
  .24826E0  -.10636E0  .21199E-1       .0E0       .0E0       .0E0 
  .35799E0  -.16299E0  .32098E-1       .0E0       .0E0       .0E0 
  .29337E0  -.11373E0  .22899E-1       .0E0       .0E0       .0E0 
 .99143E-1   .14822E0 -.38397E-1       .0E0       .0E0       .0E0 
 .90971E-2   .42981E0 -.98306E-1       .0E0       .0E0       .0E0 
 .13893E-2   .42123E0   -.1225E0       .0E0       .0E0       .0E0 
  .4023E-4   .15394E0 -.45912E-2       .0E0       .0E0       .0E0 
 .72902E-4  .96777E-2   .32514E0   .99997E0       .0E0       .0E0 
-.33931E-4 -.44045E-3   .52572E0       .0E0   .99999E0       .0E0 
 .86207E-5   .3159E-3   .29062E0       .0E0       .0E0       .1E1 

 8.6467411E+02 2.6103763E+02 1.0177030E+02 4.5116641E+01 2.1430686E+01
 1.0659861E+01 5.3922870E+00 2.7044970E+00 1.3285440E+00 6.2645200E-01
 2.6601300E-01 1.0630000E-01

 .18548E-3       .0E0       .0E0       .0E0 
 .16306E-2       .0E0       .0E0       .0E0 
 .89218E-2       .0E0       .0E0       .0E0 
 .33192E-1       .0E0       .0E0       .0E0 
 .91542E-1       .0E0       .0E0       .0E0 
  .18815E0       .0E0       .0E0       .0E0 
  .27918E0       .0E0       .0E0       .0E0 
  .31123E0       .0E0       .0E0       .0E0 
  .25615E0       .0E0       .0E0       .0E0 
  .13227E0   .99994E0       .0E0       .0E0 
 .26758E-1       .0E0   .99997E0       .0E0 
 .43743E-3       .0E0       .0E0   .99999E0 

 5.4920000E-01 2.1900000E-01

  .99999E0       .0E0 
      .0E0   .99997E0 

 4.6810000E-01

  .99997E0 

AS:cc-pVQZ(fi/sf/lc)
EMSL BASIS SET LIBRARY

  5
    0    1    2    3    4
    7    6    4    2    1
   21   16   12    2    1

 1.3600341E+07 2.0365073E+06 4.6343278E+05 1.3125994E+05 4.2819192E+04
 1.5457019E+04 6.0284583E+03 2.5005599E+03 1.0906149E+03 4.9562154E+02
 2.3281669E+02 1.1163118E+02 5.2269950E+01 2.6149878E+01 1.3018757E+01
 6.1554320E+00 2.9591270E+00 1.3738740E+00 4.0885000E-01 1.9451100E-01
 8.3641000E-02

 .29297E-4 -.93904E-5  .36708E-5 -.10192E-5       .0E0       .0E0       .0E0 
 .10529E-3 -.33844E-4  .13233E-4 -.36729E-5       .0E0       .0E0       .0E0 
 .34976E-3 -.11279E-3  .44128E-4 -.12258E-4       .0E0       .0E0       .0E0 
 .10937E-2 -.35376E-3  .13841E-3 -.38402E-4       .0E0       .0E0       .0E0 
 .33006E-2  -.1072E-2  .41988E-3 -.11672E-3       .0E0       .0E0       .0E0 
 .94827E-2  -.3098E-2  .12134E-2 -.33649E-3       .0E0       .0E0       .0E0 
 .25682E-1 -.85033E-2  .33396E-2 -.92939E-3       .0E0       .0E0       .0E0 
 .64171E-1 -.21831E-1  .85926E-2 -.23826E-2       .0E0       .0E0       .0E0 
  .14238E0 -.51444E-1  .20442E-1 -.57044E-2       .0E0       .0E0       .0E0 
  .26063E0  -.10623E0    .428E-1 -.11889E-1       .0E0       .0E0       .0E0 
  .34064E0  -.17627E0  .73672E-1 -.20768E-1       .0E0       .0E0       .0E0 
  .24327E0  -.17196E0  .75425E-1 -.21014E-1       .0E0       .0E0       .0E0 
 .56179E-1  .88542E-1 -.44979E-1  .12219E-1       .0E0       .0E0       .0E0 
-.11143E-2   .51894E0  -.34423E0   .10517E0       .0E0       .0E0       .0E0 
   .165E-2   .46755E0  -.44818E0    .1385E0       .0E0       .0E0       .0E0 
-.78547E-3  .92736E-1   .13963E0 -.48063E-1       .0E0       .0E0       .0E0 
 .33684E-3  .79422E-3   .72293E0  -.32483E0       .0E0       .0E0       .0E0 
-.14971E-3  .16404E-2   .40815E0   -.3276E0       .0E0       .0E0       .0E0 
 .59108E-4 -.33687E-3  .20003E-1   .38067E0   .99997E0       .0E0       .0E0 
-.37139E-4  .19269E-3 -.50924E-2   .61841E0       .0E0   .99999E0       .0E0 
 .10352E-4 -.57572E-4  .11967E-2   .23149E0       .0E0       .0E0       .1E1 

 2.5570418E+04 6.0529237E+03 1.9657002E+03 7.5177229E+02 3.1868140E+02
 1.4514749E+02 6.9541162E+01 3.4451376E+01 1.7460610E+01 8.8086090E+00
 4.3786460E+00 2.1444050E+00 1.0293500E+00 4.0463600E-01 1.6562200E-01
 6.5610000E-02

 .16707E-3 -.65503E-4  .14478E-4       .0E0       .0E0       .0E0 
  .7173E-3 -.28217E-3  .62136E-4       .0E0       .0E0       .0E0 
 .33823E-2 -.13336E-2  .29549E-3       .0E0       .0E0       .0E0 
 .13329E-1 -.53046E-2  .11688E-2       .0E0       .0E0       .0E0 
 .44641E-1 -.18032E-1  .40089E-2       .0E0       .0E0       .0E0 
  .12105E0 -.50554E-1  .11192E-1       .0E0       .0E0       .0E0 
  .25048E0  -.10909E0  .24518E-1       .0E0       .0E0       .0E0 
  .35923E0  -.16641E0  .37156E-1       .0E0       .0E0       .0E0 
  .29081E0  -.11199E0  .25103E-1       .0E0       .0E0       .0E0 
 .96439E-1   .15817E0 -.46071E-1       .0E0       .0E0       .0E0 
 .84731E-2   .43934E0  -.11619E0       .0E0       .0E0       .0E0 
 .13976E-2   .41458E0  -.13952E0       .0E0       .0E0       .0E0 
-.36857E-4   .13961E0  .84656E-2       .0E0       .0E0       .0E0 
 .87227E-4  .85767E-2   .35621E0   .99997E0       .0E0       .0E0 
-.43542E-4   .1807E-3   .50972E0       .0E0   .99999E0       .0E0 
 .96659E-5  .25038E-3    .2706E0       .0E0       .0E0   .99999E0 

 9.9697960E+02 3.0098518E+02 1.1723473E+02 5.1956904E+01 2.4689440E+01
 1.2295171E+01 6.2446520E+00 3.1554600E+00 1.5680490E+00 7.4864700E-01
 3.1912500E-01 1.3000000E-01

 .16765E-3       .0E0       .0E0       .0E0 
 .14719E-2       .0E0       .0E0       .0E0 
 .81661E-2       .0E0       .0E0       .0E0 
 .31071E-1       .0E0       .0E0       .0E0 
 .87529E-1       .0E0       .0E0       .0E0 
  .18426E0       .0E0       .0E0       .0E0 
  .27943E0       .0E0       .0E0       .0E0 
  .31574E0       .0E0       .0E0       .0E0 
  .25788E0       .0E0       .0E0       .0E0 
  .12682E0   .99993E0       .0E0       .0E0 
 .23313E-1       .0E0   .99997E0       .0E0 
 .37871E-3       .0E0       .0E0   .99999E0 

 6.4400000E-01 2.6400000E-01

  .99998E0       .0E0 
      .0E0   .99996E0 

 5.4650000E-01

  .99996E0 

SE:cc-pVQZ(fi/sf/lc)
EMSL BASIS SET LIBRARY

  5
    0    1    2    3    4
    7    6    4    2    1
   21   16   12    2    1

 1.5011000E+07 2.2475000E+06 5.1145000E+05 1.4487000E+05 4.7261000E+04
 1.7062000E+04 6.6545000E+03 2.7598000E+03 1.2032000E+03 5.4653000E+02
 2.5663000E+02 1.2314000E+02 5.8263000E+01 2.9023000E+01 1.4465000E+01
 6.9348000E+00 3.3299000E+00 1.5600000E+00 4.9291000E-01 2.3525000E-01
 1.0037000E-01

 .29942E-4 -.96414E-5  .38077E-5 -.11184E-5       .0E0       .0E0       .0E0 
 .10696E-3 -.34541E-4  .13645E-4 -.40066E-5       .0E0       .0E0       .0E0 
 .34979E-3 -.11333E-3  .44796E-4 -.13164E-4       .0E0       .0E0       .0E0 
 .10794E-2 -.35089E-3  .13872E-3 -.40716E-4       .0E0       .0E0       .0E0 
 .32227E-2 -.10519E-2  .41623E-3 -.12241E-3       .0E0       .0E0       .0E0 
 .91904E-2 -.30182E-2  .11946E-2 -.35045E-3       .0E0       .0E0       .0E0 
 .24784E-1 -.82425E-2    .327E-2 -.96276E-3       .0E0       .0E0       .0E0 
 .61868E-1 -.21133E-1  .84055E-2 -.24656E-2       .0E0       .0E0       .0E0 
  .13773E0 -.49829E-1  .19993E-1 -.59025E-2       .0E0       .0E0       .0E0 
  .25445E0  -.10351E0  .42126E-1 -.12379E-1       .0E0       .0E0       .0E0 
  .33931E0  -.17364E0  .73165E-1 -.21822E-1       .0E0       .0E0       .0E0 
  .25148E0  -.17685E0  .78332E-1 -.23099E-1       .0E0       .0E0       .0E0 
 .62759E-1  .67159E-1 -.34744E-1  .98096E-2       .0E0       .0E0       .0E0 
-.32262E-3   .50427E0  -.33246E0   .10756E0       .0E0       .0E0       .0E0 
 .15958E-2   .48485E0  -.46496E0   .15245E0       .0E0       .0E0       .0E0 
-.76803E-3   .10611E0  .98022E-1 -.34764E-1       .0E0       .0E0       .0E0 
 .32752E-3  .18558E-2   .72498E0  -.34664E0       .0E0       .0E0       .0E0 
-.15302E-3  .16386E-2   .43427E0  -.36319E0       .0E0       .0E0       .0E0 
 .62155E-4 -.35353E-3  .23872E-1   .37688E0   .99997E0       .0E0       .0E0 
-.37027E-4  .18032E-3 -.51874E-2    .6406E0       .0E0   .99999E0       .0E0 
 .10062E-4 -.55219E-4  .12412E-2   .23283E0       .0E0       .0E0       .1E1 

 2.5217000E+04 5.9699000E+03 1.9389000E+03 7.4166000E+02 3.1450000E+02
 1.4331000E+02 6.8650000E+01 3.3995000E+01 1.7185000E+01 8.5740000E+00
 4.2206000E+00 2.0521000E+00 9.6156000E-01 4.2151000E-01 1.7626000E-01
 7.0663000E-02

 .19082E-3 -.75902E-4  .18314E-4       .0E0       .0E0       .0E0 
 .82154E-3 -.32803E-3  .79085E-4       .0E0       .0E0       .0E0 
 .38641E-2 -.15464E-2  .37359E-3       .0E0       .0E0       .0E0 
 .15136E-1 -.61205E-2  .14775E-2       .0E0       .0E0       .0E0 
 .50178E-1 -.20615E-1  .49973E-2       .0E0       .0E0       .0E0 
  .13354E0 -.56873E-1  .13814E-1       .0E0       .0E0       .0E0 
  .26826E0  -.11931E0  .29231E-1       .0E0       .0E0       .0E0 
  .36534E0    -.173E0   .4258E-1       .0E0       .0E0       .0E0 
  .26955E0 -.89525E-1  .20567E-1       .0E0       .0E0       .0E0 
 .76661E-1   .21309E0 -.65448E-1       .0E0       .0E0       .0E0 
  .4936E-2   .47441E0  -.14401E0       .0E0       .0E0       .0E0 
 .12844E-2   .37672E0  -.14154E0       .0E0       .0E0       .0E0 
-.19062E-3  .88973E-1  .69334E-1       .0E0       .0E0       .0E0 
 .11979E-3  .25893E-2   .40926E0   .99997E0       .0E0       .0E0 
-.59384E-4  .13077E-2   .49015E0       .0E0   .99999E0       .0E0 
  .1267E-4  .28049E-5    .2018E0       .0E0       .0E0   .99999E0 

 1.1434000E+03 3.4533000E+02 1.3446000E+02 5.9567000E+01 2.8283000E+01
 1.4061000E+01 7.1390000E+00 3.6148000E+00 1.8072000E+00 8.6944000E-01
 3.7036000E-01 1.5300000E-01

 .15189E-3       .0E0       .0E0       .0E0 
 .13281E-2       .0E0       .0E0       .0E0 
 .74507E-2       .0E0       .0E0       .0E0 
 .28981E-1       .0E0       .0E0       .0E0 
 .83655E-1       .0E0       .0E0       .0E0 
  .18106E0       .0E0       .0E0       .0E0 
  .28117E0       .0E0       .0E0       .0E0 
  .32139E0       .0E0       .0E0       .0E0 
   .2589E0       .0E0       .0E0       .0E0 
  .12084E0   .99992E0       .0E0       .0E0 
 .20282E-1       .0E0   .99996E0       .0E0 
 .30632E-3       .0E0       .0E0   .99998E0 

 7.0970000E-01 2.8400000E-01

  .99998E0       .0E0 
      .0E0   .99996E0 

 5.7300000E-01

  .99996E0 

BR:cc-pVQZ(fi/sf/lc)
EMSL BASIS SET LIBRARY

  5
    0    1    2    3    4
    7    6    4    2    1
   21   16   12    2    1

 1.6475000E+07 2.4666000E+06 5.6131000E+05 1.5899000E+05 5.1869000E+04
 1.8726000E+04 7.3036000E+03 3.0291000E+03 1.3208000E+03 6.0003000E+02
 2.8190000E+02 1.3554000E+02 6.4870000E+01 3.2129000E+01 1.6037000E+01
 7.7849000E+00 3.7247000E+00 1.7583000E+00 5.8331000E-01 2.7856000E-01
 1.1829000E-01

 .30764E-4 -.99501E-5  .39687E-5 -.12201E-5       .0E0       .0E0       .0E0 
 .10905E-3 -.35378E-4  .14116E-4 -.43383E-5       .0E0       .0E0       .0E0 
  .3515E-3 -.11441E-3  .45671E-4 -.14047E-4       .0E0       .0E0       .0E0 
 .10706E-2 -.34976E-3  .13967E-3 -.42911E-4       .0E0       .0E0       .0E0 
 .31634E-2 -.10375E-2  .41462E-3 -.12762E-3       .0E0       .0E0       .0E0 
 .89537E-2 -.29556E-2  .11818E-2 -.36288E-3       .0E0       .0E0       .0E0 
 .24035E-1 -.80294E-2  .32167E-2 -.99129E-3       .0E0       .0E0       .0E0 
 .59877E-1 -.20539E-1  .82528E-2 -.25338E-2       .0E0       .0E0       .0E0 
  .13353E0 -.48393E-1    .196E-1 -.60568E-2       .0E0       .0E0       .0E0 
   .2485E0  -.10097E0  .41496E-1 -.12763E-1       .0E0       .0E0       .0E0 
  .33709E0  -.17077E0  .72522E-1 -.22642E-1       .0E0       .0E0       .0E0 
  .25863E0  -.18067E0  .80776E-1 -.24944E-1       .0E0       .0E0       .0E0 
  .6979E-1  .46874E-1 -.24973E-1  .71679E-2       .0E0       .0E0       .0E0 
 .79486E-3   .48791E0  -.31984E0   .10836E0       .0E0       .0E0       .0E0 
 .14493E-2   .50056E0  -.47946E0   .16496E0       .0E0       .0E0       .0E0 
-.70083E-3   .12069E0  .57717E-1 -.20237E-1       .0E0       .0E0       .0E0 
 .29198E-3  .31976E-2   .72549E0  -.36474E0       .0E0       .0E0       .0E0 
-.14482E-3  .15928E-2   .45839E0  -.39635E0       .0E0       .0E0       .0E0 
 .60211E-4 -.36008E-3  .27858E-1   .37237E0   .99996E0       .0E0       .0E0 
-.34084E-4  .16176E-3 -.51786E-2   .66001E0       .0E0   .99999E0       .0E0 
 .91422E-5 -.52413E-4  .12872E-2   .23546E0       .0E0       .0E0   .99999E0 

 2.6607000E+04 6.2982000E+03 2.0452000E+03 7.8216000E+02 3.3163000E+02
 1.5111000E+02 7.2392000E+01 3.5862000E+01 1.8134000E+01 9.0430000E+00
 4.4500000E+00 2.1661000E+00 9.9628000E-01 4.5443000E-01 1.9404000E-01
 7.8997000E-02

 .20129E-3 -.81184E-4  .20972E-4       .0E0       .0E0       .0E0 
  .8499E-3 -.34409E-3   .8894E-4       .0E0       .0E0       .0E0 
 .39646E-2 -.16091E-2  .41598E-3       .0E0       .0E0       .0E0 
 .15452E-1 -.63376E-2  .16409E-2       .0E0       .0E0       .0E0 
 .51098E-1 -.21302E-1  .55257E-2       .0E0       .0E0       .0E0 
   .1356E0 -.58621E-1  .15282E-1       .0E0       .0E0       .0E0 
  .27125E0  -.12257E0  .32135E-1       .0E0       .0E0       .0E0 
  .36609E0  -.17602E0  .46629E-1       .0E0       .0E0       .0E0 
  .26553E0 -.85431E-1  .20294E-1       .0E0       .0E0       .0E0 
 .73616E-1   .22643E0 -.74192E-1       .0E0       .0E0       .0E0 
 .44794E-2   .48592E0  -.16305E0       .0E0       .0E0       .0E0 
 .12083E-2   .36502E0  -.14542E0       .0E0       .0E0       .0E0 
-.22137E-3  .74815E-1   .11181E0       .0E0       .0E0       .0E0 
 .12512E-3  .75061E-3    .4357E0   .99997E0       .0E0       .0E0 
-.65483E-4  .17176E-2   .46498E0       .0E0   .99998E0       .0E0 
 .12833E-4 -.47873E-4    .1684E0       .0E0       .0E0   .99999E0 

 1.2896000E+03 3.8975000E+02 1.5176000E+02 6.7223000E+01 3.1913000E+01
 1.5857000E+01 8.0545000E+00 4.0887000E+00 2.0556000E+00 9.9509000E-01
 4.2313000E-01 1.7790000E-01

 .14136E-3       .0E0       .0E0       .0E0 
  .1229E-2       .0E0       .0E0       .0E0 
  .6943E-2       .0E0       .0E0       .0E0 
 .27466E-1       .0E0       .0E0       .0E0 
 .80761E-1       .0E0       .0E0       .0E0 
  .17854E0       .0E0       .0E0       .0E0 
  .28254E0       .0E0       .0E0       .0E0 
  .32595E0       .0E0       .0E0       .0E0 
  .25922E0       .0E0       .0E0       .0E0 
  .11562E0    .9999E0       .0E0       .0E0 
 .18006E-1       .0E0   .99995E0       .0E0 
 .25513E-3       .0E0       .0E0   .99998E0 

 8.2570000E-01 3.4070000E-01

  .99998E0       .0E0 
      .0E0   .99995E0 

 6.4910000E-01

  .99995E0 

KR:cc-pVQZ(fi/sf/lc)
EMSL BASIS SET LIBRARY

  5
    0    1    2    3    4
    7    6    4    2    1
   21   16   12    2    1

 1.8226108E+07 2.7288025E+06 6.2099771E+05 1.7589958E+05 5.7387497E+04
 2.0717181E+04 8.0788899E+03 3.3495170E+03 1.4597812E+03 6.6289391E+02
 3.1139215E+02 1.4993751E+02 7.2498249E+01 3.5569354E+01 1.7766633E+01
 8.7123830E+00 4.1449710E+00 1.9696490E+00 6.7995200E-01 3.2450200E-01
 1.3744100E-01

 .31199E-4 -.10135E-4  .40809E-5 -.13032E-5       .0E0       .0E0       .0E0 
 .11031E-3 -.35944E-4  .14479E-4 -.46218E-5       .0E0       .0E0       .0E0 
 .35015E-3 -.11447E-3  .46134E-4 -.14739E-4       .0E0       .0E0       .0E0 
 .10525E-2  -.3455E-3  .13931E-3 -.44454E-4       .0E0       .0E0       .0E0 
 .30754E-2 -.10134E-2  .40881E-3  -.1307E-3       .0E0       .0E0       .0E0 
 .86375E-2 -.28654E-2  .11569E-2 -.36902E-3       .0E0       .0E0       .0E0 
  .2308E-1 -.77425E-2  .31309E-2 -.10022E-2       .0E0       .0E0       .0E0 
 .57437E-1 -.19777E-1  .80244E-2 -.25591E-2       .0E0       .0E0       .0E0 
   .1285E0 -.46609E-1  .19046E-1 -.61131E-2       .0E0       .0E0       .0E0 
   .2414E0 -.97831E-1  .40578E-1 -.12964E-1       .0E0       .0E0       .0E0 
  .33435E0  -.16725E0  .71527E-1 -.23192E-1       .0E0       .0E0       .0E0 
  .26694E0  -.18459E0   .8321E-1 -.26707E-1       .0E0       .0E0       .0E0 
 .78608E-1  .25403E-1   -.145E-1  .40161E-2       .0E0       .0E0       .0E0 
  .2282E-2   .46963E0  -.30585E0   .10761E0       .0E0       .0E0       .0E0 
 .12446E-2   .51586E0  -.49244E0   .17639E0       .0E0       .0E0       .0E0 
-.60624E-3   .13682E0  .17819E-1 -.46144E-2       .0E0       .0E0       .0E0 
 .24409E-3  .48013E-2   .72432E0  -.37947E0       .0E0       .0E0       .0E0 
-.13052E-3  .15136E-2   .48112E0  -.42766E0       .0E0       .0E0       .0E0 
 .55532E-4 -.36009E-3  .32027E-1   .36763E0   .99996E0       .0E0       .0E0 
-.29891E-4  .13999E-3 -.51359E-2   .67694E0       .0E0   .99999E0       .0E0 
  .8005E-5 -.49726E-4  .13456E-2   .23882E0       .0E0       .0E0   .99999E0 

 2.8600831E+04 6.7709912E+03 2.1990489E+03 8.4117957E+02 3.5676633E+02
 1.6263620E+02 7.7966035E+01 3.8661489E+01 1.9576791E+01 9.7917610E+00
 4.8353830E+00 2.3681250E+00 1.0899960E+00 5.0458800E-01 2.1845500E-01
 8.9959000E-02

 .20747E-3 -.84814E-4  .23009E-4       .0E0       .0E0       .0E0 
 .85329E-3 -.35016E-3  .95105E-4       .0E0       .0E0       .0E0 
 .39372E-2   -.162E-2  .43973E-3       .0E0       .0E0       .0E0 
 .15256E-1 -.63423E-2  .17259E-2       .0E0       .0E0       .0E0 
 .50389E-1 -.21295E-1  .58003E-2       .0E0       .0E0       .0E0 
  .13392E0 -.58672E-1  .16083E-1       .0E0       .0E0       .0E0 
  .26902E0  -.12327E0  .33942E-1       .0E0       .0E0       .0E0 
  .36549E0  -.17812E0  .49703E-1       .0E0       .0E0       .0E0 
  .26805E0 -.89003E-1  .22075E-1       .0E0       .0E0       .0E0 
 .75853E-1   .22464E0  -.7779E-1       .0E0       .0E0       .0E0 
 .47591E-2   .49038E0  -.17652E0       .0E0       .0E0       .0E0 
 .11763E-2   .36489E0    -.152E0       .0E0       .0E0       .0E0 
-.22921E-3  .72058E-1    .1362E0       .0E0       .0E0       .0E0 
 .13447E-3 -.11651E-3   .44953E0   .99996E0       .0E0       .0E0 
-.58468E-4   .1243E-2   .44812E0       .0E0   .99998E0       .0E0 
 .16003E-4 -.25135E-3    .1533E0       .0E0       .0E0   .99999E0 

 1.4377792E+03 4.3426846E+02 1.6892699E+02 7.4777535E+01 3.5516024E+01
 1.7671051E+01 9.0046110E+00 4.5947730E+00 2.3264860E+00 1.1332470E+00
 4.8130700E-01 2.0530000E-01

 .13399E-3       .0E0       .0E0       .0E0 
 .11603E-2       .0E0       .0E0       .0E0 
  .6601E-2       .0E0       .0E0       .0E0 
 .26449E-1       .0E0       .0E0       .0E0 
 .78728E-1       .0E0       .0E0       .0E0 
  .17627E0       .0E0       .0E0       .0E0 
  .28249E0       .0E0       .0E0       .0E0 
  .32868E0       .0E0       .0E0       .0E0 
   .2596E0       .0E0       .0E0       .0E0 
  .11231E0   .99989E0       .0E0       .0E0 
 .16594E-1       .0E0   .99995E0       .0E0 
 .23056E-3       .0E0       .0E0   .99998E0 

 9.5570000E-01 4.1300000E-01

  .99998E0       .0E0 
      .0E0   .99994E0 

 7.3950000E-01

  .99995E0 




