!  cc-pV5Z(pt/sf/lc)  EMSL  Basis Set Exchange Library   3/19/13 4:02 PM
! Original cc- basis sets:
! T.H. Dunning, Jr. J. Chem. Phys. 90, 1007 (1989).
! D.E. Woon and T.H. Dunning, Jr. J. Chem. Phys. 100, 2975 (1994).
! T.H. Dunning, Jr. J. Chem. Phys. 90, 1007 (1989).
! D.E. Woon and T.H. Dunning, Jr.  (to be published)
! D.E. Woon and T.H. Dunning, Jr.  J. Chem. Phys. 98, 1358 (1993).
! Recontraction:
! K. G. Dyall, in preparation.
!   


H:cc-pV5Z(pt/sf/lc)
EMSL BASIS SET LIBRARY

  5
    0    1    2    3    4
    5    4    3    2    1
    8    4    3    2    1

 4.0200000E+02 6.0240000E+01 1.3730000E+01 3.9050000E+00 1.2830000E+00
 4.6550000E-01 1.8110000E-01 7.2790000E-02

 .27972E-3       .0E0       .0E0       .0E0       .0E0 
 .21663E-2       .0E0       .0E0       .0E0       .0E0 
 .11204E-1       .0E0       .0E0       .0E0       .0E0 
 .44882E-1       .0E0       .0E0       .0E0       .0E0 
  .14231E0   .99992E0       .0E0       .0E0       .0E0 
  .33098E0       .0E0   .99997E0       .0E0       .0E0 
  .43626E0       .0E0       .0E0   .99999E0       .0E0 
  .17643E0       .0E0       .0E0       .0E0       .1E1 

 4.5160000E+00 1.7120000E+00 6.4900000E-01 2.4600000E-01

  .99999E0       .0E0       .0E0       .0E0 
      .0E0   .99985E0       .0E0       .0E0 
      .0E0       .0E0   .99994E0       .0E0 
      .0E0       .0E0       .0E0   .99998E0 

 2.9500000E+00 1.2060000E+00 4.9300000E-01

  .99998E0       .0E0       .0E0 
      .0E0   .99986E0       .0E0 
      .0E0       .0E0   .99994E0 

 8.7500000E-01 2.5060000E+00

  .99985E0       .0E0 
      .0E0   .99995E0 

 2.3580000E+00

  .99983E0 

HE:cc-pV5Z(pt/sf/lc)
EMSL BASIS SET LIBRARY

  5
    0    1    2    3    4
    5    4    3    2    1
    8    4    3    2    1

 1.1450000E+03 1.7170000E+02 3.9070000E+01 1.1040000E+01 3.5660000E+00
 1.2400000E+00 4.4730000E-01 1.6400000E-01

 .35982E-3       .0E0       .0E0       .0E0       .0E0 
 .27746E-2       .0E0       .0E0       .0E0       .0E0 
  .1426E-1       .0E0       .0E0       .0E0       .0E0 
 .55582E-1       .0E0       .0E0       .0E0       .0E0 
  .16211E0   .99978E0       .0E0       .0E0       .0E0 
   .3322E0       .0E0   .99993E0       .0E0       .0E0 
  .41959E0       .0E0       .0E0   .99998E0       .0E0 
   .1861E0       .0E0       .0E0       .0E0   .99999E0 

 1.0153000E+01 3.6270000E+00 1.2960000E+00 4.6300000E-01

  .99998E0       .0E0       .0E0       .0E0 
      .0E0   .99966E0       .0E0       .0E0 
      .0E0       .0E0   .99988E0       .0E0 
      .0E0       .0E0       .0E0   .99996E0 

 7.6660000E+00 2.6470000E+00 9.1400000E-01

  .99996E0       .0E0       .0E0 
      .0E0   .99964E0       .0E0 
      .0E0       .0E0   .99988E0 

 5.4110000E+00 1.7070000E+00

   .9999E0       .0E0 
      .0E0   .99968E0 

 3.4300000E+00

  .99975E0 

B:cc-pV5Z(pt/sf/lc)
EMSL BASIS SET LIBRARY

  6
    0    1    2    3    4    5
    6    5    4    3    2    1
   14    8    4    3    2    1

 6.8260000E+04 1.0230000E+04 2.3280000E+03 6.6040000E+02 2.1620000E+02
 7.8600000E+01 3.0980000E+01 1.2960000E+01 5.6590000E+00 2.5560000E+00
 1.1750000E+00 4.2490000E-01 1.7120000E-01 6.9130000E-02

 .25394E-4 -.51255E-5       .0E0       .0E0       .0E0       .0E0 
 .18945E-3 -.38354E-4       .0E0       .0E0       .0E0       .0E0 
 .98233E-3 -.19817E-3       .0E0       .0E0       .0E0       .0E0 
 .40839E-2 -.83032E-3       .0E0       .0E0       .0E0       .0E0 
 .14455E-1  -.2936E-2       .0E0       .0E0       .0E0       .0E0 
 .43995E-1 -.91632E-2       .0E0       .0E0       .0E0       .0E0 
  .11317E0 -.24144E-1       .0E0       .0E0       .0E0       .0E0 
  .23389E0 -.54802E-1       .0E0       .0E0       .0E0       .0E0 
  .35387E0 -.96961E-1       .0E0       .0E0       .0E0       .0E0 
  .30133E0  -.13745E0       .0E0       .0E0       .0E0       .0E0 
 .87421E-1 -.44312E-1   .99995E0       .0E0       .0E0       .0E0 
 .28146E-2   .32463E0       .0E0   .99998E0       .0E0       .0E0 
 .42681E-4   .57031E0       .0E0       .0E0   .99999E0       .0E0 
 .78051E-4   .24314E0       .0E0       .0E0       .0E0       .1E1 

 6.6440000E+01 1.5710000E+01 4.9360000E+00 1.7700000E+00 7.0080000E-01
 2.9010000E-01 1.2110000E-01 4.9730000E-02

 .84381E-3       .0E0       .0E0       .0E0       .0E0 
 .64175E-2       .0E0       .0E0       .0E0       .0E0 
  .2809E-1       .0E0       .0E0       .0E0       .0E0 
 .92148E-1       .0E0       .0E0       .0E0       .0E0 
  .22412E0   .99994E0       .0E0       .0E0       .0E0 
  .36985E0       .0E0   .99998E0       .0E0       .0E0 
  .37446E0       .0E0       .0E0   .99999E0       .0E0 
  .13919E0       .0E0       .0E0       .0E0       .1E1 

 2.0100000E+00 7.9600000E-01 3.1600000E-01 1.2500000E-01

  .99999E0       .0E0       .0E0       .0E0 
      .0E0   .99991E0       .0E0       .0E0 
      .0E0       .0E0   .99996E0       .0E0 
      .0E0       .0E0       .0E0   .99999E0 

 1.2150000E+00 5.2500000E-01 2.2700000E-01

  .99999E0       .0E0       .0E0 
      .0E0   .99993E0       .0E0 
      .0E0       .0E0   .99997E0 

 1.1240000E+00 4.6100000E-01

  .99997E0       .0E0 
      .0E0   .99992E0 

 8.3400000E-01

  .99993E0 

C:cc-pV5Z(pt/sf/lc)
EMSL BASIS SET LIBRARY

  6
    0    1    2    3    4    5
    6    5    4    3    2    1
   14    8    4    3    2    1

 9.6770000E+04 1.4500000E+04 3.3000000E+03 9.3580000E+02 3.0620000E+02
 1.1130000E+02 4.3900000E+01 1.8400000E+01 8.0540000E+00 3.6370000E+00
 1.6560000E+00 6.3330000E-01 2.5450000E-01 1.0190000E-01

 .26889E-4 -.57444E-5       .0E0       .0E0       .0E0       .0E0 
 .19733E-3 -.42263E-4       .0E0       .0E0       .0E0       .0E0 
  .1018E-2 -.21743E-3       .0E0       .0E0       .0E0       .0E0 
 .42251E-2 -.90876E-3       .0E0       .0E0       .0E0       .0E0 
 .14944E-1 -.32167E-2       .0E0       .0E0       .0E0       .0E0 
 .45443E-1 -.10027E-1       .0E0       .0E0       .0E0       .0E0 
  .11668E0 -.26507E-1       .0E0       .0E0       .0E0       .0E0 
  .24035E0 -.60232E-1       .0E0       .0E0       .0E0       .0E0 
  .35868E0  -.10717E0       .0E0       .0E0       .0E0       .0E0 
  .29365E0  -.14454E0       .0E0       .0E0       .0E0       .0E0 
 .77463E-1  -.2417E-1   .99993E0       .0E0       .0E0       .0E0 
 .22836E-2   .35236E0       .0E0   .99997E0       .0E0       .0E0 
 .50293E-3   .55858E0       .0E0       .0E0   .99999E0       .0E0 
 .35388E-4   .22488E0       .0E0       .0E0       .0E0   .99999E0 

 1.0180000E+02 2.4040000E+01 7.5710000E+00 2.7320000E+00 1.0850000E+00
 4.4960000E-01 1.8760000E-01 7.6060000E-02

 .89292E-3       .0E0       .0E0       .0E0       .0E0 
 .69386E-2       .0E0       .0E0       .0E0       .0E0 
 .31471E-1       .0E0       .0E0       .0E0       .0E0 
  .10352E0       .0E0       .0E0       .0E0       .0E0 
   .2385E0   .99991E0       .0E0       .0E0       .0E0 
  .36403E0       .0E0   .99996E0       .0E0       .0E0 
  .35409E0       .0E0       .0E0   .99999E0       .0E0 
  .14835E0       .0E0       .0E0       .0E0   .99999E0 

 3.1340000E+00 1.2330000E+00 4.8500000E-01 1.9100000E-01

  .99999E0       .0E0       .0E0       .0E0 
      .0E0   .99985E0       .0E0       .0E0 
      .0E0       .0E0   .99994E0       .0E0 
      .0E0       .0E0       .0E0   .99998E0 

 2.0060000E+00 8.3800000E-01 3.5000000E-01

  .99998E0       .0E0       .0E0 
      .0E0   .99988E0       .0E0 
      .0E0       .0E0   .99995E0 

 1.7530000E+00 6.7800000E-01

  .99995E0       .0E0 
      .0E0   .99987E0 

 1.2590000E+00

  .99989E0 

N:cc-pV5Z(pt/sf/lc)
EMSL BASIS SET LIBRARY

  6
    0    1    2    3    4    5
    6    5    4    3    2    1
   14    8    4    3    2    1

 1.2920000E+05 1.9350000E+04 4.4040000E+03 1.2480000E+03 4.0800000E+02
 1.4820000E+02 5.8500000E+01 2.4590000E+01 1.0810000E+01 4.8820000E+00
 2.1950000E+00 8.7150000E-01 3.5040000E-01 1.3970000E-01

 .28618E-4 -.63428E-5       .0E0       .0E0       .0E0       .0E0 
 .20621E-3 -.45796E-4       .0E0       .0E0       .0E0       .0E0 
  .1058E-2 -.23451E-3       .0E0       .0E0       .0E0       .0E0 
 .43831E-2 -.97752E-3       .0E0       .0E0       .0E0       .0E0 
 .15499E-1 -.34651E-2       .0E0       .0E0       .0E0       .0E0 
 .47067E-1 -.10781E-1       .0E0       .0E0       .0E0       .0E0 
  .12036E0 -.28521E-1       .0E0       .0E0       .0E0       .0E0 
  .24584E0 -.64462E-1       .0E0       .0E0       .0E0       .0E0 
  .36123E0  -.11465E0       .0E0       .0E0       .0E0       .0E0 
  .28689E0  -.14777E0       .0E0       .0E0       .0E0       .0E0 
 .69854E-1 -.62954E-2    .9999E0       .0E0       .0E0       .0E0 
   .174E-2   .37261E0       .0E0   .99996E0       .0E0       .0E0 
 .82875E-3   .54726E0       .0E0       .0E0   .99998E0       .0E0 
 .49784E-5   .21069E0       .0E0       .0E0       .0E0   .99999E0 

 1.4700000E+02 3.4760000E+01 1.1000000E+01 3.9950000E+00 1.5870000E+00
 6.5330000E-01 2.6860000E-01 1.0670000E-01

 .89493E-3       .0E0       .0E0       .0E0       .0E0 
 .70339E-2       .0E0       .0E0       .0E0       .0E0 
 .32559E-1       .0E0       .0E0       .0E0       .0E0 
  .10763E0       .0E0       .0E0       .0E0       .0E0 
  .24336E0   .99987E0       .0E0       .0E0       .0E0 
  .36251E0       .0E0   .99995E0       .0E0       .0E0 
  .34751E0       .0E0       .0E0   .99998E0       .0E0 
  .15511E0       .0E0       .0E0       .0E0   .99999E0 

 4.6470000E+00 1.8130000E+00 7.0700000E-01 2.7600000E-01

  .99999E0       .0E0       .0E0       .0E0 
      .0E0   .99978E0       .0E0       .0E0 
      .0E0       .0E0   .99992E0       .0E0 
      .0E0       .0E0       .0E0   .99997E0 

 2.9420000E+00 1.2040000E+00 4.9300000E-01

  .99997E0       .0E0       .0E0 
      .0E0   .99982E0       .0E0 
      .0E0       .0E0   .99993E0 

 2.5110000E+00 9.4200000E-01

  .99993E0       .0E0 
      .0E0   .99982E0 

 1.7680000E+00

  .99985E0 

O:cc-pV5Z(pt/sf/lc)
EMSL BASIS SET LIBRARY

  6
    0    1    2    3    4    5
    6    5    4    3    2    1
   14    8    4    3    2    1

 1.6420000E+05 2.4590000E+04 5.5920000E+03 1.5820000E+03 5.1610000E+02
 1.8720000E+02 7.3930000E+01 3.1220000E+01 1.3810000E+01 6.2560000E+00
 2.7760000E+00 1.1380000E+00 4.6000000E-01 1.8290000E-01

 .30775E-4 -.70005E-5       .0E0       .0E0       .0E0       .0E0 
 .21754E-3 -.49568E-4       .0E0       .0E0       .0E0       .0E0 
 .11104E-2 -.25268E-3       .0E0       .0E0       .0E0       .0E0 
 .46001E-2 -.10526E-2       .0E0       .0E0       .0E0       .0E0 
 .16267E-1 -.37367E-2       .0E0       .0E0       .0E0       .0E0 
  .4935E-1 -.11613E-1       .0E0       .0E0       .0E0       .0E0 
  .12518E0 -.30608E-1       .0E0       .0E0       .0E0       .0E0 
  .25184E0 -.68388E-1       .0E0       .0E0       .0E0       .0E0 
  .36213E0  -.12061E0       .0E0       .0E0       .0E0       .0E0 
  .27847E0  -.14821E0       .0E0       .0E0       .0E0       .0E0 
 .63312E-1  .10845E-1   .99988E0       .0E0       .0E0       .0E0 
 .10409E-2   .38641E0       .0E0   .99994E0       .0E0       .0E0 
 .11389E-2   .53621E0       .0E0       .0E0   .99998E0       .0E0 
-.36354E-4   .20061E0       .0E0       .0E0       .0E0   .99999E0 

 1.9550000E+02 4.6160000E+01 1.4580000E+01 5.2960000E+00 2.0940000E+00
 8.4710000E-01 3.3680000E-01 1.2850000E-01

  .9344E-3       .0E0       .0E0       .0E0       .0E0 
 .74111E-2       .0E0       .0E0       .0E0       .0E0 
 .34971E-1       .0E0       .0E0       .0E0       .0E0 
  .11537E0       .0E0       .0E0       .0E0       .0E0 
  .25581E0   .99982E0       .0E0       .0E0       .0E0 
  .37138E0       .0E0   .99993E0       .0E0       .0E0 
  .34338E0       .0E0       .0E0   .99997E0       .0E0 
  .13533E0       .0E0       .0E0       .0E0   .99999E0 

 5.8790000E+00 2.3070000E+00 9.0500000E-01 3.5500000E-01

  .99998E0       .0E0       .0E0       .0E0 
      .0E0   .99973E0       .0E0       .0E0 
      .0E0       .0E0   .99989E0       .0E0 
      .0E0       .0E0       .0E0   .99996E0 

 4.0160000E+00 1.5540000E+00 6.0100000E-01

  .99996E0       .0E0       .0E0 
      .0E0   .99976E0       .0E0 
      .0E0       .0E0   .99991E0 

 3.3500000E+00 1.1890000E+00

  .99991E0       .0E0 
      .0E0   .99976E0 

 2.3190000E+00

   .9998E0 

F:cc-pV5Z(pt/sf/lc)
EMSL BASIS SET LIBRARY

  6
    0    1    2    3    4    5
    6    5    4    3    2    1
   14    8    4    3    2    1

 2.1140000E+05 3.1660000E+04 7.2020000E+03 2.0400000E+03 6.6640000E+02
 2.4200000E+02 9.5530000E+01 4.0230000E+01 1.7720000E+01 8.0050000E+00
 3.5380000E+00 1.4580000E+00 5.8870000E-01 2.3240000E-01

 .31467E-4 -.72983E-5       .0E0       .0E0       .0E0       .0E0 
 .21738E-3 -.50499E-4       .0E0       .0E0       .0E0       .0E0 
 .10995E-2 -.25513E-3       .0E0       .0E0       .0E0       .0E0 
 .45305E-2 -.10569E-2       .0E0       .0E0       .0E0       .0E0 
 .15965E-1 -.37397E-2       .0E0       .0E0       .0E0       .0E0 
 .48445E-1 -.11623E-1       .0E0       .0E0       .0E0       .0E0 
  .12364E0  -.3084E-1       .0E0       .0E0       .0E0       .0E0 
  .25172E0 -.69784E-1       .0E0       .0E0       .0E0       .0E0 
  .36413E0  -.12409E0       .0E0       .0E0       .0E0       .0E0 
  .27901E0  -.14984E0       .0E0       .0E0       .0E0       .0E0 
 .63287E-1   .1753E-1   .99984E0       .0E0       .0E0       .0E0 
  .1107E-2   .39341E0       .0E0   .99993E0       .0E0       .0E0 
 .12526E-2   .53161E0       .0E0       .0E0   .99997E0       .0E0 
-.34449E-4   .19546E0       .0E0       .0E0       .0E0   .99999E0 

 2.4190000E+02 5.7170000E+01 1.8130000E+01 6.6240000E+00 2.6220000E+00
 1.0570000E+00 4.1760000E-01 1.5740000E-01

 .10265E-2       .0E0       .0E0       .0E0       .0E0 
  .8107E-2       .0E0       .0E0       .0E0       .0E0 
 .38145E-1       .0E0       .0E0       .0E0       .0E0 
  .12387E0       .0E0       .0E0       .0E0       .0E0 
  .26604E0   .99978E0       .0E0       .0E0       .0E0 
  .37167E0       .0E0   .99991E0       .0E0       .0E0 
  .33282E0       .0E0       .0E0   .99996E0       .0E0 
  .12859E0       .0E0       .0E0       .0E0   .99999E0 

 7.7600000E+00 3.0320000E+00 1.1850000E+00 4.6300000E-01

  .99998E0       .0E0       .0E0       .0E0 
      .0E0   .99964E0       .0E0       .0E0 
      .0E0       .0E0   .99986E0       .0E0 
      .0E0       .0E0       .0E0   .99994E0 

 5.3980000E+00 2.0780000E+00 8.0000000E-01

  .99995E0       .0E0       .0E0 
      .0E0   .99968E0       .0E0 
      .0E0       .0E0   .99988E0 

 4.3380000E+00 1.5130000E+00

  .99989E0       .0E0 
      .0E0   .99968E0 

 2.9950000E+00

  .99974E0 

NE:cc-pV5Z(pt/sf/lc)
EMSL BASIS SET LIBRARY

  6
    0    1    2    3    4    5
    6    5    4    3    2    1
   14    8    4    3    2    1

 2.6270000E+05 3.9350000E+04 8.9550000E+03 2.5380000E+03 8.2990000E+02
 3.0150000E+02 1.1900000E+02 5.0000000E+01 2.1980000E+01 9.8910000E+00
 4.3270000E+00 1.8040000E+00 7.2880000E-01 2.8670000E-01

 .32664E-4 -.76925E-5       .0E0       .0E0       .0E0       .0E0 
 .22007E-3 -.51898E-4       .0E0       .0E0       .0E0       .0E0 
 .11037E-2 -.26011E-3       .0E0       .0E0       .0E0       .0E0 
 .45208E-2 -.10706E-2       .0E0       .0E0       .0E0       .0E0 
 .15895E-1 -.37822E-2       .0E0       .0E0       .0E0       .0E0 
  .4817E-1 -.11731E-1       .0E0       .0E0       .0E0       .0E0 
  .12345E0 -.31313E-1       .0E0       .0E0       .0E0       .0E0 
  .25274E0 -.71244E-1       .0E0       .0E0       .0E0       .0E0 
  .36581E0  -.12739E0       .0E0       .0E0       .0E0       .0E0 
  .27868E0  -.15072E0       .0E0       .0E0       .0E0       .0E0 
 .61339E-1  .26028E-1    .9998E0       .0E0       .0E0       .0E0 
 .93077E-3   .40065E0       .0E0   .99991E0       .0E0       .0E0 
   .136E-2   .52589E0       .0E0       .0E0   .99996E0       .0E0 
 -.3718E-4   .18954E0       .0E0       .0E0       .0E0   .99999E0 

 2.9910000E+02 7.0730000E+01 2.2480000E+01 8.2460000E+00 3.2690000E+00
 1.3150000E+00 5.1580000E-01 1.9180000E-01

 .10703E-2       .0E0       .0E0       .0E0       .0E0 
 .84451E-2       .0E0       .0E0       .0E0       .0E0 
 .39825E-1       .0E0       .0E0       .0E0       .0E0 
  .12818E0       .0E0       .0E0       .0E0       .0E0 
  .27031E0   .99973E0       .0E0       .0E0       .0E0 
  .37081E0       .0E0   .99989E0       .0E0       .0E0 
   .3284E0       .0E0       .0E0   .99996E0       .0E0 
  .12769E0       .0E0       .0E0       .0E0   .99998E0 

 9.8370000E+00 3.8440000E+00 1.5020000E+00 5.8700000E-01

  .99997E0       .0E0       .0E0       .0E0 
      .0E0   .99954E0       .0E0       .0E0 
      .0E0       .0E0   .99982E0       .0E0 
      .0E0       .0E0       .0E0   .99993E0 

 7.0900000E+00 2.7380000E+00 1.0570000E+00

  .99994E0       .0E0       .0E0 
      .0E0   .99958E0       .0E0 
      .0E0       .0E0   .99984E0 

 5.4600000E+00 1.8800000E+00

  .99986E0       .0E0 
      .0E0    .9996E0 

 3.7760000E+00

  .99967E0 

AL:cc-pV5Z(pt/sf/lc)
EMSL BASIS SET LIBRARY

  6
    0    1    2    3    4    5
    7    6    4    3    2    1
   20   12    4    3    2    1

 3.2690000E+06 4.8940000E+05 1.1140000E+05 3.1560000E+04 1.0320000E+04
 3.7310000E+03 1.4560000E+03 6.0410000E+02 2.6350000E+02 1.1980000E+02
 5.6320000E+01 2.7190000E+01 1.3260000E+01 6.0520000E+00 2.9810000E+00
 1.4760000E+00 7.3340000E-01 2.4470000E-01 1.0880000E-01 4.6720000E-02

 .47639E-5 -.12438E-5  .28729E-6       .0E0       .0E0       .0E0       .0E0 
 .24073E-4  -.6291E-5  .14521E-5       .0E0       .0E0       .0E0       .0E0 
 .10713E-3  -.2799E-4  .64689E-5       .0E0       .0E0       .0E0       .0E0 
 .41374E-3 -.10825E-3  .24977E-4       .0E0       .0E0       .0E0       .0E0 
  .1435E-2 -.37547E-3  .86834E-4       .0E0       .0E0       .0E0       .0E0 
  .4547E-2  -.1195E-2  .27563E-3       .0E0       .0E0       .0E0       .0E0 
 .13246E-1 -.34993E-2   .8104E-3       .0E0       .0E0       .0E0       .0E0 
 .35392E-1 -.95216E-2  .21985E-2       .0E0       .0E0       .0E0       .0E0 
 .85115E-1 -.23638E-1     .55E-2       .0E0       .0E0       .0E0       .0E0 
  .17655E0 -.52807E-1  .12276E-1       .0E0       .0E0       .0E0       .0E0 
  .29196E0  -.10033E0  .23783E-1       .0E0       .0E0       .0E0       .0E0 
  .32695E0   -.1504E0  .36048E-1       .0E0       .0E0       .0E0       .0E0 
  .18567E0  -.11752E0  .29947E-1       .0E0       .0E0       .0E0       .0E0 
 .30757E-1   .11062E0 -.31721E-1       .0E0       .0E0       .0E0       .0E0 
-.49931E-3   .41219E0  -.11949E0       .0E0       .0E0       .0E0       .0E0 
 .14735E-2   .45569E0   -.2116E0       .0E0       .0E0       .0E0       .0E0 
-.27456E-3   .17389E0  -.15567E0   .99997E0       .0E0       .0E0       .0E0 
 .11733E-3  .75357E-2   .34174E0       .0E0   .99999E0       .0E0       .0E0 
-.65358E-4 -.16236E-2    .6119E0       .0E0       .0E0       .1E1       .0E0 
 .17378E-4  .43571E-3    .2333E0       .0E0       .0E0       .0E0       .1E1 

 1.4610000E+03 3.4620000E+02 1.1220000E+02 4.2510000E+01 1.7720000E+01
 7.8520000E+00 3.5710000E+00 1.6370000E+00 7.3820000E-01 2.5770000E-01
 9.7730000E-02 3.6900000E-02

 .23564E-3 -.42024E-4       .0E0       .0E0       .0E0       .0E0 
 .18718E-2 -.33945E-3       .0E0       .0E0       .0E0       .0E0 
 .98845E-2 -.17685E-2       .0E0       .0E0       .0E0       .0E0 
 .38078E-1 -.69891E-2       .0E0       .0E0       .0E0       .0E0 
  .11122E0 -.20323E-1       .0E0       .0E0       .0E0       .0E0 
  .23442E0 -.44845E-1       .0E0       .0E0       .0E0       .0E0 
  .34509E0 -.64228E-1       .0E0       .0E0       .0E0       .0E0 
  .33107E0  -.7511E-1       .0E0       .0E0       .0E0       .0E0 
  .14694E0   .7523E-3   .99995E0       .0E0       .0E0       .0E0 
 .12168E-1   .28741E0       .0E0   .99998E0       .0E0       .0E0 
-.87579E-3   .54252E0       .0E0       .0E0   .99999E0       .0E0 
 .43962E-3   .30279E0       .0E0       .0E0       .0E0       .1E1 

 1.3170000E+00 5.2600000E-01 2.1000000E-01 8.4000000E-02

      .1E1       .0E0       .0E0       .0E0 
      .0E0   .99994E0       .0E0       .0E0 
      .0E0       .0E0   .99998E0       .0E0 
      .0E0       .0E0       .0E0   .99999E0 

 5.1300000E-01 2.5800000E-01 1.3000000E-01

  .99999E0       .0E0       .0E0 
      .0E0   .99997E0       .0E0 
      .0E0       .0E0   .99998E0 

 5.4300000E-01 2.5200000E-01

  .99998E0       .0E0 
      .0E0   .99996E0 

 4.4600000E-01

  .99996E0 

SI:cc-pV5Z(pt/sf/lc)
EMSL BASIS SET LIBRARY

  6
    0    1    2    3    4    5
    7    6    4    3    2    1
   20   12    4    3    2    1

 3.9480000E+06 5.9110000E+05 1.3450000E+05 3.8120000E+04 1.2460000E+04
 4.5040000E+03 1.7580000E+03 7.2910000E+02 3.1800000E+02 1.4460000E+02
 6.7970000E+01 3.2820000E+01 1.6030000E+01 7.3960000E+00 3.6610000E+00
 1.8230000E+00 9.1470000E-01 3.3930000E-01 1.5000000E-01 6.4380000E-02

 .50062E-5 -.13393E-5  .34383E-6       .0E0       .0E0       .0E0       .0E0 
 .24258E-4  -.6496E-5  .16668E-5       .0E0       .0E0       .0E0       .0E0 
 .10552E-3 -.28255E-4  .72579E-5       .0E0       .0E0       .0E0       .0E0 
 .40186E-3 -.10775E-3  .27637E-4       .0E0       .0E0       .0E0       .0E0 
  .1385E-2 -.37145E-3  .95476E-4       .0E0       .0E0       .0E0       .0E0 
 .43672E-2  -.1176E-2  .30157E-3       .0E0       .0E0       .0E0       .0E0 
   .127E-1 -.34383E-2  .88499E-3       .0E0       .0E0       .0E0       .0E0 
 .33962E-1  -.9356E-2   .2402E-2       .0E0       .0E0       .0E0       .0E0 
 .81864E-1 -.23273E-1  .60191E-2       .0E0       .0E0       .0E0       .0E0 
  .17106E0 -.52256E-1  .13516E-1       .0E0       .0E0       .0E0       .0E0 
  .28679E0  -.10038E0  .26469E-1       .0E0       .0E0       .0E0       .0E0 
  .32891E0   -.1526E0  .40787E-1       .0E0       .0E0       .0E0       .0E0 
  .19509E0  -.12567E0  .35689E-1       .0E0       .0E0       .0E0       .0E0 
 .35078E-1  .97729E-1 -.31461E-1       .0E0       .0E0       .0E0       .0E0 
-.52478E-3   .41543E0    -.137E0       .0E0       .0E0       .0E0       .0E0 
 .15957E-2   .46605E0  -.25086E0       .0E0       .0E0       .0E0       .0E0 
-.36728E-3   .17153E0   -.1558E0   .99996E0       .0E0       .0E0       .0E0 
 .14443E-3  .81998E-2   .37624E0       .0E0   .99998E0       .0E0       .0E0 
-.77764E-4 -.97783E-3   .61512E0       .0E0       .0E0   .99999E0       .0E0 
  .1893E-4  .35934E-3   .21876E0       .0E0       .0E0       .0E0       .1E1 

 1.7800000E+03 4.2180000E+02 1.3670000E+02 5.1810000E+01 2.1600000E+01
 9.5630000E+00 4.3500000E+00 2.0060000E+00 9.2050000E-01 3.5000000E-01
 1.3810000E-01 5.3380000E-02

 .23283E-3 -.49134E-4       .0E0       .0E0       .0E0       .0E0 
 .18217E-2  -.3901E-3       .0E0       .0E0       .0E0       .0E0 
   .966E-2 -.20466E-2       .0E0       .0E0       .0E0       .0E0 
 .37538E-1 -.81443E-2       .0E0       .0E0       .0E0       .0E0 
  .11117E0 -.24144E-1       .0E0       .0E0       .0E0       .0E0 
  .23812E0 -.54077E-1       .0E0       .0E0       .0E0       .0E0 
   .3535E0 -.79235E-1       .0E0       .0E0       .0E0       .0E0 
  .32835E0 -.88474E-1       .0E0       .0E0       .0E0       .0E0 
  .13218E0  .20603E-1   .99993E0       .0E0       .0E0       .0E0 
  .1039E-1    .3305E0       .0E0   .99997E0       .0E0       .0E0 
 -.5684E-4   .51641E0       .0E0       .0E0   .99999E0       .0E0 
 .32888E-3   .27759E0       .0E0       .0E0       .0E0       .1E1 

 2.0820000E+00 8.1700000E-01 3.2100000E-01 1.2600000E-01

  .99999E0       .0E0       .0E0       .0E0 
      .0E0    .9999E0       .0E0       .0E0 
      .0E0       .0E0   .99996E0       .0E0 
      .0E0       .0E0       .0E0   .99999E0 

 6.8800000E-01 3.4100000E-01 1.6900000E-01

  .99999E0       .0E0       .0E0 
      .0E0   .99996E0       .0E0 
      .0E0       .0E0   .99998E0 

 7.0500000E-01 3.2000000E-01

  .99998E0       .0E0 
      .0E0   .99995E0 

 5.8300000E-01

  .99995E0 

P:cc-pV5Z(pt/sf/lc)
EMSL BASIS SET LIBRARY

  6
    0    1    2    3    4    5
    7    6    4    3    2    1
   20   12    4    3    2    1

 4.6660000E+06 6.9860000E+05 1.5900000E+05 4.5040000E+04 1.4720000E+04
 5.3230000E+03 2.0760000E+03 8.6110000E+02 3.7570000E+02 1.7080000E+02
 8.0290000E+01 3.8770000E+01 1.8930000E+01 8.7960000E+00 4.3580000E+00
 2.1740000E+00 1.0950000E+00 4.4000000E-01 1.9450000E-01 8.3760000E-02

 .53221E-5 -.14536E-5  .40086E-6       .0E0       .0E0       .0E0       .0E0 
 .24797E-4 -.67799E-5   .1869E-5       .0E0       .0E0       .0E0       .0E0 
 .10547E-3  -.2884E-4   .7957E-5       .0E0       .0E0       .0E0       .0E0 
 .39671E-3 -.10862E-3  .29934E-4       .0E0       .0E0       .0E0       .0E0 
 .13551E-2 -.37114E-3  .10245E-3       .0E0       .0E0       .0E0       .0E0 
 .42563E-2 -.11703E-2  .32251E-3       .0E0       .0E0       .0E0       .0E0 
 .12362E-1 -.34174E-2  .94458E-3       .0E0       .0E0       .0E0       .0E0 
  .3299E-1 -.92765E-2  .25599E-2       .0E0       .0E0       .0E0       .0E0 
 .79671E-1 -.23111E-1   .6419E-2       .0E0       .0E0       .0E0       .0E0 
  .16737E0 -.52105E-1  .14495E-1       .0E0       .0E0       .0E0       .0E0 
  .28299E0  -.10076E0  .28543E-1       .0E0       .0E0       .0E0       .0E0 
  .33033E0  -.15494E0  .44654E-1       .0E0       .0E0       .0E0       .0E0 
  .20158E0   -.1317E0  .40188E-1       .0E0       .0E0       .0E0       .0E0 
 .37853E-1   .9145E-1 -.31544E-1       .0E0       .0E0       .0E0       .0E0 
-.37534E-3   .42432E0   -.1547E0       .0E0       .0E0       .0E0       .0E0 
 .15653E-2   .47253E0  -.28345E0       .0E0       .0E0       .0E0       .0E0 
-.40625E-3    .1623E0  -.14608E0   .99996E0       .0E0       .0E0       .0E0 
 .15093E-3   .8154E-2   .40417E0       .0E0   .99998E0       .0E0       .0E0 
-.81126E-4 -.29676E-3   .61279E0       .0E0       .0E0   .99999E0       .0E0 
 .17887E-4   .2939E-3   .20939E0       .0E0       .0E0       .0E0       .1E1 

 2.0100000E+03 4.7630000E+02 1.5440000E+02 5.8510000E+01 2.4400000E+01
 1.0800000E+01 4.9130000E+00 2.2690000E+00 1.0430000E+00 4.3130000E-01
 1.7670000E-01 7.0090000E-02

 .25438E-3 -.59911E-4       .0E0       .0E0       .0E0       .0E0 
 .19637E-2 -.46652E-3       .0E0       .0E0       .0E0       .0E0 
 .10393E-1 -.24602E-2       .0E0       .0E0       .0E0       .0E0 
 .40363E-1 -.97298E-2       .0E0       .0E0       .0E0       .0E0 
  .11905E0 -.29029E-1       .0E0       .0E0       .0E0       .0E0 
  .25202E0 -.63785E-1       .0E0       .0E0       .0E0       .0E0 
  .36626E0 -.93854E-1       .0E0       .0E0       .0E0       .0E0 
  .31549E0  -.9266E-1       .0E0       .0E0       .0E0       .0E0 
   .1045E0   .5626E-1   .99992E0       .0E0       .0E0       .0E0 
   .636E-2   .36458E0       .0E0   .99997E0       .0E0       .0E0 
 .90099E-3   .48735E0       .0E0       .0E0   .99999E0       .0E0 
 .17947E-3    .2509E0       .0E0       .0E0       .0E0   .99999E0 

 2.6560000E+00 1.0540000E+00 4.1800000E-01 1.6600000E-01

  .99999E0       .0E0       .0E0       .0E0 
      .0E0   .99988E0       .0E0       .0E0 
      .0E0       .0E0   .99995E0       .0E0 
      .0E0       .0E0       .0E0   .99998E0 

 9.2300000E-01 4.5000000E-01 2.1900000E-01

  .99999E0       .0E0       .0E0 
      .0E0   .99994E0       .0E0 
      .0E0       .0E0   .99997E0 

 9.0300000E-01 4.1200000E-01

  .99997E0       .0E0 
      .0E0   .99993E0 

 7.4500000E-01

  .99994E0 

S:cc-pV5Z(pt/sf/lc)
EMSL BASIS SET LIBRARY

  6
    0    1    2    3    4    5
    7    6    4    3    2    1
   20   12    4    3    2    1

 5.4810000E+06 8.2060000E+05 1.8670000E+05 5.2880000E+04 1.7250000E+04
 6.2260000E+03 2.4290000E+03 1.0070000E+03 4.3950000E+02 1.9980000E+02
 9.3920000E+01 4.5340000E+01 2.2150000E+01 1.0340000E+01 5.1190000E+00
 2.5530000E+00 1.2820000E+00 5.4500000E-01 2.4110000E-01 1.0350000E-01

 .56423E-5 -.15688E-5  .45596E-6       .0E0       .0E0       .0E0       .0E0 
  .2533E-4 -.70505E-5  .20486E-5       .0E0       .0E0       .0E0       .0E0 
 .10539E-3 -.29346E-4  .85328E-5       .0E0       .0E0       .0E0       .0E0 
  .3908E-3 -.10894E-3  .31649E-4       .0E0       .0E0       .0E0       .0E0 
 .13304E-2 -.37108E-3  .10795E-3       .0E0       .0E0       .0E0       .0E0 
 .41556E-2 -.11633E-2  .33797E-3       .0E0       .0E0       .0E0       .0E0 
 .12036E-1 -.33885E-2  .98699E-3       .0E0       .0E0       .0E0       .0E0 
 .32106E-1 -.91875E-2  .26733E-2       .0E0       .0E0       .0E0       .0E0 
 .77579E-1   -.229E-1  .67029E-2       .0E0       .0E0       .0E0       .0E0 
  .16375E0 -.51794E-1    .152E-1       .0E0       .0E0       .0E0       .0E0 
  .27932E0  -.10089E0  .30132E-1       .0E0       .0E0       .0E0       .0E0 
  .33135E0  -.15666E0  .47711E-1       .0E0       .0E0       .0E0       .0E0 
  .20777E0  -.13733E0  .44199E-1       .0E0       .0E0       .0E0       .0E0 
 .41031E-1    .852E-1  -.3092E-1       .0E0       .0E0       .0E0       .0E0 
-.44019E-3   .43289E0  -.17048E0       .0E0       .0E0       .0E0       .0E0 
 .16628E-2   .47876E0   -.3111E0       .0E0       .0E0       .0E0       .0E0 
-.50835E-3    .1539E0  -.13229E0   .99995E0       .0E0       .0E0       .0E0 
 .18554E-3  .76274E-2   .42882E0       .0E0   .99997E0       .0E0       .0E0 
-.98033E-4  .37625E-3   .61088E0       .0E0       .0E0   .99999E0       .0E0 
 .20452E-4  .22556E-3   .19695E0       .0E0       .0E0       .0E0       .1E1 

 2.2000000E+03 5.2140000E+02 1.6900000E+02 6.4050000E+01 2.6720000E+01
 1.1830000E+01 5.3780000E+00 2.4820000E+00 1.1160000E+00 4.8480000E-01
 2.0060000E-01 7.9510000E-02

 .28609E-3 -.72839E-4       .0E0       .0E0       .0E0       .0E0 
 .21856E-2 -.55811E-3       .0E0       .0E0       .0E0       .0E0 
 .11506E-1 -.29484E-2       .0E0       .0E0       .0E0       .0E0 
 .44537E-1 -.11559E-1       .0E0       .0E0       .0E0       .0E0 
  .12976E0 -.34424E-1       .0E0       .0E0       .0E0       .0E0 
  .26932E0 -.73572E-1       .0E0       .0E0       .0E0       .0E0 
  .37821E0  -.10764E0       .0E0       .0E0       .0E0       .0E0 
  .29601E0 -.87318E-1       .0E0       .0E0       .0E0       .0E0 
 .77793E-1   .10946E0   .99992E0       .0E0       .0E0       .0E0 
 .22108E-2   .40393E0       .0E0   .99996E0       .0E0       .0E0 
 .16164E-2    .4654E0       .0E0       .0E0   .99998E0       .0E0 
 .23676E-4   .19229E0       .0E0       .0E0       .0E0   .99999E0 

 3.2030000E+00 1.2810000E+00 5.1200000E-01 2.0500000E-01

  .99999E0       .0E0       .0E0       .0E0 
      .0E0   .99985E0       .0E0       .0E0 
      .0E0       .0E0   .99994E0       .0E0 
      .0E0       .0E0       .0E0   .99998E0 

 1.0960000E+00 5.2900000E-01 2.5500000E-01

  .99998E0       .0E0       .0E0 
      .0E0   .99993E0       .0E0 
      .0E0       .0E0   .99997E0 

 1.0710000E+00 4.6300000E-01

  .99997E0       .0E0 
      .0E0   .99992E0 

 8.7200000E-01

  .99992E0 

CL:cc-pV5Z(pt/sf/lc)
EMSL BASIS SET LIBRARY

  6
    0    1    2    3    4    5
    7    6    4    3    2    1
   20   12    4    3    2    1

 6.4100000E+06 9.5960000E+05 2.1830000E+05 6.1810000E+04 2.0140000E+04
 7.2640000E+03 2.8320000E+03 1.1750000E+03 5.1260000E+02 2.3300000E+02
 1.0950000E+02 5.2860000E+01 2.5840000E+01 1.2170000E+01 6.0300000E+00
 3.0120000E+00 1.5110000E+00 6.6040000E-01 2.9260000E-01 1.2540000E-01

 .59604E-5 -.16831E-5  .50944E-6       .0E0       .0E0       .0E0       .0E0 
 .25838E-4 -.73046E-5  .22105E-5       .0E0       .0E0       .0E0       .0E0 
 .10503E-3 -.29708E-4  .89956E-5       .0E0       .0E0       .0E0       .0E0 
 .38436E-3 -.10885E-3  .32934E-4       .0E0       .0E0       .0E0       .0E0 
 .12975E-2 -.36771E-3   .1114E-3       .0E0       .0E0       .0E0       .0E0 
 .40394E-2 -.11487E-2   .3476E-3       .0E0       .0E0       .0E0       .0E0 
 .11651E-1 -.33322E-2  .10107E-2       .0E0       .0E0       .0E0       .0E0 
 .31038E-1 -.90175E-2  .27333E-2       .0E0       .0E0       .0E0       .0E0 
 .75196E-1 -.22527E-1  .68659E-2       .0E0       .0E0       .0E0       .0E0 
  .15947E0 -.51098E-1  .15625E-1       .0E0       .0E0       .0E0       .0E0 
  .27482E0  -.10033E0  .31205E-1       .0E0       .0E0       .0E0       .0E0 
   .3321E0  -.15753E0  .50046E-1       .0E0       .0E0       .0E0       .0E0 
  .21521E0  -.14334E0  .48064E-1       .0E0       .0E0       .0E0       .0E0 
 .45031E-1  .74029E-1 -.28003E-1       .0E0       .0E0       .0E0       .0E0 
-.12808E-3   .43287E0  -.18016E0       .0E0       .0E0       .0E0       .0E0 
 .16105E-2   .48739E0  -.33193E0       .0E0       .0E0       .0E0       .0E0 
-.51196E-3   .15503E0  -.12666E0   .99994E0       .0E0       .0E0       .0E0 
 .17663E-3  .81189E-2   .44478E0       .0E0   .99997E0       .0E0       .0E0 
 -.9799E-4  .74327E-3   .60924E0       .0E0       .0E0   .99999E0       .0E0 
 .18787E-4  .22484E-3   .18984E0       .0E0       .0E0       .0E0   .99999E0 

 2.5480000E+03 6.0370000E+02 1.9560000E+02 7.4150000E+01 3.0940000E+01
 1.3690000E+01 6.2290000E+00 2.8780000E+00 1.2820000E+00 5.6410000E-01
 2.3480000E-01 9.3120000E-02

 .28937E-3 -.78024E-4       .0E0       .0E0       .0E0       .0E0 
 .21761E-2 -.58703E-3       .0E0       .0E0       .0E0       .0E0 
 .11467E-1 -.31137E-2       .0E0       .0E0       .0E0       .0E0 
 .44532E-1 -.12219E-1       .0E0       .0E0       .0E0       .0E0 
  .13071E0 -.36836E-1       .0E0       .0E0       .0E0       .0E0 
  .27328E0 -.79128E-1       .0E0       .0E0       .0E0       .0E0 
  .38326E0  -.11722E0       .0E0       .0E0       .0E0       .0E0 
  .29098E0 -.85464E-1       .0E0       .0E0       .0E0       .0E0 
 .70201E-1   .14082E0    .9999E0       .0E0       .0E0       .0E0 
 .12993E-2   .42208E0       .0E0   .99996E0       .0E0       .0E0 
  .1823E-2   .44597E0       .0E0       .0E0   .99998E0       .0E0 
 .21558E-4    .1668E0       .0E0       .0E0       .0E0   .99999E0 

 3.7810000E+00 1.5290000E+00 6.1800000E-01 2.5000000E-01

  .99999E0       .0E0       .0E0       .0E0 
      .0E0   .99982E0       .0E0       .0E0 
      .0E0       .0E0   .99993E0       .0E0 
      .0E0       .0E0       .0E0   .99997E0 

 1.3450000E+00 6.5600000E-01 3.2000000E-01

  .99998E0       .0E0       .0E0 
      .0E0   .99992E0       .0E0 
      .0E0       .0E0   .99996E0 

 1.3020000E+00 5.5600000E-01

  .99996E0       .0E0 
      .0E0    .9999E0 

 1.0530000E+00

  .99991E0 

AR:cc-pV5Z(pt/sf/lc)
EMSL BASIS SET LIBRARY

  6
    0    1    2    3    4    5
    7    6    4    3    2    1
   20   12    4    3    2    1

 7.4010000E+06 1.1080000E+06 2.5210000E+05 7.1380000E+04 2.3260000E+04
 8.3900000E+03 3.2710000E+03 1.3570000E+03 5.9200000E+02 2.6910000E+02
 1.2650000E+02 6.1030000E+01 2.9860000E+01 1.4170000E+01 7.0220000E+00
 3.5110000E+00 1.7580000E+00 7.8410000E-01 3.4800000E-01 1.4910000E-01

 .63272E-5 -.18112E-5  .56629E-6       .0E0       .0E0       .0E0       .0E0 
  .2654E-4 -.76064E-5  .23779E-5       .0E0       .0E0       .0E0       .0E0 
 .10554E-3 -.30269E-4  .94676E-5       .0E0       .0E0       .0E0       .0E0 
 .38032E-3  -.1092E-3  .34136E-4       .0E0       .0E0       .0E0       .0E0 
 .12723E-2 -.36566E-3  .11442E-3       .0E0       .0E0       .0E0       .0E0 
 .39373E-2 -.11352E-2  .35492E-3       .0E0       .0E0       .0E0       .0E0 
 .11326E-1 -.32848E-2  .10291E-2       .0E0       .0E0       .0E0       .0E0 
 .30127E-1 -.88703E-2  .27781E-2       .0E0       .0E0       .0E0       .0E0 
 .73089E-1 -.22184E-1  .69839E-2       .0E0       .0E0       .0E0       .0E0 
  .15552E0 -.50399E-1  .15928E-1       .0E0       .0E0       .0E0       .0E0 
  .27057E0 -.99689E-1   .3203E-1       .0E0       .0E0       .0E0       .0E0 
  .33272E0  -.15823E0  .51996E-1       .0E0       .0E0       .0E0       .0E0 
  .22163E0  -.14845E0  .51431E-1       .0E0       .0E0       .0E0       .0E0 
 .49158E-1  .63717E-1 -.24894E-1       .0E0       .0E0       .0E0       .0E0 
 .65287E-4   .43236E0  -.18824E0       .0E0       .0E0       .0E0       .0E0 
 .16543E-2   .49517E0  -.34949E0       .0E0       .0E0       .0E0       .0E0 
-.56922E-3   .15647E0   -.1214E0   .99993E0       .0E0       .0E0       .0E0 
 .19211E-3   .8511E-2   .45799E0       .0E0   .99996E0       .0E0       .0E0 
-.10901E-3  .10935E-2   .60678E0       .0E0       .0E0   .99998E0       .0E0 
  .2013E-4  .22136E-3   .18437E0       .0E0       .0E0       .0E0   .99999E0 

 2.9270000E+03 6.9350000E+02 2.2470000E+02 8.5170000E+01 3.5530000E+01
 1.5730000E+01 7.1650000E+00 3.3220000E+00 1.4780000E+00 6.5520000E-01
 2.7510000E-01 1.0970000E-01

 .29264E-3  -.8189E-4       .0E0       .0E0       .0E0       .0E0 
 .21641E-2   -.605E-3       .0E0       .0E0       .0E0       .0E0 
  .1139E-1 -.32117E-2       .0E0       .0E0       .0E0       .0E0 
 .44476E-1 -.12655E-1       .0E0       .0E0       .0E0       .0E0 
   .1312E0 -.38474E-1       .0E0       .0E0       .0E0       .0E0 
  .27615E0 -.83159E-1       .0E0       .0E0       .0E0       .0E0 
  .38713E0  -.12435E0       .0E0       .0E0       .0E0       .0E0 
  .28634E0 -.82486E-1       .0E0       .0E0       .0E0       .0E0 
 .65468E-1   .16462E0   .99989E0       .0E0       .0E0       .0E0 
 .15762E-3   .43114E0       .0E0   .99995E0       .0E0       .0E0 
 .11343E-2   .42857E0       .0E0       .0E0   .99998E0       .0E0 
-.25151E-3   .15408E0       .0E0       .0E0       .0E0   .99999E0 

 4.7760000E+00 1.9170000E+00 7.7000000E-01 3.0900000E-01

  .99999E0       .0E0       .0E0       .0E0 
      .0E0   .99978E0       .0E0       .0E0 
      .0E0       .0E0   .99991E0       .0E0 
      .0E0       .0E0       .0E0   .99996E0 

 1.6680000E+00 8.2500000E-01 4.0800000E-01

  .99998E0       .0E0       .0E0 
      .0E0    .9999E0       .0E0 
      .0E0       .0E0   .99995E0 

 1.5620000E+00 6.6500000E-01

  .99995E0       .0E0 
      .0E0   .99989E0 

 1.2640000E+00

  .99989E0 

GA:cc-pV5Z(pt/sf/lc)
EMSL BASIS SET LIBRARY

  6
    0    1    2    3    4    5
    8    7    5    3    2    1
   26   17   13    3    2    1

 1.0861522E+08 1.6264540E+07 3.7001116E+06 1.0471691E+06 3.4106757E+05
 1.2277154E+05 4.7659578E+04 1.9633354E+04 8.4887347E+03 3.8231381E+03
 1.7844755E+03 8.6005305E+02 4.2669867E+02 2.1726161E+02 1.1296987E+02
 5.9449441E+01 3.0782256E+01 1.6423212E+01 8.7578890E+00 4.4096290E+00
 2.2494490E+00 1.1261150E+00 5.1548600E-01 2.4257800E-01 1.0708600E-01
 4.6988000E-02

 .48569E-5 -.15395E-5  .58926E-6 -.13823E-6       .0E0       .0E0       .0E0 
      .0E0 
 .14559E-4 -.46205E-5  .17688E-5 -.41493E-6       .0E0       .0E0       .0E0 
      .0E0 
 .42433E-4 -.13491E-4  .51658E-5 -.12118E-5       .0E0       .0E0       .0E0 
      .0E0 
 .11434E-3 -.36426E-4   .1395E-4 -.32728E-5       .0E0       .0E0       .0E0 
      .0E0 
 .30667E-3 -.97931E-4  .37523E-4 -.88026E-5       .0E0       .0E0       .0E0 
      .0E0 
 .80914E-3 -.25893E-3  .99208E-4 -.23278E-4       .0E0       .0E0       .0E0 
      .0E0 
 .21104E-2 -.67743E-3  .25975E-3 -.60938E-4       .0E0       .0E0       .0E0 
      .0E0 
 .53828E-2 -.17343E-2  .66502E-3 -.15606E-3       .0E0       .0E0       .0E0 
      .0E0 
 .13318E-1 -.43268E-2  .16617E-2  -.3899E-3       .0E0       .0E0       .0E0 
      .0E0 
 .31514E-1  -.1039E-1  .39949E-2 -.93791E-3       .0E0       .0E0       .0E0 
      .0E0 
 .69761E-1  -.2374E-1  .91721E-2 -.21536E-2       .0E0       .0E0       .0E0 
      .0E0 
  .13929E0 -.50297E-1  .19561E-1    -.46E-2       .0E0       .0E0       .0E0 
      .0E0 
  .23574E0  -.9563E-1  .37809E-1 -.89031E-2       .0E0       .0E0       .0E0 
      .0E0 
  .30315E0  -.15105E0  .61321E-1 -.14508E-1       .0E0       .0E0       .0E0 
      .0E0 
  .24489E0  -.16578E0  .70763E-1  -.1682E-1       .0E0       .0E0       .0E0 
      .0E0 
 .91596E-1  -.2798E-1  .11695E-1 -.28387E-2       .0E0       .0E0       .0E0 
      .0E0 
 .92111E-2   .31324E0  -.17322E0  .42827E-1       .0E0       .0E0       .0E0 
      .0E0 
 .56401E-3   .52214E0    -.405E0   .10469E0       .0E0       .0E0       .0E0 
      .0E0 
-.57936E-4   .28493E0  -.27234E0  .72249E-1       .0E0       .0E0       .0E0 
      .0E0 
 .12341E-4  .41077E-1   .29646E0 -.93904E-1       .0E0       .0E0       .0E0 
      .0E0 
-.61555E-4  .13186E-2   .63531E0  -.22871E0       .0E0       .0E0       .0E0 
      .0E0 
 .16199E-4  .10693E-2   .35022E0  -.24768E0       .0E0       .0E0       .0E0 
      .0E0 
-.11067E-4 -.13873E-3  .34988E-1 -.12868E-1   .99998E0       .0E0       .0E0 
      .0E0 
 .55911E-5  .84884E-4 -.10405E-2   .44507E0       .0E0   .99999E0       .0E0 
      .0E0 
-.21803E-5 -.34269E-4  .35905E-3   .56767E0       .0E0       .0E0       .1E1 
      .0E0 
 .58234E-6  .78264E-5  -.3431E-4   .16722E0       .0E0       .0E0       .0E0 
      .1E1 

 3.2152190E+04 7.6093842E+03 2.4714744E+03 9.4606363E+02 4.0194711E+02
 1.8364688E+02 8.8533264E+01 4.4270355E+01 2.2723083E+01 1.1823141E+01
 6.0421350E+00 3.0317540E+00 1.4933660E+00 7.0972700E-01 2.4859300E-01
 9.4395000E-02 3.5887000E-02

 .10144E-3 -.38602E-4  .62838E-5       .0E0       .0E0       .0E0       .0E0 
  .4036E-3 -.15376E-3  .25182E-4       .0E0       .0E0       .0E0       .0E0 
 .18684E-2 -.71446E-3  .11602E-3       .0E0       .0E0       .0E0       .0E0 
 .73945E-2 -.28394E-2  .46597E-3       .0E0       .0E0       .0E0       .0E0 
 .25468E-1 -.99033E-2  .16096E-2       .0E0       .0E0       .0E0       .0E0 
 .73489E-1 -.29188E-1  .48108E-2       .0E0       .0E0       .0E0       .0E0 
  .17046E0 -.70339E-1  .11481E-1       .0E0       .0E0       .0E0       .0E0 
  .29695E0  -.12814E0    .214E-1       .0E0       .0E0       .0E0       .0E0 
  .34631E0  -.15708E0  .25598E-1       .0E0       .0E0       .0E0       .0E0 
  .21366E0 -.37474E-1  .57239E-2       .0E0       .0E0       .0E0       .0E0 
 .50688E-1   .24905E0 -.51071E-1       .0E0       .0E0       .0E0       .0E0 
 .33096E-2   .44647E0 -.84205E-1       .0E0       .0E0       .0E0       .0E0 
 .97025E-3   .34819E0 -.89326E-1       .0E0       .0E0       .0E0       .0E0 
 .34914E-4   .10194E0  .22036E-1   .99995E0       .0E0       .0E0       .0E0 
 .45751E-4  .51696E-2   .31289E0       .0E0   .99998E0       .0E0       .0E0 
-.19416E-4 -.12358E-3   .53284E0       .0E0       .0E0   .99999E0       .0E0 
 .54284E-5  .12635E-3   .28534E0       .0E0       .0E0       .0E0       .1E1 

 1.0405046E+03 3.1459714E+02 1.2278760E+02 5.4760369E+01 2.6298944E+01
 1.3263445E+01 6.8850650E+00 3.5795250E+00 1.8315640E+00 9.1290900E-01
 4.3534000E-01 1.8851800E-01 7.5800000E-02

 .10237E-3       .0E0       .0E0       .0E0       .0E0 
 .90362E-3       .0E0       .0E0       .0E0       .0E0 
 .51023E-2       .0E0       .0E0       .0E0       .0E0 
  .2001E-1       .0E0       .0E0       .0E0       .0E0 
 .58088E-1       .0E0       .0E0       .0E0       .0E0 
  .13093E0       .0E0       .0E0       .0E0       .0E0 
  .22061E0       .0E0       .0E0       .0E0       .0E0 
  .28136E0       .0E0       .0E0       .0E0       .0E0 
  .28309E0       .0E0       .0E0       .0E0       .0E0 
  .21696E0   .99991E0       .0E0       .0E0       .0E0 
  .10805E0       .0E0   .99996E0       .0E0       .0E0 
 .21736E-1       .0E0       .0E0   .99998E0       .0E0 
 .30223E-3       .0E0       .0E0       .0E0   .99999E0 

 5.9600000E-01 2.8260000E-01 1.3400000E-01

  .99999E0       .0E0       .0E0 
      .0E0   .99996E0       .0E0 
      .0E0       .0E0   .99998E0 

 6.1460000E-01 2.7500000E-01

  .99998E0       .0E0 
      .0E0   .99996E0 

 4.9860000E-01

  .99996E0 

GE:cc-pV5Z(pt/sf/lc)
EMSL BASIS SET LIBRARY

  6
    0    1    2    3    4    5
    8    7    5    3    2    1
   26   17   13    3    2    1

 1.2200119E+08 1.8257470E+07 4.1508215E+06 1.1741018E+06 3.8230915E+05
 1.3760796E+05 5.3419242E+04 2.2005756E+04 9.5138479E+03 4.2841756E+03
 1.9991664E+03 9.6324716E+02 4.7780500E+02 2.4331589E+02 1.2663999E+02
 6.6783579E+01 3.4416084E+01 1.8372814E+01 9.8054610E+00 4.9694030E+00
 2.5486230E+00 1.2845940E+00 5.8335300E-01 2.9343900E-01 1.3267200E-01
 5.9239000E-02

 .50123E-5 -.15965E-5  .61747E-6 -.15957E-6       .0E0       .0E0       .0E0 
      .0E0 
 .14897E-4 -.47509E-5  .18377E-5 -.47489E-6       .0E0       .0E0       .0E0 
      .0E0 
 .42963E-4 -.13726E-4   .5311E-5 -.13725E-5       .0E0       .0E0       .0E0 
      .0E0 
 .11425E-3 -.36578E-4  .14155E-4 -.36581E-5       .0E0       .0E0       .0E0 
      .0E0 
 .30241E-3 -.97063E-4   .3758E-4 -.97129E-5       .0E0       .0E0       .0E0 
      .0E0 
 .78828E-3 -.25356E-3  .98175E-4 -.25373E-4       .0E0       .0E0       .0E0 
      .0E0 
 .20363E-2 -.65714E-3  .25462E-3 -.65818E-4       .0E0       .0E0       .0E0 
      .0E0 
 .51568E-2 -.16703E-2  .64719E-3 -.16728E-3       .0E0       .0E0       .0E0 
      .0E0 
   .127E-1 -.41472E-2  .16095E-2 -.41613E-3       .0E0       .0E0       .0E0 
      .0E0 
 .29989E-1 -.99304E-2  .38582E-2 -.99755E-3       .0E0       .0E0       .0E0 
      .0E0 
 .66453E-1 -.22685E-1  .88547E-2 -.22914E-2       .0E0       .0E0       .0E0 
      .0E0 
  .13337E0 -.48171E-1  .18923E-1 -.48998E-2       .0E0       .0E0       .0E0 
      .0E0 
  .22833E0 -.92194E-1  .36794E-1 -.95512E-2       .0E0       .0E0       .0E0 
      .0E0 
  .30038E0  -.14761E0  .60435E-1 -.15737E-1       .0E0       .0E0       .0E0 
      .0E0 
  .25315E0  -.16828E0  .72342E-1  -.1898E-1       .0E0       .0E0       .0E0 
      .0E0 
  .10247E0 -.44483E-1  .19437E-1 -.51055E-2       .0E0       .0E0       .0E0 
      .0E0 
  .1184E-1   .28958E0   -.1603E0  .43531E-1       .0E0       .0E0       .0E0 
      .0E0 
 .37673E-3   .52329E0  -.40141E0   .11475E0       .0E0       .0E0       .0E0 
      .0E0 
 .68554E-4   .30666E0  -.29969E0    .877E-1       .0E0       .0E0       .0E0 
      .0E0 
-.45686E-4  .48515E-1   .26173E0  -.9099E-1       .0E0       .0E0       .0E0 
      .0E0 
-.31554E-4  .14763E-2   .64332E0  -.25898E0       .0E0       .0E0       .0E0 
      .0E0 
-.39797E-6  .11899E-2   .37474E0   -.2898E0       .0E0       .0E0       .0E0 
      .0E0 
-.31225E-5 -.19543E-3  .38678E-1 -.11433E-3   .99997E0       .0E0       .0E0 
      .0E0 
 .19198E-5  .10976E-3 -.19057E-2   .48802E0       .0E0   .99999E0       .0E0 
      .0E0 
-.57635E-6 -.46396E-4  .66665E-3   .55507E0       .0E0       .0E0   .99999E0 
      .0E0 
 .18893E-6  .93117E-5 -.57202E-4   .15015E0       .0E0       .0E0       .0E0 
      .1E1 

 3.2314970E+04 7.6482002E+03 2.4842114E+03 9.5100305E+02 4.0404833E+02
 1.8460354E+02 8.8964128E+01 4.4447742E+01 2.2799075E+01 1.1835928E+01
 6.0112940E+00 2.9957840E+00 1.4695700E+00 6.9068100E-01 2.8616000E-01
 1.1774200E-01 4.7385000E-02

 .11428E-3 -.44152E-4   .8628E-5       .0E0       .0E0       .0E0       .0E0 
 .45332E-3 -.17539E-3  .34355E-4       .0E0       .0E0       .0E0       .0E0 
 .20906E-2 -.81186E-3  .15856E-3       .0E0       .0E0       .0E0       .0E0 
 .82333E-2 -.32125E-2  .63017E-3       .0E0       .0E0       .0E0       .0E0 
 .28179E-1 -.11142E-1  .21796E-2       .0E0       .0E0       .0E0       .0E0 
 .80477E-1  -.3256E-1  .64146E-2       .0E0       .0E0       .0E0       .0E0 
  .18336E0 -.77175E-1   .1519E-1       .0E0       .0E0       .0E0       .0E0 
  .31027E0  -.13695E0  .27305E-1       .0E0       .0E0       .0E0       .0E0 
  .34232E0  -.15686E0  .31027E-1       .0E0       .0E0       .0E0       .0E0 
  .19231E0 -.91737E-2    -.39E-3       .0E0       .0E0       .0E0       .0E0 
 .39709E-1   .29179E0 -.70418E-1       .0E0       .0E0       .0E0       .0E0 
 .23211E-2   .46204E0  -.11114E0       .0E0       .0E0       .0E0       .0E0 
  .7915E-3   .31131E0 -.96665E-1       .0E0       .0E0       .0E0       .0E0 
-.22662E-4  .66369E-1  .63878E-1   .99995E0       .0E0       .0E0       .0E0 
 .42882E-4  .19788E-2    .3669E0       .0E0   .99998E0       .0E0       .0E0 
-.20809E-4  .71653E-3   .49559E0       .0E0       .0E0   .99999E0       .0E0 
 .46429E-5 -.30251E-4     .239E0       .0E0       .0E0       .0E0       .1E1 

 1.2267982E+03 3.7123223E+02 1.4489099E+02 6.4604130E+01 3.1039737E+01
 1.5643870E+01 8.1258220E+00 4.2397620E+00 2.1863860E+00 1.1038710E+00
 5.3381100E-01 2.3135500E-01 9.5300000E-02

 .89425E-4       .0E0       .0E0       .0E0       .0E0 
 .78474E-3       .0E0       .0E0       .0E0       .0E0 
 .44786E-2       .0E0       .0E0       .0E0       .0E0 
 .18016E-1       .0E0       .0E0       .0E0       .0E0 
 .53775E-1       .0E0       .0E0       .0E0       .0E0 
  .12506E0       .0E0       .0E0       .0E0       .0E0 
  .21794E0       .0E0       .0E0       .0E0       .0E0 
  .28489E0       .0E0       .0E0       .0E0       .0E0 
  .28949E0       .0E0       .0E0       .0E0       .0E0 
   .2172E0    .9999E0       .0E0       .0E0       .0E0 
  .10026E0       .0E0   .99995E0       .0E0       .0E0 
 .17463E-1       .0E0       .0E0   .99998E0       .0E0 
 .24143E-3       .0E0       .0E0       .0E0   .99999E0 

 6.7090000E-01 3.2970000E-01 1.6300000E-01

  .99999E0       .0E0       .0E0 
      .0E0   .99996E0       .0E0 
      .0E0       .0E0   .99998E0 

 7.0340000E-01 3.1600000E-01

  .99998E0       .0E0 
      .0E0   .99995E0 

 5.8150000E-01

  .99995E0 

AS:cc-pV5Z(pt/sf/lc)
EMSL BASIS SET LIBRARY

  6
    0    1    2    3    4    5
    8    7    5    3    2    1
   26   17   13    3    2    1

 1.3750753E+08 2.0515052E+07 4.6487164E+06 1.3112646E+06 4.2618586E+05
 1.5323706E+05 5.9459404E+04 2.4492812E+04 1.0590253E+04 4.7697841E+03
 2.2263698E+03 1.0730862E+03 5.3250059E+02 2.7129755E+02 1.4131195E+02
 7.4584433E+01 3.8298338E+01 2.0469130E+01 1.0939578E+01 5.5903670E+00
 2.8828590E+00 1.4660860E+00 6.7483900E-01 3.4639900E-01 1.5928900E-01
 7.2109000E-02

 .51491E-5 -.16479E-5  .64403E-6 -.17881E-6       .0E0       .0E0       .0E0 
      .0E0 
 .15228E-4 -.48795E-5  .19073E-5 -.52954E-6       .0E0       .0E0       .0E0 
      .0E0 
  .4358E-4  -.1399E-4  .54696E-5 -.15187E-5       .0E0       .0E0       .0E0 
      .0E0 
 .11467E-3 -.36887E-4  .14425E-4 -.40051E-5       .0E0       .0E0       .0E0 
      .0E0 
 .29997E-3 -.96757E-4  .37855E-4 -.10513E-4       .0E0       .0E0       .0E0 
      .0E0 
 .77322E-3 -.24998E-3  .97808E-4 -.27157E-4       .0E0       .0E0       .0E0 
      .0E0 
 .19783E-2 -.64176E-3  .25128E-3 -.69796E-4       .0E0       .0E0       .0E0 
      .0E0 
 .49726E-2 -.16189E-2  .63394E-3 -.17603E-3       .0E0       .0E0       .0E0 
      .0E0 
 .12183E-1 -.39983E-2   .1568E-2 -.43566E-3       .0E0       .0E0       .0E0 
      .0E0 
  .2868E-1 -.95388E-2  .37451E-2 -.10402E-2       .0E0       .0E0       .0E0 
      .0E0 
 .63528E-1 -.21758E-1  .85808E-2 -.23863E-2       .0E0       .0E0       .0E0 
      .0E0 
  .12794E0 -.46245E-1  .18351E-1 -.51042E-2       .0E0       .0E0       .0E0 
      .0E0 
  .22119E0 -.88968E-1  .35845E-1 -.10001E-1       .0E0       .0E0       .0E0 
      .0E0 
  .29705E0  -.14419E0  .59554E-1 -.16654E-1       .0E0       .0E0       .0E0 
      .0E0 
  .26038E0  -.17001E0  .73619E-1 -.20774E-1       .0E0       .0E0       .0E0 
      .0E0 
  .11317E0 -.59122E-1  .26417E-1 -.74338E-2       .0E0       .0E0       .0E0 
      .0E0 
 .14675E-1   .26658E0  -.14797E0    .431E-1       .0E0       .0E0       .0E0 
      .0E0 
 .20189E-3   .52194E0  -.39661E0    .1221E0       .0E0       .0E0       .0E0 
      .0E0 
 .19924E-3   .32731E0  -.32514E0   .10257E0       .0E0       .0E0       .0E0 
      .0E0 
-.10787E-3  .56805E-1   .22552E0 -.84128E-1       .0E0       .0E0       .0E0 
      .0E0 
 .12635E-5   .1816E-2   .64796E0  -.28282E0       .0E0       .0E0       .0E0 
      .0E0 
-.19163E-4  .12851E-2   .39974E0  -.32778E0       .0E0       .0E0       .0E0 
      .0E0 
 .69118E-5 -.23241E-3   .4455E-1  .10909E-1   .99997E0       .0E0       .0E0 
      .0E0 
-.33163E-5   .1172E-3 -.21159E-2   .51772E0       .0E0   .99999E0       .0E0 
      .0E0 
 .15199E-5 -.54276E-4  .89516E-3   .54526E0       .0E0       .0E0   .99999E0 
      .0E0 
-.29362E-6  .96338E-5 -.60622E-4   .14009E0       .0E0       .0E0       .0E0 
      .1E1 

 3.4166161E+04 8.0865608E+03 2.6265114E+03 1.0053950E+03 4.2712735E+02
 1.9515113E+02 9.4054308E+01 4.6999880E+01 2.4117457E+01 1.2519982E+01
 6.3573250E+00 3.1680520E+00 1.5534810E+00 7.1032500E-01 3.2095500E-01
 1.3935700E-01 5.8410000E-02

 .12144E-3 -.47623E-4  .10511E-4       .0E0       .0E0       .0E0       .0E0 
 .47189E-3 -.18535E-3  .40917E-4       .0E0       .0E0       .0E0       .0E0 
 .21552E-2 -.84967E-3  .18763E-3       .0E0       .0E0       .0E0       .0E0 
 .84363E-2 -.33428E-2  .73871E-3       .0E0       .0E0       .0E0       .0E0 
 .28791E-1 -.11561E-1  .25584E-2       .0E0       .0E0       .0E0       .0E0 
 .82008E-1 -.33719E-1  .74836E-2       .0E0       .0E0       .0E0       .0E0 
  .18621E0 -.79676E-1  .17764E-1       .0E0       .0E0       .0E0       .0E0 
  .31322E0  -.14074E0  .31585E-1       .0E0       .0E0       .0E0       .0E0 
  .34105E0  -.15816E0  .35632E-1       .0E0       .0E0       .0E0       .0E0 
  .18736E0 -.12592E-2 -.33432E-2       .0E0       .0E0       .0E0       .0E0 
 .37482E-1   .30601E0 -.82925E-1       .0E0       .0E0       .0E0       .0E0 
 .21444E-2   .47024E0  -.13386E0       .0E0       .0E0       .0E0       .0E0 
 .71394E-3   .29711E0   -.1002E0       .0E0       .0E0       .0E0       .0E0 
-.48215E-4  .52549E-1   .10848E0   .99995E0       .0E0       .0E0       .0E0 
 .43178E-4  .11596E-3   .39758E0       .0E0   .99998E0       .0E0       .0E0 
-.24052E-4  .12163E-2   .45989E0       .0E0       .0E0   .99999E0       .0E0 
 .42567E-5  -.8092E-4   .20684E0       .0E0       .0E0       .0E0       .1E1 

 1.4244506E+03 4.3106676E+02 1.6812864E+02 7.4866724E+01 3.5945855E+01
 1.8098474E+01 9.4057800E+00 4.9239040E+00 2.5564930E+00 1.3042330E+00
 6.3711800E-01 2.7579500E-01 1.1530000E-01

 .79909E-4       .0E0       .0E0       .0E0       .0E0 
 .69713E-3       .0E0       .0E0       .0E0       .0E0 
 .40159E-2       .0E0       .0E0       .0E0       .0E0 
 .16521E-1       .0E0       .0E0       .0E0       .0E0 
 .50547E-1       .0E0       .0E0       .0E0       .0E0 
  .12054E0       .0E0       .0E0       .0E0       .0E0 
  .21565E0       .0E0       .0E0       .0E0       .0E0 
  .28755E0       .0E0       .0E0       .0E0       .0E0 
  .29456E0       .0E0       .0E0       .0E0       .0E0 
   .2169E0   .99988E0       .0E0       .0E0       .0E0 
 .94214E-1       .0E0   .99994E0       .0E0       .0E0 
 .14776E-1       .0E0       .0E0   .99997E0       .0E0 
    .22E-3       .0E0       .0E0       .0E0   .99999E0 

 7.5990000E-01 3.8590000E-01 1.9600000E-01

  .99999E0       .0E0       .0E0 
      .0E0   .99995E0       .0E0 
      .0E0       .0E0   .99998E0 

 8.0920000E-01 3.7000000E-01

  .99997E0       .0E0 
      .0E0   .99994E0 

 6.7730000E-01

  .99994E0 

SE:cc-pV5Z(pt/sf/lc)
EMSL BASIS SET LIBRARY

  6
    0    1    2    3    4    5
    8    7    5    3    2    1
   26   17   13    3    2    1

 1.5443225E+08 2.3129212E+07 5.2617929E+06 1.4888167E+06 4.8465656E+05
 1.7427063E+05 6.7529090E+04 2.7750837E+04 1.1964216E+04 5.3707148E+03
 2.4973194E+03 1.1987679E+03 5.9258026E+02 3.0097708E+02 1.5646024E+02
 8.2476086E+01 4.2270887E+01 2.2630220E+01 1.2122374E+01 6.2491700E+00
 3.2426780E+00 1.6663620E+00 7.8726400E-01 4.0297200E-01 1.8709600E-01
 8.4706000E-02

 .52834E-5 -.16986E-5   .6707E-6 -.19699E-6       .0E0       .0E0       .0E0 
      .0E0 
  .1542E-4 -.49638E-5  .19602E-5  -.5757E-6       .0E0       .0E0       .0E0 
      .0E0 
  .4355E-4 -.14044E-4  .55474E-5 -.16294E-5       .0E0       .0E0       .0E0 
      .0E0 
 .11282E-3 -.36462E-4  .14406E-4 -.42311E-5       .0E0       .0E0       .0E0 
      .0E0 
 .29111E-3 -.94342E-4  .37291E-4 -.10955E-4       .0E0       .0E0       .0E0 
      .0E0 
 .74163E-3 -.24092E-3  .95243E-4 -.27975E-4       .0E0       .0E0       .0E0 
      .0E0 
 .18827E-2 -.61375E-3   .2428E-3 -.71341E-4       .0E0       .0E0       .0E0 
      .0E0 
 .47104E-2 -.15411E-2  .60973E-3  -.1791E-3       .0E0       .0E0       .0E0 
      .0E0 
 .11522E-1 -.37992E-2  .15053E-2 -.44243E-3       .0E0       .0E0       .0E0 
      .0E0 
 .27171E-1 -.90735E-2  .35992E-2 -.10575E-2       .0E0       .0E0       .0E0 
      .0E0 
 .60503E-1  -.2078E-1  .82776E-2 -.24352E-2       .0E0       .0E0       .0E0 
      .0E0 
  .12293E0  -.4445E-1  .17815E-1 -.52415E-2       .0E0       .0E0       .0E0 
      .0E0 
  .21526E0 -.86259E-1  .35079E-1 -.10354E-1       .0E0       .0E0       .0E0 
      .0E0 
  .29482E0  -.14162E0  .59006E-1 -.17455E-1       .0E0       .0E0       .0E0 
      .0E0 
  .26696E0  -.17156E0  .74853E-1 -.22346E-1       .0E0       .0E0       .0E0 
      .0E0 
  .12255E0 -.70839E-1  .32125E-1  -.9581E-2       .0E0       .0E0       .0E0 
      .0E0 
 .17316E-1   .24698E0  -.13778E0  .42454E-1       .0E0       .0E0       .0E0 
      .0E0 
 .83409E-4   .51856E0   -.3918E0   .12775E0       .0E0       .0E0       .0E0 
      .0E0 
 .30727E-3   .34464E0  -.34611E0   .11607E0       .0E0       .0E0       .0E0 
      .0E0 
-.16087E-3   .6516E-1   .19163E0 -.75862E-1       .0E0       .0E0       .0E0 
      .0E0 
 .29623E-4  .22606E-2     .649E0  -.30116E0       .0E0       .0E0       .0E0 
      .0E0 
-.36243E-4  .13739E-2   .42275E0   -.3626E0       .0E0       .0E0       .0E0 
      .0E0 
 .16076E-4 -.26339E-3  .51748E-1  .18311E-1   .99997E0       .0E0       .0E0 
      .0E0 
-.77326E-5  .11372E-3 -.15858E-2   .53956E0       .0E0   .99998E0       .0E0 
      .0E0 
 .33177E-5 -.59699E-4  .10022E-2   .54256E0       .0E0       .0E0   .99999E0 
      .0E0 
-.68277E-6  .92265E-5 -.37833E-4   .13063E0       .0E0       .0E0       .0E0 
      .1E1 

 3.6511337E+04 8.6405510E+03 2.8056911E+03 1.0734961E+03 4.5577475E+02
 2.0809432E+02 1.0023111E+02 5.0073522E+01 2.5700262E+01 1.3346792E+01
 6.7870510E+00 3.3916540E+00 1.6703270E+00 7.5259900E-01 3.4681300E-01
 1.5185500E-01 6.3856000E-02

 .12723E-3 -.50615E-4  .12211E-4       .0E0       .0E0       .0E0       .0E0 
 .48268E-3 -.19238E-3  .46378E-4       .0E0       .0E0       .0E0       .0E0 
 .21811E-2 -.87241E-3  .21072E-3       .0E0       .0E0       .0E0       .0E0 
 .84882E-2 -.34135E-2  .82361E-3       .0E0       .0E0       .0E0       .0E0 
 .28937E-1 -.11792E-1   .2855E-2       .0E0       .0E0       .0E0       .0E0 
 .82439E-1 -.34415E-1  .83404E-2       .0E0       .0E0       .0E0       .0E0 
  .18726E0  -.8136E-1  .19863E-1       .0E0       .0E0       .0E0       .0E0 
  .31457E0  -.14371E0  .35212E-1       .0E0       .0E0       .0E0       .0E0 
  .34059E0  -.15989E0  .39569E-1       .0E0       .0E0       .0E0       .0E0 
  .18529E0  .27217E-2 -.54377E-2       .0E0       .0E0       .0E0       .0E0 
 .36618E-1   .31475E0 -.93405E-1       .0E0       .0E0       .0E0       .0E0 
 .20763E-2   .47578E0  -.15337E0       .0E0       .0E0       .0E0       .0E0 
 .65292E-3   .28632E0  -.10101E0       .0E0       .0E0       .0E0       .0E0 
-.57269E-4  .45003E-1    .1579E0   .99994E0       .0E0       .0E0       .0E0 
  .3656E-4 -.47868E-3   .43218E0       .0E0   .99997E0       .0E0       .0E0 
-.24542E-4  .13692E-2   .43531E0       .0E0       .0E0   .99999E0       .0E0 
 .34267E-5 -.82806E-4   .15428E0       .0E0       .0E0       .0E0   .99999E0 

 1.6350663E+03 4.9467266E+02 1.9284388E+02 8.5782195E+01 4.1149966E+01
 2.0678170E+01 1.0726386E+01 5.6124540E+00 2.9203760E+00 1.4981840E+00
 7.3599900E-01 3.1600400E-01 1.3310000E-01

 .72556E-4       .0E0       .0E0       .0E0       .0E0 
 .62864E-3       .0E0       .0E0       .0E0       .0E0 
 .36448E-2       .0E0       .0E0       .0E0       .0E0 
 .15274E-1       .0E0       .0E0       .0E0       .0E0 
 .47831E-1       .0E0       .0E0       .0E0       .0E0 
  .11694E0       .0E0       .0E0       .0E0       .0E0 
  .21475E0       .0E0       .0E0       .0E0       .0E0 
  .29166E0       .0E0       .0E0       .0E0       .0E0 
  .29981E0       .0E0       .0E0       .0E0       .0E0 
  .21497E0   .99986E0       .0E0       .0E0       .0E0 
 .87457E-1       .0E0   .99993E0       .0E0       .0E0 
 .12342E-1       .0E0       .0E0   .99997E0       .0E0 
 .16067E-3       .0E0       .0E0       .0E0   .99999E0 

 8.4420000E-01 4.2110000E-01 2.1000000E-01

  .99999E0       .0E0       .0E0 
      .0E0   .99995E0       .0E0 
      .0E0       .0E0   .99997E0 

 8.6590000E-01 3.8500000E-01

  .99997E0       .0E0 
      .0E0   .99994E0 

 7.2350000E-01

  .99994E0 

BR:cc-pV5Z(pt/sf/lc)
EMSL BASIS SET LIBRARY

  6
    0    1    2    3    4    5
    8    7    5    3    2    1
   26   17   13    3    2    1

 1.6573515E+08 2.4774379E+07 5.6282020E+06 1.5918997E+06 5.1826380E+05
 1.8649092E+05 7.2332493E+04 2.9761135E+04 1.2851712E+04 5.7809430E+03
 2.6950098E+03 1.2976604E+03 6.4363493E+02 3.2795194E+02 1.7092262E+02
 9.0250141E+01 4.6292467E+01 2.4848661E+01 1.3347137E+01 6.9482580E+00
 3.6250750E+00 1.8821530E+00 9.1082200E-01 4.6395700E-01 2.1693300E-01
 9.8406000E-02

 .56056E-5 -.18103E-5  .72192E-6 -.22192E-6       .0E0       .0E0       .0E0 
      .0E0 
 .16296E-4 -.52693E-5  .21016E-5 -.64602E-6       .0E0       .0E0       .0E0 
      .0E0 
 .45709E-4 -.14807E-4  .59071E-5  -.1816E-5       .0E0       .0E0       .0E0 
      .0E0 
 .11733E-3 -.38092E-4    .152E-4 -.46727E-5       .0E0       .0E0       .0E0 
      .0E0 
 .29969E-3 -.97582E-4  .38957E-4 -.11978E-4       .0E0       .0E0       .0E0 
      .0E0 
 .75556E-3 -.24665E-3  .98486E-4 -.30277E-4       .0E0       .0E0       .0E0 
      .0E0 
 .19007E-2 -.62273E-3  .24882E-3 -.76523E-4       .0E0       .0E0       .0E0 
      .0E0 
 .47161E-2 -.15509E-2   .6198E-3 -.19055E-3       .0E0       .0E0       .0E0 
      .0E0 
 .11453E-1 -.37958E-2   .1519E-2 -.46732E-3       .0E0       .0E0       .0E0 
      .0E0 
 .26832E-1 -.90053E-2  .36083E-2 -.11097E-2       .0E0       .0E0       .0E0 
      .0E0 
 .59413E-1 -.20499E-1  .82475E-2 -.25397E-2       .0E0       .0E0       .0E0 
      .0E0 
  .12026E0 -.43632E-1  .17662E-1 -.54393E-2       .0E0       .0E0       .0E0 
      .0E0 
  .21068E0 -.84492E-1  .34692E-1 -.10719E-1       .0E0       .0E0       .0E0 
      .0E0 
  .29114E0  -.13922E0  .58549E-1 -.18129E-1       .0E0       .0E0       .0E0 
      .0E0 
  .26982E0  -.17159E0  .75486E-1 -.23593E-1       .0E0       .0E0       .0E0 
      .0E0 
  .12951E0 -.79102E-1  .36297E-1 -.11342E-1       .0E0       .0E0       .0E0 
      .0E0 
 .19692E-1   .23038E0  -.12941E0  .41745E-1       .0E0       .0E0       .0E0 
      .0E0 
-.12023E-4   .51394E0  -.38718E0    .1323E0       .0E0       .0E0       .0E0 
      .0E0 
 .41008E-3   .35895E0  -.36354E0   .12812E0       .0E0       .0E0       .0E0 
      .0E0 
 -.2145E-3  .73207E-1    .1607E0 -.66755E-1       .0E0       .0E0       .0E0 
      .0E0 
 .59069E-4  .29841E-2   .64788E0  -.31613E0       .0E0       .0E0       .0E0 
      .0E0 
-.54587E-4   .1365E-2   .44359E0  -.39378E0       .0E0       .0E0       .0E0 
      .0E0 
 .25824E-4 -.24784E-3  .59575E-1  .21453E-1   .99996E0       .0E0       .0E0 
      .0E0 
-.12039E-4  .83401E-4 -.87239E-3    .5566E0       .0E0   .99998E0       .0E0 
      .0E0 
 .50987E-5 -.56342E-4  .11032E-2   .54142E0       .0E0       .0E0   .99999E0 
      .0E0 
-.10562E-5  .66713E-5 -.12887E-4   .12536E0       .0E0       .0E0       .0E0 
      .1E1 

 3.9391530E+04 9.3252225E+03 3.0289943E+03 1.1595145E+03 4.9268131E+02
 2.2517451E+02 1.0859326E+02 5.4336079E+01 2.7936650E+01 1.4539626E+01
 7.4213070E+00 3.7303890E+00 1.8541270E+00 8.4533700E-01 3.9215200E-01
 1.7276700E-01 7.2908000E-02

 .13163E-3 -.53088E-4   .1372E-4       .0E0       .0E0       .0E0       .0E0 
 .48552E-3 -.19622E-3  .50659E-4       .0E0       .0E0       .0E0       .0E0 
 .21648E-2 -.87796E-3   .2272E-3       .0E0       .0E0       .0E0       .0E0 
 .83527E-2 -.34063E-2  .88012E-3       .0E0       .0E0       .0E0       .0E0 
 .28385E-1 -.11727E-1  .30428E-2       .0E0       .0E0       .0E0       .0E0 
 .80836E-1 -.34213E-1  .88803E-2       .0E0       .0E0       .0E0       .0E0 
  .18421E0 -.81126E-1  .21234E-1       .0E0       .0E0       .0E0       .0E0 
  .31155E0  -.14431E0  .37884E-1       .0E0       .0E0       .0E0       .0E0 
   .3415E0  -.16278E0  .43263E-1       .0E0       .0E0       .0E0       .0E0 
   .1899E0 -.30888E-2 -.45138E-2       .0E0       .0E0       .0E0       .0E0 
 .38911E-1   .31119E0 -.99648E-1       .0E0       .0E0       .0E0       .0E0 
 .21909E-2   .47942E0  -.16894E0       .0E0       .0E0       .0E0       .0E0 
  .6651E-3   .28731E0  -.10662E0       .0E0       .0E0       .0E0       .0E0 
-.76469E-4  .44937E-1   .18293E0   .99994E0       .0E0       .0E0       .0E0 
 .38275E-4 -.17456E-3   .44868E0       .0E0   .99997E0       .0E0       .0E0 
-.28978E-4   .1425E-2   .41881E0       .0E0       .0E0   .99999E0       .0E0 
 .34041E-5 -.41918E-4   .13446E0       .0E0       .0E0       .0E0   .99999E0 

 1.8506354E+03 5.5707125E+02 2.1648687E+02 9.6138850E+01 4.6126380E+01
 2.3201164E+01 1.2055926E+01 6.3255450E+00 3.3049220E+00 1.7042530E+00
 8.3994000E-01 3.5695300E-01 1.5200000E-01

  .6757E-4       .0E0       .0E0       .0E0       .0E0 
 .58686E-3       .0E0       .0E0       .0E0       .0E0 
  .3429E-2       .0E0       .0E0       .0E0       .0E0 
 .14546E-1       .0E0       .0E0       .0E0       .0E0 
  .4616E-1       .0E0       .0E0       .0E0       .0E0 
  .11437E0       .0E0       .0E0       .0E0       .0E0 
  .21341E0       .0E0       .0E0       .0E0       .0E0 
  .29401E0       .0E0       .0E0       .0E0       .0E0 
  .30376E0       .0E0       .0E0       .0E0       .0E0 
  .21345E0   .99985E0       .0E0       .0E0       .0E0 
  .8222E-1       .0E0   .99992E0       .0E0       .0E0 
 .10603E-1       .0E0       .0E0   .99996E0       .0E0 
 .11852E-3       .0E0       .0E0       .0E0   .99998E0 

 9.6270000E-01 4.9550000E-01 2.5500000E-01

  .99998E0       .0E0       .0E0 
      .0E0   .99994E0       .0E0 
      .0E0       .0E0   .99997E0 

 9.7680000E-01 4.3900000E-01

  .99997E0       .0E0 
      .0E0   .99993E0 

 8.1930000E-01

  .99993E0 

KR:cc-pV5Z(pt/sf/lc)
EMSL BASIS SET LIBRARY

  6
    0    1    2    3    4    5
    8    7    5    3    2    1
   26   17   13    3    2    1

 1.8282209E+08 2.7356156E+07 6.2211704E+06 1.7602779E+06 5.7319382E+05
 2.0625845E+05 8.0026669E+04 3.2939084E+04 1.4222633E+04 6.3930707E+03
 2.9764538E+03 1.4305254E+03 7.0792621E+02 3.5984847E+02 1.8714965E+02
 9.8634523E+01 5.0547869E+01 2.7167004E+01 1.4615098E+01 7.6513520E+00
 3.9972630E+00 2.0858530E+00 1.0147970E+00 5.1978800E-01 2.4510300E-01
 1.1189600E-01

 .58089E-5 -.18842E-5  .75856E-6  -.2422E-6       .0E0       .0E0       .0E0 
      .0E0 
 .16747E-4 -.54388E-5  .21899E-5  -.6992E-6       .0E0       .0E0       .0E0 
      .0E0 
 .46564E-4  -.1515E-4  .61018E-5 -.19484E-5       .0E0       .0E0       .0E0 
      .0E0 
 .11822E-3 -.38553E-4  .15531E-4  -.4959E-5       .0E0       .0E0       .0E0 
      .0E0 
 .29857E-3 -.97654E-4  .39359E-4  -.1257E-4       .0E0       .0E0       .0E0 
      .0E0 
 .74423E-3 -.24408E-3  .98399E-4 -.31418E-4       .0E0       .0E0       .0E0 
      .0E0 
 .18528E-2 -.60994E-3  .24605E-3 -.78602E-4       .0E0       .0E0       .0E0 
      .0E0 
 .45612E-2 -.15072E-2  .60817E-3 -.19419E-3       .0E0       .0E0       .0E0 
      .0E0 
 .11024E-1 -.36707E-2  .14831E-2 -.47395E-3       .0E0       .0E0       .0E0 
      .0E0 
  .2578E-1 -.86891E-2  .35153E-2 -.11227E-2       .0E0       .0E0       .0E0 
      .0E0 
 .57163E-1 -.19788E-1  .80364E-2 -.25708E-2       .0E0       .0E0       .0E0 
      .0E0 
   .1163E0 -.42257E-1  .17266E-1  -.5522E-2       .0E0       .0E0       .0E0 
      .0E0 
  .20573E0 -.82347E-1  .34111E-1 -.10949E-1       .0E0       .0E0       .0E0 
      .0E0 
  .28882E0  -.13711E0  .58155E-1 -.18698E-1       .0E0       .0E0       .0E0 
      .0E0 
  .27458E0  -.17245E0  .76426E-1 -.24826E-1       .0E0       .0E0       .0E0 
      .0E0 
  .13724E0 -.87562E-1  .40618E-1 -.13169E-1       .0E0       .0E0       .0E0 
      .0E0 
 .22187E-1   .21508E0  -.12172E0   .4073E-1       .0E0       .0E0       .0E0 
      .0E0 
-.76217E-4   .50959E0  -.38322E0    .1363E0       .0E0       .0E0       .0E0 
      .0E0 
 .49943E-3    .3719E0   -.3792E0   .13904E0       .0E0       .0E0       .0E0 
      .0E0 
-.26079E-3  .80722E-1   .13694E0 -.58663E-1       .0E0       .0E0       .0E0 
      .0E0 
 .83718E-4  .35489E-2   .65203E0  -.33451E0       .0E0       .0E0       .0E0 
      .0E0 
-.69764E-4  .13771E-2   .45688E0  -.42021E0       .0E0       .0E0       .0E0 
      .0E0 
 .34412E-4  -.2704E-3  .62994E-1  .37619E-1   .99996E0       .0E0       .0E0 
      .0E0 
-.16031E-4  .74954E-4 -.64729E-3   .57487E0       .0E0   .99998E0       .0E0 
      .0E0 
 .67727E-5 -.61203E-4  .12738E-2   .53188E0       .0E0       .0E0   .99999E0 
      .0E0 
-.14032E-5   .6271E-5 -.75862E-5   .11734E0       .0E0       .0E0       .0E0 
      .1E1 

 4.2993056E+04 1.0173723E+04 3.3031057E+03 1.2635400E+03 5.3636546E+02
 2.4487617E+02 1.1799117E+02 5.9021248E+01 3.0356067E+01 1.5819977E+01
 8.1045800E+00 4.0979640E+00 2.0560610E+00 9.5214500E-01 4.4477400E-01
 1.9749600E-01 8.3823000E-02

 .13431E-3 -.54902E-4  .14903E-4       .0E0       .0E0       .0E0       .0E0 
 .48061E-3 -.19689E-3  .53388E-4       .0E0       .0E0       .0E0       .0E0 
 .21134E-2 -.86876E-3  .23619E-3       .0E0       .0E0       .0E0       .0E0 
    .81E-2 -.33483E-2  .90868E-3       .0E0       .0E0       .0E0       .0E0 
 .27542E-1 -.11531E-1  .31434E-2       .0E0       .0E0       .0E0       .0E0 
 .78751E-1 -.33771E-1   .9208E-2       .0E0       .0E0       .0E0       .0E0 
  .18076E0 -.80643E-1  .22186E-1       .0E0       .0E0       .0E0       .0E0 
  .30865E0  -.14488E0  .39973E-1       .0E0       .0E0       .0E0       .0E0 
  .34299E0  -.16597E0  .46427E-1       .0E0       .0E0       .0E0       .0E0 
  .19492E0 -.94557E-2 -.31249E-2       .0E0       .0E0       .0E0       .0E0 
 .41383E-1   .30697E0  -.10419E0       .0E0       .0E0       .0E0       .0E0 
 .23392E-2    .4827E0  -.18195E0       .0E0       .0E0       .0E0       .0E0 
  .6731E-3   .28927E0  -.11148E0       .0E0       .0E0       .0E0       .0E0 
-.87492E-4  .45564E-1   .20018E0   .99993E0       .0E0       .0E0       .0E0 
 .49728E-4 -.40722E-3   .45757E0       .0E0   .99997E0       .0E0       .0E0 
-.23201E-4  .88316E-3   .40666E0       .0E0       .0E0   .99999E0       .0E0 
 .61699E-5 -.17568E-3    .1252E0       .0E0       .0E0       .0E0   .99999E0 

 2.0674360E+03 6.2569371E+02 2.4394679E+02 1.0842373E+02 5.2005216E+01
 2.6115405E+01 1.3546748E+01 7.1058100E+00 3.7215540E+00 1.9291200E+00
 9.5582600E-01 4.0519700E-01 1.7410000E-01

 .63762E-4       .0E0       .0E0       .0E0       .0E0 
  .5423E-3       .0E0       .0E0       .0E0       .0E0 
 .31608E-2       .0E0       .0E0       .0E0       .0E0 
 .13566E-1       .0E0       .0E0       .0E0       .0E0 
 .43894E-1       .0E0       .0E0       .0E0       .0E0 
   .1111E0       .0E0       .0E0       .0E0       .0E0 
  .21194E0       .0E0       .0E0       .0E0       .0E0 
  .29658E0       .0E0       .0E0       .0E0       .0E0 
  .30757E0       .0E0       .0E0       .0E0       .0E0 
  .21238E0   .99983E0       .0E0       .0E0       .0E0 
 .78721E-1       .0E0   .99991E0       .0E0       .0E0 
 .96543E-2       .0E0       .0E0   .99996E0       .0E0 
 .11423E-3       .0E0       .0E0       .0E0   .99998E0 

 1.0940000E+00 5.8700000E-01 3.1500000E-01

  .99998E0       .0E0       .0E0 
      .0E0   .99993E0       .0E0 
      .0E0       .0E0   .99996E0 

 1.1040000E+00 5.0100000E-01

  .99996E0       .0E0 
      .0E0   .99992E0 

 9.3030000E-01

  .99992E0 




