!  cc-pVDZ-DK  EMSL  Basis Set Exchange Library   3/19/13 4:07 PM
! Original basis sets:
! Elements                             References
! --------                             ----------
! H     : T.H. Dunning, Jr. J. Chem. Phys. 90, 1007 (1989).
! He    : D.E. Woon and T.H. Dunning, Jr. J. Chem. Phys. 100, 2975 (1994).
! B - Ne: T.H. Dunning, Jr. J. Chem. Phys. 90, 1007 (1989).
! Al - Ar: D.E. Woon and T.H. Dunning, Jr.  J. Chem. Phys. 98, 1358 (1993).
! Ga - Kr: A.K. Wilson, D.E. Woon, K.A. Peterson, T.H. Dunning, Jr.,
! J. Chem. Phys., 110, 7667 (1999).
! Original exponents recontracted: W.A. de Jong, R.J. Harrison and D.A. Dixon,
! J. Chem. Phys. 114, 48 (2001).
! Sc - Zn: (20s,16p,8d,2f,1g) -> [7s,6p,4d,2f,1g]     N.B. Balabanov and K.A.
! Peterson, J. Chem. Phys.,
! 123, 064107 (2005)
! 



H:cc-pVDZ-DK
EMSL BASIS SET LIBRARY

  2
    0    1
    2    1
    4    1

    13.0100000     1.9620000     0.4446000     0.1220000

 0.0196977  0.0000000 
 0.1379911  0.0000000 
 0.4781418  0.0000000 
 0.5012326  1.0000000 

     0.7270000

 1.0000000 

HE:cc-pVDZ-DK
EMSL BASIS SET LIBRARY

  2
    0    1
    2    1
    4    1

    38.3600000     5.7700000     1.2400000     0.2976000

 0.0238545  0.0000000 
 0.1549249  0.0000000 
 0.4699567  0.0000000 
 0.5130223  1.0000000 

     1.2750000

 1.0000000 

LI:cc-pVDZ-DK
EMSL BASIS SET LIBRARY

  3
    0    1    2
    3    2    1
    9    4    1

  1469.0000000   220.5000000    50.2600000    14.2400000     4.5810000
     1.5800000     0.5640000     0.0734500     0.0280500

 0.0008088 -0.0001265  0.0000000 
 0.0059351 -0.0009296  0.0000000 
 0.0297426 -0.0047009  0.0000000 
 0.1092518 -0.0176977  0.0000000 
 0.2828208 -0.0489110  0.0000000 
 0.4530721 -0.0960241  0.0000000 
 0.2747044 -0.1363226  0.0000000 
 0.0097522  0.5752286  0.0000000 
-0.0031808  0.5175239  1.0000000 

     1.5340000     0.2749000     0.0736200     0.0240300

 0.0227857  0.0000000 
 0.1391025  0.0000000 
 0.5003752  0.0000000 
 0.5084759  1.0000000 

     0.1239000

 1.0000000 

BE:cc-pVDZ-DK
EMSL BASIS SET LIBRARY

  3
    0    1    2
    3    2    1
    9    4    1

  2940.0000000   441.2000000   100.5000000    28.4300000     9.1690000
     3.1960000     1.1590000     0.1811000     0.0589000

 0.0007540 -0.0001366  0.0000000 
 0.0053133 -0.0009801  0.0000000 
 0.0267325 -0.0048561  0.0000000 
 0.1001318 -0.0193487  0.0000000 
 0.2697812 -0.0533058  0.0000000 
 0.4513833 -0.1207608  0.0000000 
 0.2949205 -0.1332909  0.0000000 
 0.0125867  0.5309727  0.0000000 
-0.0037568  0.5798856  1.0000000 

     3.6190000     0.7110000     0.1951000     0.0601800

 0.0291050  0.0000000 
 0.1694665  0.0000000 
 0.5129691  0.0000000 
 0.4798044  1.0000000 

     0.2380000

 1.0000000 

B:cc-pVDZ-DK
EMSL BASIS SET LIBRARY

  3
    0    1    2
    3    2    1
    9    4    1

  4570.0000000   685.9000000   156.5000000    44.4700000    14.4800000
     5.1310000     1.8980000     0.3329000     0.1043000

 0.0008100 -0.0001625  0.0000000 
 0.0054774 -0.0011233  0.0000000 
 0.0273355 -0.0054882  0.0000000 
 0.1016067 -0.0219811  0.0000000 
 0.2721905 -0.0598059  0.0000000 
 0.4482545 -0.1388011  0.0000000 
 0.2898816 -0.1312193  0.0000000 
 0.0143047  0.5399343  0.0000000 
-0.0034809  0.5803172  1.0000000 

     6.0010000     1.2410000     0.3364000     0.0953800

 0.0355071  0.0000000 
 0.1980586  0.0000000 
 0.5051304  0.0000000 
 0.4796125  1.0000000 

     0.3430000

 1.0000000 

C:cc-pVDZ-DK
EMSL BASIS SET LIBRARY

  3
    0    1    2
    3    2    1
    9    4    1

  6665.0000000  1000.0000000   228.0000000    64.7100000    21.0600000
     7.4950000     2.7970000     0.5215000     0.1596000

 0.0008517 -0.0001803  0.0000000 
 0.0055121 -0.0011949  0.0000000 
 0.0273690 -0.0057943  0.0000000 
 0.1020568 -0.0234166  0.0000000 
 0.2749479 -0.0640500  0.0000000 
 0.4483409 -0.1500919  0.0000000 
 0.2847131 -0.1268376  0.0000000 
 0.0151750  0.5451602  0.0000000 
-0.0031842  0.5797815  1.0000000 

     9.4390000     2.0020000     0.5456000     0.1517000

 0.0381635  0.0000000 
 0.2094925  0.0000000 
 0.5084477  0.0000000 
 0.4689417  1.0000000 

     0.5500000

 1.0000000 

N:cc-pVDZ-DK
EMSL BASIS SET LIBRARY

  3
    0    1    2
    3    2    1
    9    4    1

  9046.0000000  1357.0000000   309.3000000    87.7300000    28.5600000
    10.2100000     3.8380000     0.7466000     0.2248000

 0.0009106 -0.0001995  0.0000000 
 0.0056444 -0.0012669  0.0000000 
 0.0278072 -0.0060906  0.0000000 
 0.1036805 -0.0246970  0.0000000 
 0.2790142 -0.0676028  0.0000000 
 0.4482216 -0.1582335  0.0000000 
 0.2777373 -0.1212060  0.0000000 
 0.0153993  0.5498871  0.0000000 
-0.0028549  0.5777975  1.0000000 

    13.5500000     2.9170000     0.7973000     0.2185000

 0.0400103  0.0000000 
 0.2172132  0.0000000 
 0.5101907  0.0000000 
 0.4622999  1.0000000 

     0.8170000

 1.0000000 

O:cc-pVDZ-DK
EMSL BASIS SET LIBRARY

  3
    0    1    2
    3    2    1
    9    4    1

 11720.0000000  1759.0000000   400.8000000   113.7000000    37.0300000
    13.2700000     5.0250000     1.0130000     0.3023000

 0.0009775 -0.0002206  0.0000000 
 0.0058106 -0.0013435  0.0000000 
 0.0283649 -0.0064010  0.0000000 
 0.1054311 -0.0259275  0.0000000 
 0.2834470 -0.0711286  0.0000000 
 0.4482844 -0.1656153  0.0000000 
 0.2702944 -0.1160807  0.0000000 
 0.0154031  0.5585241  0.0000000 
-0.0025739  0.5713981  1.0000000 

    17.7000000     3.8540000     1.0460000     0.2753000

 0.0431553  0.0000000 
 0.2289863  0.0000000 
 0.5086083  0.0000000 
 0.4605682  1.0000000 

     1.1850000

 1.0000000 

F:cc-pVDZ-DK
EMSL BASIS SET LIBRARY

  3
    0    1    2
    3    2    1
    9    4    1

 14710.0000000  2207.0000000   502.8000000   142.6000000    46.4700000
    16.7000000     6.3560000     1.3160000     0.3897000

 0.0010485 -0.0002416  0.0000000 
 0.0059913 -0.0014140  0.0000000 
 0.0289399 -0.0066702  0.0000000 
 0.1072562 -0.0269705  0.0000000 
 0.2873039 -0.0739670  0.0000000 
 0.4480684 -0.1710341  0.0000000 
 0.2639263 -0.1111695  0.0000000 
 0.0152658  0.5643084  0.0000000 
-0.0023198  0.5669973  1.0000000 

    22.6700000     4.9770000     1.3470000     0.3471000

 0.0450688  0.0000000 
 0.2358286  0.0000000 
 0.5083765  0.0000000 
 0.4581376  1.0000000 

     1.6400000

 1.0000000 

NE:cc-pVDZ-DK
EMSL BASIS SET LIBRARY

  3
    0    1    2
    3    2    1
    9    4    1

 17880.0000000  2683.0000000   611.5000000   173.5000000    56.6400000
    20.4200000     7.8100000     1.6530000     0.4869000

 0.0011307 -0.0002646  0.0000000 
 0.0062267 -0.0014920  0.0000000 
 0.0297204 -0.0069592  0.0000000 
 0.1095553 -0.0280213  0.0000000 
 0.2915077 -0.0765658  0.0000000 
 0.4475884 -0.1755371  0.0000000 
 0.2570002 -0.1055539  0.0000000 
 0.0149818  0.5688922  0.0000000 
-0.0020861  0.5629843  1.0000000 

    28.3900000     6.2700000     1.6950000     0.4317000

 0.0463396  0.0000000 
 0.2403369  0.0000000 
 0.5085722  0.0000000 
 0.4556514  1.0000000 

     2.2020000

 1.0000000 

NA:cc-pVDZ-DK
EMSL BASIS SET LIBRARY

  3
    0    1    2
    4    3    1
   12    8    1

 31700.0000000  4755.0000000  1082.0000000   306.4000000    99.5300000
    35.4200000    13.3000000     4.3920000     1.6760000     0.5889000
     0.0564000     0.0230700

 0.0008311 -0.0002038  0.0000309  0.0000000 
 0.0041340 -0.0010156  0.0001529  0.0000000 
 0.0191397 -0.0047499  0.0007238  0.0000000 
 0.0728293 -0.0185222  0.0027815  0.0000000 
 0.2133784 -0.0585794  0.0090308  0.0000000 
 0.4159265 -0.1380784  0.0208612  0.0000000 
 0.3715352 -0.1930778  0.0317768  0.0000000 
 0.0621051  0.0879880 -0.0194200  0.0000000 
-0.0061919  0.6050688 -0.1031810  0.0000000 
 0.0024142  0.4394039 -0.1979506  0.0000000 
-0.0004383  0.0128079  0.6591622  0.0000000 
 0.0002397 -0.0055612  0.4278197  1.0000000 

   138.1000000    32.2400000     9.9850000     3.4840000     1.2310000
     0.4177000     0.0651300     0.0205300

 0.0059396 -0.0005957  0.0000000 
 0.0418154 -0.0040976  0.0000000 
 0.1631422 -0.0168211  0.0000000 
 0.3593556 -0.0353193  0.0000000 
 0.4497397 -0.0521735  0.0000000 
 0.2275315 -0.0168239  0.0000000 
 0.0081254  0.4346322  0.0000000 
-0.0019728  0.6581966  1.0000000 

     0.0973000

 1.0000000 

MG:cc-pVDZ-DK
EMSL BASIS SET LIBRARY

  3
    0    1    2
    4    3    1
   12    8    1

 47390.0000000  7108.0000000  1618.0000000   458.4000000   149.3000000
    53.5900000    20.7000000     8.3840000     2.5420000     0.8787000
     0.1077000     0.0399900

 0.0007178 -0.0001825  0.0000352  0.0000000 
 0.0033145 -0.0008391  0.0001616  0.0000000 
 0.0147967 -0.0038204  0.0007401  0.0000000 
 0.0564860 -0.0146306  0.0028164  0.0000000 
 0.1710009 -0.0482828  0.0094299  0.0000000 
 0.3648575 -0.1154055  0.0224423  0.0000000 
 0.4052922 -0.2004640  0.0410435  0.0000000 
 0.1341815 -0.0317073  0.0050180  0.0000000 
 0.0048781  0.5725837 -0.1350467  0.0000000 
 0.0002821  0.5391743 -0.2547294  0.0000000 
 0.0000277  0.0214564  0.6092437  0.0000000 
-0.0000119 -0.0081382  0.5059881  1.0000000 

   179.9000000    42.1400000    13.1300000     4.6280000     1.6700000
     0.5857000     0.1311000     0.0411200

 0.0055546 -0.0008908  0.0000000 
 0.0395455 -0.0061865  0.0000000 
 0.1578179 -0.0261337  0.0000000 
 0.3585344 -0.0568221  0.0000000 
 0.4569075 -0.0871624  0.0000000 
 0.2158495 -0.0121730  0.0000000 
 0.0067001  0.4982604  0.0000000 
-0.0001312  0.6008489  1.0000000 

     0.1870000

 1.0000000 

AL:cc-pVDZ-DK
EMSL BASIS SET LIBRARY

  3
    0    1    2
    4    3    1
   12    8    1

 64150.0000000  9617.0000000  2189.0000000   620.5000000   202.7000000
    73.1500000    28.5500000    11.7700000     3.3000000     1.1730000
     0.1752000     0.0647300

 0.0006736 -0.0001763  0.0000407  0.0000000 
 0.0029457 -0.0007667  0.0001769  0.0000000 
 0.0127173 -0.0033824  0.0007821  0.0000000 
 0.0482122 -0.0127779  0.0029518  0.0000000 
 0.1479148 -0.0426908  0.0099318  0.0000000 
 0.3307763 -0.1039923  0.0243442  0.0000000 
 0.4142651 -0.1964148  0.0474816  0.0000000 
 0.1878554 -0.0801420  0.0197081  0.0000000 
 0.0114868  0.5440095 -0.1602974  0.0000000 
-0.0012718  0.5750364 -0.3096187  0.0000000 
 0.0004225  0.0282815  0.6239180  0.0000000 
-0.0001977 -0.0093522  0.5170715  1.0000000 

   258.8000000    60.8900000    19.1400000     6.8810000     2.5740000
     0.9572000     0.2099000     0.0598600

 0.0042537 -0.0007811  0.0000000 
 0.0310267 -0.0055179  0.0000000 
 0.1296450 -0.0246142  0.0000000 
 0.3209730 -0.0581875  0.0000000 
 0.4534894 -0.0982407  0.0000000 
 0.2747866 -0.0258070  0.0000000 
 0.0191205  0.4633873  0.0000000 
-0.0031381  0.6493887  1.0000000 

     0.1890000

 1.0000000 

SI:cc-pVDZ-DK
EMSL BASIS SET LIBRARY

  3
    0    1    2
    4    3    1
   12    8    1

 78860.0000000 11820.0000000  2692.0000000   763.4000000   249.6000000
    90.2800000    35.2900000    14.5100000     4.0530000     1.4820000
     0.2517000     0.0924300

 0.0006815 -0.0001827  0.0000468  0.0000000 
 0.0028736 -0.0007666  0.0001964  0.0000000 
 0.0120698 -0.0032882  0.0008420  0.0000000 
 0.0453586 -0.0123094  0.0031628  0.0000000 
 0.1395458 -0.0411277  0.0105819  0.0000000 
 0.3173537 -0.1013628  0.0264728  0.0000000 
 0.4168447 -0.1967629  0.0524161  0.0000000 
 0.2084412 -0.0990262  0.0282323  0.0000000 
 0.0143428  0.5309218 -0.1800982  0.0000000 
-0.0020126  0.5887603 -0.3441170  0.0000000 
 0.0006174  0.0325794  0.6275986  0.0000000 
-0.0002798 -0.0095255  0.5330278  1.0000000 

   315.9000000    74.4200000    23.4800000     8.4880000     3.2170000
     1.2290000     0.2964000     0.0876800

 0.0041444 -0.0009048  0.0000000 
 0.0302971 -0.0063916  0.0000000 
 0.1278303 -0.0289531  0.0000000 
 0.3211623 -0.0694552  0.0000000 
 0.4550327 -0.1193365  0.0000000 
 0.2681699 -0.0196342  0.0000000 
 0.0188480  0.5098641  0.0000000 
-0.0026272  0.6006552  1.0000000 

     0.2750000

 1.0000000 

P:cc-pVDZ-DK
EMSL BASIS SET LIBRARY

  3
    0    1    2
    4    3    1
   12    8    1

 94840.0000000 14220.0000000  3236.0000000   917.1000000   299.5000000
   108.1000000    42.1800000    17.2800000     4.8580000     1.8180000
     0.3372000     0.1232000

 0.0006956 -0.0001903  0.0000523  0.0000000 
 0.0028421 -0.0007743  0.0002129  0.0000000 
 0.0116561 -0.0032408  0.0008890  0.0000000 
 0.0433935 -0.0120211  0.0033187  0.0000000 
 0.1341765 -0.0402672  0.0110884  0.0000000 
 0.3095842 -0.1005414  0.0282751  0.0000000 
 0.4187323 -0.1983197  0.0564463  0.0000000 
 0.2207409 -0.1109545  0.0347289  0.0000000 
 0.0162017  0.5231147 -0.1961133  0.0000000 
-0.0025086  0.5965584 -0.3685818  0.0000000 
 0.0007383  0.0360259  0.6296116  0.0000000 
-0.0003267 -0.0094784  0.5462342  1.0000000 

   370.5000000    87.3300000    27.5900000    10.0000000     3.8250000
     1.4940000     0.3921000     0.1186000

 0.0042075 -0.0010213  0.0000000 
 0.0307497 -0.0072319  0.0000000 
 0.1303114 -0.0328950  0.0000000 
 0.3278826 -0.0796019  0.0000000 
 0.4565077 -0.1348259  0.0000000 
 0.2525705 -0.0086235  0.0000000 
 0.0168823  0.5375353  0.0000000 
-0.0020717  0.5691375  1.0000000 

     0.3730000

 1.0000000 

S:cc-pVDZ-DK
EMSL BASIS SET LIBRARY

  3
    0    1    2
    4    3    1
   12    8    1

 110800.000000 16610.0000000  3781.0000000  1071.0000000   349.8000000
   126.3000000    49.2600000    20.1600000     5.7200000     2.1820000
     0.4327000     0.1570000

 0.0007215 -0.0002010  0.0000583  0.0000000 
 0.0028720 -0.0007969  0.0002317  0.0000000 
 0.0115194 -0.0032599  0.0009442  0.0000000 
 0.0424617 -0.0119806  0.0035003  0.0000000 
 0.1311104 -0.0400080  0.0116247  0.0000000 
 0.3046040 -0.1005679  0.0299867  0.0000000 
 0.4193121 -0.2001709  0.0600636  0.0000000 
 0.2282718 -0.1188477  0.0399813  0.0000000 
 0.0176436  0.5185418 -0.2109019  0.0000000 
-0.0029299  0.6009686 -0.3885008  0.0000000 
 0.0008367  0.0386850  0.6389962  0.0000000 
-0.0003625 -0.0092249  0.5505990  1.0000000 

   399.7000000    94.1900000    29.7500000    10.7700000     4.1190000
     1.6250000     0.4726000     0.1407000

 0.0047937 -0.0012442  0.0000000 
 0.0347928 -0.0088187  0.0000000 
 0.1451669 -0.0393306  0.0000000 
 0.3542203 -0.0934934  0.0000000 
 0.4584235 -0.1477061  0.0000000 
 0.2058117  0.0308319  0.0000000 
 0.0102234  0.5613096  0.0000000 
-0.0000639  0.5347270  1.0000000 

     0.4790000

 1.0000000 

CL:cc-pVDZ-DK
EMSL BASIS SET LIBRARY

  3
    0    1    2
    4    3    1
   12    8    1

 127900.000000 19170.0000000  4363.0000000  1236.0000000   403.6000000
   145.7000000    56.8100000    23.2300000     6.6440000     2.5750000
     0.5371000     0.1938000

 0.0007497 -0.0002120  0.0000641  0.0000000 
 0.0029170 -0.0008223  0.0002493  0.0000000 
 0.0114534 -0.0032917  0.0009932  0.0000000 
 0.0417491 -0.0119686  0.0036490  0.0000000 
 0.1287741 -0.0398788  0.0120657  0.0000000 
 0.3006785 -0.1007232  0.0313839  0.0000000 
 0.4195476 -0.2019238  0.0630662  0.0000000 
 0.2342971 -0.1251436  0.0444061  0.0000000 
 0.0188435  0.5156793 -0.2234945  0.0000000 
-0.0032902  0.6036405 -0.4034348  0.0000000 
 0.0009137  0.0409998  0.6454547  0.0000000 
-0.0003896 -0.0089767  0.5551503  1.0000000 

   417.6000000    98.3300000    31.0400000    11.1900000     4.2490000
     1.6240000     0.5322000     0.1620000

 0.0056562 -0.0015435  0.0000000 
 0.0406072 -0.0109957  0.0000000 
 0.1657433 -0.0473146  0.0000000 
 0.3875622 -0.1110564  0.0000000 
 0.4561525 -0.1527934  0.0000000 
 0.1510753  0.0902488  0.0000000 
 0.0018524  0.5790746  0.0000000 
 0.0018725  0.4831434  1.0000000 

     0.6000000

 1.0000000 

AR:cc-pVDZ-DK
EMSL BASIS SET LIBRARY

  3
    0    1    2
    4    3    1
   12    8    1

 145700.000000 21840.0000000  4972.0000000  1408.0000000   459.7000000
   165.9000000    64.6900000    26.4400000     7.6280000     2.9960000
     0.6504000     0.2337000

 0.0007819 -0.0002242  0.0000700  0.0000000 
 0.0029793 -0.0008517  0.0002668  0.0000000 
 0.0114728 -0.0033425  0.0010416  0.0000000 
 0.0413528 -0.0120238  0.0037904  0.0000000 
 0.1272786 -0.0399435  0.0124761  0.0000000 
 0.2980274 -0.1011846  0.0326374  0.0000000 
 0.4194869 -0.2037182  0.0656755  0.0000000 
 0.2383968 -0.1297272  0.0480165  0.0000000 
 0.0196834  0.5143673 -0.2347575  0.0000000 
-0.0035396  0.6048173 -0.4146406  0.0000000 
 0.0009560  0.0429665  0.6501973  0.0000000 
-0.0004033 -0.0087217  0.5593896  1.0000000 

   453.7000000   106.8000000    33.7300000    12.1300000     4.5940000
     1.6780000     0.5909000     0.1852000

 0.0061759 -0.0017393  0.0000000 
 0.0439690 -0.0124412  0.0000000 
 0.1778638 -0.0524542  0.0000000 
 0.4070852 -0.1237693  0.0000000 
 0.4513756 -0.1509115  0.0000000 
 0.1222191  0.1433727  0.0000000 
-0.0043985  0.5839918  0.0000000 
 0.0020335  0.4373354  1.0000000 

     0.7380000

 1.0000000 

SC:cc-pVDZ-DK
EMSL BASIS SET LIBRARY

  4
    0    1    2    3
    6    5    3    1
   20   16    8    2

  2.715278E+06  4.065984E+05  9.253004E+04  2.620792E+04  8.549429E+03
  3.085975E+03  1.203172E+03  4.984869E+02  2.167360E+02  9.787476E+01
  4.520433E+01  2.021187E+01  9.574751E+00  4.540346E+00  1.995687E+00
  9.422150E-01  4.178450E-01  9.576100E-02  5.135100E-02  2.387800E-02

   .106E-3    -.61E-4     .12E-4     -.3E-5     -.5E-5       .0E0 
   .317E-3   -.182E-3     .36E-4     -.9E-5    -.15E-4       .0E0 
   .905E-3    -.52E-3    .102E-3    -.25E-4    -.43E-4       .0E0 
  .2464E-2  -.1417E-2     .28E-3    -.68E-4   -.119E-3       .0E0 
   .678E-2  -.3912E-2    .774E-3   -.187E-3   -.317E-3       .0E0 
 .18679E-1 -.10853E-1   .2163E-2   -.523E-3   -.933E-3       .0E0 
 .49418E-1 -.29155E-1   .5883E-2  -.1424E-2  -.2369E-2       .0E0 
  .11721E0   -.716E-1  .14887E-1  -.3597E-2  -.6551E-2       .0E0 
  .22804E0  -.15044E0  .33132E-1  -.8033E-2 -.12998E-1       .0E0 
  .30987E0  -.24354E0  .60285E-1 -.14598E-1 -.27889E-1       .0E0 
  .21755E0  -.23345E0  .67459E-1 -.16514E-1 -.22652E-1       .0E0 
 .72486E-1  .44997E-1 -.25015E-1   .6289E-2  -.4673E-2       .0E0 
  .11595E0   .49603E0   -.2708E0  .68263E-1   .15864E0       .0E0 
  .11664E0   .48486E0    -.432E0   .11656E0   .14126E0       .0E0 
 .19823E-1  .87567E-1  .76493E-1 -.29949E-1  .93435E-1       .0E0 
  -.488E-3  -.5283E-2    .7031E0  -.23084E0  -.89733E0       .0E0 
   .183E-3    .642E-3   .44259E0  -.30232E0  .59706E-1       .0E0 
    -.7E-4   -.697E-3  .28138E-1    .2699E0   .23097E1       .0E0 
    .63E-4    .579E-3 -.12219E-1   .59193E0  -.12862E1       .0E0 
   -.13E-4   -.141E-3   .4231E-2   .30368E0  -.71652E0       .1E1 

  1.059219E+04  2.507533E+03  8.144571E+02  3.115195E+02  1.319617E+02
  5.998718E+01  2.866250E+01  1.410851E+01  7.103706E+00  3.609200E+00
  1.776070E+00  8.547600E-01  4.022390E-01  1.546800E-01  6.488800E-02
  2.630100E-02

   .101E-3    -.33E-4     -.8E-5      .1E-4       .0E0 
   .531E-3   -.174E-3    -.42E-4     .52E-4       .0E0 
  .2612E-2    -.86E-3    -.21E-3    .253E-3       .0E0 
 .10624E-1  -.3515E-2   -.855E-3   .1051E-2       .0E0 
 .35975E-1 -.12054E-1  -.2952E-2   .3555E-2       .0E0 
 .99242E-1 -.34069E-1  -.8312E-2  .10218E-1       .0E0 
  .21173E0 -.75213E-1 -.18531E-1  .22204E-1       .0E0 
  .33007E0  -.12242E0 -.30033E-1  .37286E-1       .0E0 
  .32976E0  -.12934E0 -.32641E-1  .37824E-1       .0E0 
  .15684E0  .16274E-1   .8348E-2  -.4972E-2       .0E0 
 .21805E-1   .31018E0  .87992E-1  -.11128E0       .0E0 
 -.1797E-2   .46269E0   .15191E0  -.16271E0       .0E0 
 -.1435E-2   .30352E0  .96406E-1  -.18269E0       .0E0 
    -.3E-3  .50515E-1  -.25639E0   .39987E0       .0E0 
    .37E-4  -.4393E-2  -.58745E0   .68541E0       .0E0 
   -.14E-4   .1807E-2  -.30627E0  .75195E-1       .1E1 

  5.065420E+01  1.473250E+01  5.180460E+00  2.019590E+00  7.992190E-01
  3.053160E-01  1.104440E-01  3.706500E-02

  .4252E-2  -.4396E-2       .0E0 
 .27465E-1 -.28263E-1       .0E0 
 .99227E-1  -.10479E0       .0E0 
  .22997E0  -.23435E0       .0E0 
  .34429E0  -.32551E0       .0E0 
  .37363E0 -.69995E-1       .0E0 
  .26802E0   .59492E0       .0E0 
 .66168E-1   .39759E0       .1E1 

  7.126000E-01  1.636000E-01

  .36174E0 
  .82187E0 

TI:cc-pVDZ-DK
EMSL BASIS SET LIBRARY

  4
    0    1    2    3
    6    5    3    1
   20   16    8    2

  3.014643E+06  4.514329E+05  1.027338E+05  2.909817E+04  9.492330E+03
  3.426346E+03  1.335896E+03  5.535026E+02  2.406925E+02  1.087293E+02
  5.026457E+01  2.258004E+01  1.071432E+01  5.093546E+00  2.244183E+00
  1.059570E+00  4.688490E-01  1.061430E-01  5.526200E-02  2.546500E-02

   .112E-3    -.63E-4     .13E-4     -.3E-5     -.6E-5       .0E0 
   .332E-3   -.189E-3     .38E-4     -.9E-5    -.17E-4       .0E0 
    .94E-3   -.535E-3    .109E-3    -.26E-4    -.48E-4       .0E0 
  .2532E-2  -.1443E-2    .294E-3     -.7E-4   -.131E-3       .0E0 
  .6879E-2  -.3933E-2    .803E-3   -.191E-3   -.346E-3       .0E0 
 .18749E-1 -.10796E-1    .222E-2   -.526E-3  -.1009E-2       .0E0 
 .49294E-1 -.28829E-1   .5999E-2  -.1424E-2  -.2532E-2       .0E0 
  .11669E0 -.70674E-1  .15149E-1  -.3593E-2  -.7042E-2       .0E0 
  .22732E0  -.14878E0  .33733E-1  -.8022E-2 -.13829E-1       .0E0 
  .31055E0  -.24206E0  .61563E-1 -.14646E-1 -.30221E-1       .0E0 
  .22058E0  -.23472E0  .69462E-1 -.16661E-1 -.23981E-1       .0E0 
 .73247E-1  .42206E-1 -.24155E-1   .5889E-2  -.7185E-2       .0E0 
  .11315E0   .49834E0  -.27898E0  .69347E-1   .17588E0       .0E0 
  .11366E0   .48689E0  -.43867E0   .11592E0   .14625E0       .0E0 
 .19316E-1  .87904E-1  .90906E-1 -.32717E-1  .97184E-1       .0E0 
  -.465E-3  -.5264E-2   .70913E0  -.23341E0  -.10017E1       .0E0 
   .159E-3    .552E-3   .43116E0  -.28694E0   .19996E0       .0E0 
   -.59E-4   -.628E-3  .25898E-1   .28395E0   .22181E1       .0E0 
    .62E-4    .553E-3 -.11007E-1   .58411E0  -.13423E1       .0E0 
    -.8E-5   -.118E-3   .3889E-2   .29496E0  -.61394E0       .1E1 

  1.191203E+04  2.819947E+03  9.159479E+02  3.503842E+02  1.484825E+02
  6.753944E+01  3.230332E+01  1.592786E+01  8.038035E+00  4.093916E+00
  2.022390E+00  9.761020E-01  4.595950E-01  1.771950E-01  7.344200E-02
  2.933400E-02

   .104E-3    -.35E-4      .8E-5      .1E-4       .0E0 
   .533E-3   -.179E-3     .43E-4     .54E-4       .0E0 
  .2588E-2    -.87E-3    .209E-3    .261E-3       .0E0 
  .1047E-1  -.3541E-2    .848E-3   .1071E-2       .0E0 
 .35471E-1  -.1215E-1   .2925E-2   .3639E-2       .0E0 
 .98164E-1 -.34471E-1   .8276E-2  .10461E-1       .0E0 
  .21063E0 -.76594E-1   .1855E-1  .22985E-1       .0E0 
   .3302E0  -.12562E0   .3034E-1  .38672E-1       .0E0 
   .3305E0  -.13205E0  .32715E-1  .39499E-1       .0E0 
  .15719E0  .19396E-1   -.872E-2  -.6899E-2       .0E0 
 .21967E-1   .31646E0 -.88636E-1  -.11462E0       .0E0 
 -.1761E-2   .46149E0  -.14916E0  -.17089E0       .0E0 
  -.143E-2   .29801E0 -.93232E-1  -.16526E0       .0E0 
   -.29E-3  .49517E-1   .25071E0   .40586E0       .0E0 
    .34E-4  -.4108E-2   .58618E0   .67423E0       .0E0 
   -.13E-4   .1693E-2   .31409E0  .78279E-1       .1E1 

  6.434020E+01  1.884180E+01  6.719830E+00  2.656130E+00  1.073680E+00
  4.205570E-01  1.548170E-01  5.149000E-02

  .3883E-2  -.3979E-2       .0E0 
 .26204E-1 -.26764E-1       .0E0 
 .96887E-1  -.10189E0       .0E0 
  .23163E0  -.23711E0       .0E0 
  .35197E0  -.31329E0       .0E0 
  .37256E0 -.46563E-1       .0E0 
  .25056E0   .58407E0       .0E0 
 .60062E-1   .41532E0       .1E1 

  1.227400E+00  2.788000E-01

  .35816E0 
  .82579E0 

V:cc-pVDZ-DK
EMSL BASIS SET LIBRARY

  4
    0    1    2    3
    6    5    3    1
   20   16    8    2

  3.321857E+06  4.974356E+05  1.132027E+05  3.206333E+04  1.045962E+04
  3.775506E+03  1.472040E+03  6.099331E+02  2.652634E+02  1.198607E+02
  5.544891E+01  2.498372E+01  1.188056E+01  5.660311E+00  2.495703E+00
  1.177866E+00  5.200440E-01  1.159650E-01  5.893800E-02  2.694600E-02

   .118E-3    -.66E-4     .14E-4     -.3E-5     -.6E-5       .0E0 
   .349E-3   -.194E-3     .41E-4     -.1E-4    -.18E-4       .0E0 
   .982E-3   -.545E-3    .115E-3    -.27E-4    -.51E-4       .0E0 
  .2618E-2  -.1457E-2    .308E-3    -.72E-4   -.141E-3       .0E0 
  .7032E-2  -.3927E-2    .833E-3   -.194E-3   -.366E-3       .0E0 
 .18966E-1 -.10668E-1   .2278E-2    -.53E-3  -.1061E-2       .0E0 
 .49544E-1 -.28316E-1   .6117E-2  -.1425E-2  -.2635E-2       .0E0 
  .11701E0 -.69288E-1  .15408E-1  -.3589E-2  -.7343E-2       .0E0 
  .22806E0  -.14611E0  .34301E-1  -.8003E-2 -.14327E-1       .0E0 
   .3128E0  -.23894E0  .62722E-1 -.14661E-1 -.31641E-1       .0E0 
  .22433E0  -.23392E0  .71047E-1 -.16704E-1  -.2475E-1       .0E0 
 .73589E-1  .42107E-1 -.24119E-1   .5706E-2  -.8638E-2       .0E0 
  .10752E0   .50249E0  -.28721E0  .70356E-1   .18722E0       .0E0 
  .10737E0   .48782E0  -.44261E0   .11456E0   .14797E0       .0E0 
 .18048E-1  .87312E-1   .10688E0  -.3595E-1  .93307E-1       .0E0 
  -.433E-3  -.5353E-2   .71333E0  -.23442E0  -.10568E1       .0E0 
   .124E-3    .435E-3   .41944E0  -.27268E0   .29165E0       .0E0 
   -.46E-4    -.57E-3  .23831E-1   .29653E0    .2134E1       .0E0 
    .59E-4    .541E-3  -.9883E-2   .57721E0  -.13544E1       .0E0 
    -.3E-5    -.97E-4   .3633E-2   .28669E0  -.55202E0       .1E1 

  1.327320E+04  3.142126E+03  1.020588E+03  3.904407E+02  1.655043E+02
  7.532006E+01  3.605503E+01  1.780436E+01  9.002929E+00  4.594544E+00
  2.276760E+00  1.101178E+00  5.186380E-01  2.005740E-01  8.121700E-02
  3.173300E-02

   .108E-3    -.37E-4      .9E-5     .11E-4       .0E0 
   .539E-3   -.184E-3     .44E-4     .56E-4       .0E0 
  .2582E-2   -.883E-3    .214E-3    .266E-3       .0E0 
  .1039E-1  -.3576E-2    .862E-3   .1087E-2       .0E0 
 .35189E-1 -.12264E-1   .2972E-2   .3688E-2       .0E0 
 .97589E-1 -.34891E-1   .8441E-2   .1064E-1       .0E0 
  .21024E0 -.77889E-1  .18995E-1  .23468E-1       .0E0 
  .33069E0  -.12842E0  .31289E-1  .39763E-1       .0E0 
   .3307E0   -.1339E0  .33338E-1  .40188E-1       .0E0 
   .1567E0  .23159E-1 -.10075E-1  -.8099E-2       .0E0 
 .21857E-1   .32208E0 -.92562E-1  -.11833E0       .0E0 
 -.1768E-2   .45989E0  -.14886E0    -.173E0       .0E0 
 -.1457E-2   .29312E0 -.82302E-1  -.15396E0       .0E0 
  -.283E-3  .48445E-1   .25046E0   .41182E0       .0E0 
    .31E-4  -.3703E-2   .57992E0   .66965E0       .0E0 
   -.12E-4   .1552E-2   .32185E0  .76521E-1       .1E1 

  7.828410E+01  2.301200E+01  8.290160E+00  3.307910E+00  1.355550E+00
  5.392580E-01  2.012550E-01  6.714600E-02

  .3587E-2  -.3818E-2       .0E0 
 .24974E-1 -.26531E-1       .0E0 
 .94029E-1  -.10305E0       .0E0 
  .22904E0  -.24669E0       .0E0 
   .3518E0  -.31292E0       .0E0 
  .37089E0 -.27581E-1       .0E0 
  .24856E0   .56601E0       .0E0 
 .62903E-1    .4242E0       .1E1 

  1.748800E+00  4.057000E-01

  .39007E0 
  .80084E0 

CR:cc-pVDZ-DK
EMSL BASIS SET LIBRARY

  4
    0    1    2    3
    6    5    3    1
   20   16    8    2

  6.177194E+06  9.249295E+05  2.104865E+05  5.962005E+04  1.945076E+04
  7.022056E+03  2.738763E+03  1.135814E+03  4.950923E+02  2.247487E+02
  1.053836E+02  5.019359E+01  2.224957E+01  1.098265E+01  5.383665E+00
  2.343685E+00  1.105202E+00  4.878480E-01  8.959900E-02  3.342300E-02

    .84E-4    -.46E-4      .1E-4     -.2E-5      .4E-5       .0E0 
   .241E-3   -.134E-3     .29E-4     -.7E-5     .13E-4       .0E0 
   .658E-3   -.364E-3     .78E-4    -.18E-4     .36E-4       .0E0 
  .1673E-2   -.927E-3      .2E-3    -.45E-4     .88E-4       .0E0 
  .4248E-2  -.2361E-2    .511E-3   -.117E-3    .239E-3       .0E0 
 .10889E-1  -.6076E-2   .1317E-2   -.298E-3    .557E-3       .0E0 
 .27859E-1 -.15723E-1   .3447E-2    -.79E-3   .1682E-2       .0E0 
 .67888E-1 -.39078E-1   .8668E-2  -.1957E-2    .349E-2       .0E0 
   .1468E0 -.88711E-1  .20495E-1  -.4725E-2  .10512E-1       .0E0 
  .25562E0  -.17011E0  .41701E-1  -.9368E-2  .15392E-1       .0E0 
  .29841E0   -.2473E0    .693E-1  -.1625E-1  .40277E-1       .0E0 
  .17456E0  -.18638E0  .58189E-1 -.12549E-1   .7394E-2       .0E0 
  .6969E-1   .15844E0 -.76181E-1   .1555E-1  .14057E-1       .0E0 
  .11418E0   .54812E0  -.35614E0  .91691E-1  -.29367E0       .0E0 
  .8407E-1   .38858E0  -.37265E0  .85426E-1    .301E-2       .0E0 
  .9926E-2  .49281E-1    .2838E0  -.6625E-1  -.17585E0       .0E0 
  -.316E-3  -.4305E-2   .71493E0  -.28685E0   .15006E1       .0E0 
    .59E-4    .111E-3   .29088E0   -.1703E0  -.11269E1       .0E0 
    .16E-4    -.27E-4   .6909E-2   .69673E0  -.12271E1       .0E0 
    .22E-4    .141E-3    .254E-3   .44756E0   .14652E1       .1E1 

  1.445420E+04  3.421676E+03  1.111387E+03  4.251918E+02  1.802623E+02
  8.206117E+01  3.929726E+01  1.941959E+01  9.828899E+00  5.016810E+00
  2.487091E+00  1.198780E+00  5.586950E-01  2.093660E-01  8.472200E-02
  3.327800E-02

   .115E-3     -.4E-4      .9E-5     .12E-4       .0E0 
    .56E-3   -.194E-3     .46E-4     .59E-4       .0E0 
  .2653E-2   -.922E-3    .219E-3    .277E-3       .0E0 
 .10612E-1  -.3711E-2    .878E-3   .1121E-2       .0E0 
 .35867E-1 -.12706E-1    .303E-2    .382E-2       .0E0 
 .99324E-1 -.36121E-1   .8568E-2   .1094E-1       .0E0 
  .21352E0  -.8054E-1  .19343E-1  .24301E-1       .0E0 
    .334E0  -.13231E0   .3156E-1  .40594E-1       .0E0 
  .32829E0  -.13404E0  .33056E-1  .40773E-1       .0E0 
  .15058E0  .34707E-1  -.1359E-1  -.1344E-1       .0E0 
 .20002E-1   .33563E0 -.94009E-1  -.12111E0       .0E0 
 -.1563E-2   .46128E0  -.14985E0  -.18274E0       .0E0 
 -.1291E-2   .27857E0 -.65716E-1  -.12007E0       .0E0 
  -.212E-3  .41221E-1   .27117E0   .44495E0       .0E0 
    .24E-4    -.38E-2   .57506E0   .64134E0       .0E0 
    -.9E-5   .1465E-2   .30137E0  .57926E-1       .1E1 

  8.947450E+01  2.633680E+01  9.534290E+00  3.821180E+00  1.571690E+00
  6.264220E-01  2.330550E-01  7.630300E-02

  .3617E-2  -.4124E-2       .0E0 
 .25539E-1 -.29098E-1       .0E0 
 .96834E-1  -.11432E0       .0E0 
  .23512E0  -.27196E0       .0E0 
  .35745E0  -.31627E0       .0E0 
  .36916E0  .37457E-1       .0E0 
  .23808E0   .58948E0       .0E0 
 .54752E-1   .36177E0       .1E1 

  2.221100E+00  5.231000E-01

  .42354E0 
  .77411E0 

MN:cc-pVDZ-DK
EMSL BASIS SET LIBRARY

  4
    0    1    2    3
    6    5    3    1
   20   16    8    2

  3.960805E+06  5.931155E+05  1.349768E+05  3.823067E+04  1.247154E+04
  4.501743E+03  1.755212E+03  7.273039E+02  3.163678E+02  1.430098E+02
  6.621805E+01  2.991896E+01  1.430318E+01  6.839451E+00  3.012374E+00
  1.418808E+00  6.236240E-01  1.340980E-01  6.554800E-02  2.958400E-02

   .135E-3    -.65E-4     .16E-4     -.4E-5     -.7E-5       .0E0 
   .395E-3   -.189E-3     .46E-4     -.1E-4    -.21E-4       .0E0 
  .1096E-2   -.525E-3    .128E-3    -.29E-4    -.57E-4       .0E0 
  .2871E-2  -.1379E-2    .337E-3    -.75E-4   -.153E-3       .0E0 
  .7554E-2  -.3642E-2    .891E-3   -.199E-3    -.39E-3       .0E0 
 .19975E-1  -.9711E-2   .2391E-2   -.533E-3  -.1107E-2       .0E0 
 .51508E-1 -.25489E-1   .6334E-2  -.1413E-2  -.2716E-2       .0E0 
    .121E0 -.62259E-1  .15866E-1  -.3542E-2  -.7526E-2       .0E0 
  .23604E0  -.13229E0  .35236E-1  -.7871E-2 -.14643E-1       .0E0 
  .32648E0  -.22046E0  .64545E-1 -.14466E-1 -.32434E-1       .0E0 
   .2393E0  -.22151E0  .73057E-1 -.16425E-1 -.25239E-1       .0E0 
  .7182E-1  .49336E-1 -.25737E-1   .5762E-2  -.8668E-2       .0E0 
  .7595E-1    .5165E0  -.30268E0  .71266E-1   .19518E0       .0E0 
  .7503E-1   .49007E0  -.44406E0   .10941E0   .14746E0       .0E0 
 .11836E-1  .84586E-1    .1409E0 -.42813E-1  .70375E-1       .0E0 
  -.359E-3  -.6857E-2   .71899E0  -.22938E0  -.10668E1       .0E0 
   -.62E-4   -.466E-3   .39521E0  -.24612E0   .37231E0       .0E0 
   -.14E-4   -.526E-3  .19851E-1   .30965E0   .19872E1       .0E0 
    .26E-4    .499E-3  -.7783E-2   .56586E0  -.12894E1       .0E0 
      .0E0    -.87E-4   .3175E-2   .27826E0  -.51308E0       .1E1 

  1.620586E+04  3.836274E+03  1.246048E+03  4.767535E+02  2.021895E+02
  9.209487E+01  4.414720E+01  2.185468E+01  1.108596E+01  5.674108E+00
  2.823170E+00  1.368621E+00  6.444310E-01  2.483460E-01  9.717500E-02
  3.656500E-02

   .118E-3    -.41E-4     -.9E-5     .13E-4       .0E0 
   .555E-3   -.193E-3    -.44E-4      .6E-4       .0E0 
  .2591E-2   -.903E-3   -.208E-3    .279E-3       .0E0 
 .10297E-1  -.3614E-2   -.832E-3   .1127E-2       .0E0 
 .34812E-1 -.12373E-1  -.2857E-2   .3818E-2       .0E0 
 .96814E-1 -.35341E-1  -.8164E-2  .11061E-1       .0E0 
   .2099E0 -.79499E-1 -.18455E-1  .24585E-1       .0E0 
  .33191E0  -.13219E0 -.30773E-1  .42033E-1       .0E0 
  .33118E0  -.13569E0 -.31999E-1  .41811E-1       .0E0 
   .1557E0  .30133E-1  .10751E-1 -.10847E-1       .0E0 
 .20906E-1   .33103E0  .90894E-1  -.12656E0       .0E0 
 -.2814E-2   .45678E0   .13794E0  -.17898E0       .0E0 
 -.2148E-2   .28591E0  .76112E-1  -.12607E0       .0E0 
  -.379E-3  .46583E-1  -.23135E0   .42038E0       .0E0 
    .36E-4  -.3384E-2  -.57517E0   .65784E0       .0E0 
   -.14E-4   .1417E-2  -.34776E0  .74823E-1       .1E1 

  1.019040E+02  3.003370E+01  1.092380E+01  4.397400E+00  1.815950E+00
  7.257310E-01  2.699610E-01  8.776000E-02

  .3575E-2  -.3646E-2       .0E0 
 .25575E-1 -.26079E-1       .0E0 
 .97747E-1  -.10246E0       .0E0 
  .23706E0   -.2489E0       .0E0 
  .35792E0  -.30189E0       .0E0 
  .36581E0   .8369E-2       .0E0 
   .2363E0   .53976E0       .0E0 
 .58351E-1   .44974E0       .1E1 

  2.703200E+00  6.438000E-01

  .42678E0 
   .7698E0 

FE:cc-pVDZ-DK
EMSL BASIS SET LIBRARY

  4
    0    1    2    3
    6    5    3    1
   20   16    8    2

  4.316265E+06  6.463424E+05  1.470897E+05  4.166152E+04  1.359077E+04
  4.905750E+03  1.912746E+03  7.926043E+02  3.448065E+02  1.558999E+02
  7.223091E+01  3.272506E+01  1.566762E+01  7.503483E+00  3.312223E+00
  1.558471E+00  6.839140E-01  1.467570E-01  7.058300E-02  3.144900E-02

    .14E-3    -.72E-4     .17E-4     -.4E-5     -.7E-5       .0E0 
   .405E-3   -.209E-3     .49E-4    -.11E-4    -.21E-4       .0E0 
  .1119E-2   -.579E-3    .135E-3    -.29E-4    -.58E-4       .0E0 
  .2907E-2  -.1506E-2    .352E-3    -.77E-4   -.155E-3       .0E0 
  .7571E-2  -.3939E-2    .923E-3   -.201E-3   -.393E-3       .0E0 
 .19818E-1 -.10396E-1   .2452E-2   -.535E-3  -.1101E-2       .0E0 
 .50734E-1 -.27074E-1   .6451E-2  -.1408E-2  -.2693E-2       .0E0 
  .11873E0 -.65777E-1  .16106E-1  -.3518E-2  -.7404E-2       .0E0 
  .23116E0  -.13908E0  .35742E-1  -.7814E-2 -.14484E-1       .0E0 
  .31932E0  -.23015E0  .65528E-1 -.14372E-1 -.31853E-1       .0E0 
  .23365E0  -.22966E0   .7443E-1 -.16383E-1 -.25352E-1       .0E0 
 .74022E-1  .46091E-1 -.25711E-1   .5643E-2  -.7887E-2       .0E0 
 .90952E-1   .51505E0  -.30864E0  .71221E-1   .19147E0       .0E0 
 .88898E-1   .48718E0  -.44654E0    .1078E0   .14824E0       .0E0 
 .14302E-1   .8438E-1   .14898E0 -.44262E-1  .50761E-1       .0E0 
  -.387E-3  -.5911E-2    .7204E0    -.226E0  -.10122E1       .0E0 
     .8E-5    -.44E-4    .3897E0  -.23763E0   .34234E0       .0E0 
   -.25E-4   -.487E-3  .19184E-1   .29778E0   .18573E1       .0E0 
    .32E-4    .437E-3  -.7023E-2    .5655E0  -.10637E1       .0E0 
    -.1E-5    -.86E-4   .3124E-2   .28794E0  -.61687E0       .1E1 

  1.774569E+04  4.200721E+03  1.364429E+03  5.220806E+02  2.214595E+02
  1.009096E+02  4.840115E+01  2.398536E+01  1.218250E+01  6.242298E+00
  3.110944E+00  1.509958E+00  7.108450E-01  2.725980E-01  1.039720E-01
  3.816600E-02

   .123E-3    -.43E-4      .9E-5     .14E-4       .0E0 
   .566E-3     -.2E-3     .44E-4     .66E-4       .0E0 
  .2608E-2   -.923E-3    .201E-3    .303E-3       .0E0 
 .10295E-1  -.3668E-2      .8E-3   .1219E-2       .0E0 
 .34751E-1 -.12539E-1   .2738E-2    .412E-2       .0E0 
  .9669E-1 -.35848E-1   .7848E-2  .11953E-1       .0E0 
  .21003E0 -.80822E-1  .17739E-1   .2662E-1       .0E0 
  .33246E0   -.1347E0  .29749E-1  .45699E-1       .0E0 
  .33077E0  -.13691E0  .30389E-1  .45033E-1       .0E0 
  .15473E0  .33713E-1 -.10765E-1 -.13011E-1       .0E0 
 .20964E-1   .33567E0 -.87689E-1  -.14138E0       .0E0 
 -.2346E-2    .4555E0  -.12847E0  -.19415E0       .0E0 
 -.1854E-2   .28176E0 -.73996E-1  -.10177E0       .0E0 
  -.317E-3   .4515E-1   .21546E0   .46786E0       .0E0 
     .3E-4  -.3165E-2     .572E0   .62422E0       .0E0 
   -.12E-4   .1331E-2   .36808E0  .56225E-1       .1E1 

  1.148840E+02  3.388780E+01  1.237300E+01  4.999250E+00  2.070430E+00
  8.281830E-01  3.075470E-01  9.945500E-02

  .3532E-2  -.3896E-2       .0E0 
  .2555E-1 -.28207E-1       .0E0 
 .98357E-1  -.11157E0       .0E0 
  .23792E0  -.27284E0       .0E0 
  .35654E0  -.31715E0       .0E0 
  .36285E0  .52062E-1       .0E0 
   .2388E0   .56127E0       .0E0 
 .61904E-1   .38916E0       .1E1 

  3.224300E+00  7.758000E-01

  .42225E0 
  .77147E0 

CO:cc-pVDZ-DK
EMSL BASIS SET LIBRARY

  4
    0    1    2    3
    6    5    3    1
   20   16    8    2

  4.675675E+06  7.001615E+05  1.593373E+05  4.513046E+04  1.472238E+04
  5.314222E+03  2.072018E+03  8.586188E+02  3.735497E+02  1.689229E+02
  7.829639E+01  3.552123E+01  1.704144E+01  8.173000E+00  3.610318E+00
  1.697047E+00  7.435320E-01  1.583440E-01  7.503600E-02  3.309100E-02

   .146E-3    -.77E-4     .18E-4     -.4E-5     -.7E-5       .0E0 
   .422E-3   -.222E-3     .52E-4    -.11E-4    -.22E-4       .0E0 
  .1157E-2    -.61E-3    .142E-3     -.3E-4    -.59E-4       .0E0 
  .2982E-2  -.1576E-2    .367E-3    -.78E-4   -.155E-3       .0E0 
  .7695E-2  -.4085E-2    .954E-3   -.204E-3   -.391E-3       .0E0 
 .19953E-1 -.10678E-1   .2512E-2   -.536E-3  -.1081E-2       .0E0 
 .50717E-1 -.27613E-1   .6564E-2  -.1402E-2  -.2638E-2       .0E0 
  .11823E0 -.66816E-1  .16331E-1   -.349E-2  -.7186E-2       .0E0 
   .2298E0  -.14098E0  .36186E-1   -.774E-2 -.14141E-1       .0E0 
  .31728E0  -.23292E0  .66352E-1  -.1424E-1 -.30801E-1       .0E0 
  .23232E0  -.23205E0  .75343E-1 -.16227E-1  -.2503E-1       .0E0 
 .74863E-1  .46553E-1 -.26487E-1   .5692E-2  -.6499E-2       .0E0 
 .94649E-1   .51696E0   -.3148E0  .71136E-1   .18483E0       .0E0 
 .91625E-1   .48484E0  -.44671E0   .10542E0   .14648E0       .0E0 
  .1466E-1  .83289E-1   .16012E0 -.46187E-1  .30255E-1       .0E0 
  -.414E-3  -.5811E-2   .72132E0    -.222E0  -.94224E0       .0E0 
     .5E-5    -.54E-4   .38236E0  -.22862E0   .30064E0       .0E0 
   -.28E-4   -.468E-3  .18188E-1   .29133E0   .17414E1       .0E0 
    .29E-4    .389E-3  -.6415E-2   .56306E0  -.85498E0       .0E0 
    -.3E-5    -.89E-4   .2987E-2   .29428E0  -.71789E0       .1E1 

  1.926778E+04  4.560986E+03  1.481436E+03  5.668671E+02  2.404910E+02
  1.096105E+02  5.259491E+01  2.608361E+01  1.326143E+01  6.799778E+00
  3.393414E+00  1.648766E+00  7.762820E-01  2.972090E-01  1.133520E-01
  4.151000E-02

    .13E-3    -.46E-4     -.1E-4     .16E-4       .0E0 
   .582E-3   -.208E-3    -.46E-4     .72E-4       .0E0 
  .2648E-2   -.947E-3   -.209E-3    .326E-3       .0E0 
 .10381E-1  -.3738E-2   -.825E-3   .1298E-2       .0E0 
 .34963E-1  -.1275E-1  -.2817E-2   .4392E-2       .0E0 
 .97229E-1 -.36447E-1  -.8068E-2    .127E-1       .0E0 
  .21125E0 -.82235E-1 -.18268E-1  .28424E-1       .0E0 
  .33385E0    -.137E0 -.30586E-1  .48533E-1       .0E0 
  .32975E0  -.13712E0 -.30883E-1  .47752E-1       .0E0 
  .15229E0  .39321E-1  .12303E-1 -.16652E-1       .0E0 
 .20265E-1   .34123E0  .90431E-1  -.15367E0       .0E0 
 -.2285E-2   .45363E0   .13082E0  -.20566E0       .0E0 
 -.1811E-2   .27611E0  .69211E-1  -.7218E-1       .0E0 
  -.296E-3  .43665E-1  -.22488E0   .48314E0       .0E0 
    .28E-4   -.307E-2  -.56966E0   .59947E0       .0E0 
   -.11E-4   .1292E-2  -.36187E0     .56E-1       .1E1 

  1.283920E+02  3.789380E+01  1.387980E+01  5.625440E+00  2.335390E+00
  9.351920E-01  3.469530E-01  1.117230E-01

  .3505E-2  -.4065E-2       .0E0 
 .25583E-1 -.29729E-1       .0E0 
 .99084E-1  -.11847E0       .0E0 
  .23914E0  -.28972E0       .0E0 
  .35615E0  -.32035E0       .0E0 
  .36041E0   .8568E-1       .0E0 
  .23921E0   .55912E0       .0E0 
 .64161E-1    .3634E0       .1E1 

  3.772400E+00  9.170000E-01

  .42397E0 
  .76843E0 

NI:cc-pVDZ-DK
EMSL BASIS SET LIBRARY

  4
    0    1    2    3
    6    5    3    1
   20   16    8    2

  5.045991E+06  7.556142E+05  1.719568E+05  4.870479E+04  1.588841E+04
  5.735123E+03  2.236137E+03  9.266468E+02  4.031743E+02  1.823476E+02
  8.454885E+01  3.839634E+01  1.845859E+01  8.863548E+00  3.916227E+00
  1.838870E+00  8.043620E-01  1.697970E-01  7.930600E-02  3.467700E-02

   .157E-3    -.71E-4     .19E-4     -.4E-5     -.8E-5       .0E0 
   .453E-3   -.206E-3     .54E-4    -.11E-4    -.23E-4       .0E0 
  .1237E-2   -.562E-3    .148E-3    -.31E-4    -.62E-4       .0E0 
  .3165E-2  -.1442E-2    .381E-3    -.81E-4   -.163E-3       .0E0 
  .8095E-2  -.3706E-2    .981E-3   -.208E-3   -.408E-3       .0E0 
 .20804E-1  -.9611E-2   .2559E-2   -.543E-3  -.1112E-2       .0E0 
 .52534E-1 -.24736E-1   .6641E-2  -.1408E-2  -.2709E-2       .0E0 
  .12213E0 -.59903E-1   .1646E-1  -.3493E-2  -.7309E-2       .0E0 
  .23764E0  -.12739E0  .36419E-1  -.7733E-2 -.14465E-1       .0E0 
  .33031E0  -.21418E0  .66732E-1 -.14223E-1 -.31182E-1       .0E0 
  .24591E0  -.21832E0  .75739E-1 -.16181E-1 -.25835E-1       .0E0 
 .72276E-1  .52598E-1  -.2751E-1   .5841E-2  -.5347E-2       .0E0 
 .63512E-1   .52493E0  -.31905E0  .71579E-1   .18602E0       .0E0 
 .61884E-1   .48801E0  -.44492E0   .10374E0   .15466E0       .0E0 
    .94E-2  .82484E-1   .17242E0 -.48315E-1  .11497E-1       .0E0 
  -.219E-3  -.6795E-2   .71557E0   -.2193E0  -.94457E0       .0E0 
   -.79E-4   -.643E-3   .37917E0  -.22082E0   .33431E0       .0E0 
    -.5E-5   -.492E-3  .19936E-1   .28697E0   .16419E1       .0E0 
     .3E-5    .354E-3  -.7476E-2   .55998E0     -.74E0       .0E0 
      .0E0   -.106E-3   .3271E-2    .2994E0  -.75325E0       .1E1 

  2.102792E+04  4.977560E+03  1.616740E+03  6.186718E+02  2.625183E+02
  1.196907E+02  5.746585E+01  2.852829E+01  1.452148E+01  7.453850E+00
  3.723553E+00  1.809813E+00  8.513360E-01  3.234058E-01  1.190210E-01
  4.216200E-02

   .135E-3    -.48E-4      .1E-4      .2E-4       .0E0 
   .592E-3   -.212E-3     .43E-4     .88E-4       .0E0 
  .2656E-2   -.952E-3    .193E-3    .395E-3       .0E0 
 .10337E-1  -.3733E-2     .76E-3   .1556E-2       .0E0 
 .34752E-1 -.12707E-1   .2582E-2   .5282E-2       .0E0 
 .96704E-1 -.36371E-1   .7428E-2  .15213E-1       .0E0 
  .21066E0 -.82282E-1  .16798E-1  .34373E-1       .0E0 
  .33383E0  -.13765E0  .28395E-1  .58434E-1       .0E0 
  .33022E0  -.13717E0  .28162E-1  .58969E-1       .0E0 
   .1528E0  .40287E-1 -.11146E-1 -.22937E-1       .0E0 
 .20149E-1   .34221E0 -.83349E-1  -.19788E0       .0E0 
 -.2709E-2   .44966E0  -.11609E0  -.24732E0       .0E0 
  -.211E-2   .27777E0  -.7006E-1   .9569E-2       .0E0 
  -.352E-3  .46415E-1    .1995E0     .545E0       .0E0 
    .36E-4  -.2949E-2   .56601E0   .52352E0       .0E0 
   -.12E-4   .1292E-2   .39268E0  .35703E-1       .1E1 

  1.425904E+02  4.210219E+01  1.546337E+01  6.283810E+00  2.614170E+00
  1.048020E+00  3.886520E-01  1.246640E-01

  .3389E-2  -.3527E-2       .0E0 
 .24928E-1 -.25947E-1       .0E0 
 .97056E-1  -.10366E0       .0E0 
  .23381E0  -.25239E0       .0E0 
  .34666E0  -.29673E0       .0E0 
   .3518E0   -.579E-3       .0E0 
  .25218E0   .44039E0       .0E0 
  .10155E0    .5416E0       .1E1 

  4.345500E+00  1.068000E+00

  .41743E0 
  .77148E0 

CU:cc-pVDZ-DK
EMSL BASIS SET LIBRARY

  4
    0    1    2    3
    6    5    3    1
   20   16    8    2

  5.430321E+06  8.131665E+05  1.850544E+05  5.241466E+04  1.709868E+04
  6.171994E+03  2.406481E+03  9.972584E+02  4.339289E+02  1.962869E+02
  9.104280E+01  4.138425E+01  1.993278E+01  9.581891E+00  4.234516E+00
  1.985814E+00  8.670830E-01  1.813390E-01  8.365700E-02  3.626700E-02

   .158E-3    -.89E-4      .2E-4     -.4E-5     -.8E-5       .0E0 
   .452E-3   -.255E-3     .57E-4    -.12E-4    -.22E-4       .0E0 
  .1229E-2   -.694E-3    .156E-3    -.32E-4    -.59E-4       .0E0 
   .312E-2  -.1766E-2    .399E-3    -.82E-4   -.152E-3       .0E0 
  .7912E-2  -.4498E-2   .1019E-2   -.208E-3   -.378E-3       .0E0 
 .20142E-1 -.11545E-1   .2636E-2   -.539E-3  -.1018E-2       .0E0 
 .50462E-1 -.29418E-1   .6792E-2  -.1388E-2  -.2473E-2       .0E0 
  .11662E0 -.70517E-1  .16772E-1   -.343E-2  -.6614E-2       .0E0 
  .22554E0  -.14779E0  .37024E-1  -.7579E-2 -.13152E-1       .0E0 
  .31015E0  -.24238E0  .67832E-1 -.13934E-1 -.28083E-1       .0E0 
  .22614E0  -.23906E0  .76768E-1 -.15825E-1 -.23661E-1       .0E0 
 .76992E-1  .47693E-1 -.28588E-1   .5891E-2  -.3658E-2       .0E0 
  .10876E0   .51947E0  -.32623E0  .70648E-1   .16745E0       .0E0 
  .10297E0   .47811E0  -.44515E0   .10035E0   .13785E0       .0E0 
 .16299E-1  .80558E-1   .18153E0 -.49461E-1   .1695E-2       .0E0 
  -.539E-3  -.5628E-2   .72192E0  -.21362E0  -.79886E0       .0E0 
    -.2E-5    -.72E-4   .36863E0   -.2122E0   .20364E0       .0E0 
   -.38E-4   -.433E-3  .16395E-1    .2813E0   .15497E1       .0E0 
    .26E-4    .308E-3  -.5526E-2   .55607E0  -.49502E0       .0E0 
    -.9E-5    -.99E-4     .27E-2    .3067E0  -.89612E0       .1E1 

  2.276057E+04  5.387679E+03  1.749945E+03  6.696653E+02  2.841948E+02
  1.296077E+02  6.225415E+01  3.092964E+01  1.575827E+01  8.094211E+00
  4.046921E+00  1.967869E+00  9.252950E-01  3.510930E-01  1.267990E-01
  4.416200E-02

   .141E-3    -.51E-4      .1E-4     .19E-4       .0E0 
   .605E-3    -.22E-3     .43E-4     .83E-4       .0E0 
  .2684E-2   -.977E-3     .19E-3    .368E-3       .0E0 
  .1037E-1  -.3803E-2    .743E-3   .1447E-2       .0E0 
 .34776E-1 -.12916E-1   .2515E-2   .4866E-2       .0E0 
 .96726E-1 -.36952E-1   .7246E-2  .14121E-1       .0E0 
  .21088E0 -.83709E-1  .16375E-1   .3164E-1       .0E0 
  .33419E0  -.14008E0  .27781E-1  .54567E-1       .0E0 
  .32956E0  -.13842E0   .2712E-1  .53045E-1       .0E0 
  .15192E0  .43486E-1 -.11226E-1 -.19946E-1       .0E0 
 .20507E-1   .34608E0 -.81474E-1  -.18351E0       .0E0 
 -.1966E-2   .45123E0  -.11062E0  -.21733E0       .0E0 
 -.1631E-2   .27264E0 -.68669E-1 -.28217E-1       .0E0 
  -.257E-3  .42464E-1   .19214E0   .52893E0       .0E0 
    .25E-4  -.2769E-2   .56314E0   .55756E0       .0E0 
    -.9E-5   .1137E-2   .40445E0  .36626E-1       .1E1 

  1.776850E+02  5.254040E+01  1.947690E+01  8.001460E+00  3.398920E+00
  1.405380E+00  5.453300E-01  1.881100E-01

  .2709E-2  -.3377E-2       .0E0 
 .20685E-1 -.25819E-1       .0E0 
 .83626E-1  -.10724E0       .0E0 
  .21292E0  -.28054E0       .0E0 
  .33557E0  -.34873E0       .0E0 
  .35811E0  .21609E-1       .0E0 
  .26644E0   .49161E0       .0E0 
  .10597E0    .4408E0       .1E1 

  5.028600E+00  1.259400E+00

  .42428E0 
  .76302E0 

ZN:cc-pVDZ-DK
EMSL BASIS SET LIBRARY

  4
    0    1    2    3
    6    5    3    1
   20   16    8    2

  5.820021E+06  8.715234E+05  1.983350E+05  5.617631E+04  1.832582E+04
  6.614955E+03  2.579199E+03  1.068849E+03  4.651045E+02  2.104130E+02
  9.761629E+01  4.438020E+01  2.142308E+01  1.030891E+01  4.553645E+00
  2.132821E+00  9.296970E-01  1.921470E-01  8.759500E-02  3.770200E-02

   .181E-3    -.57E-4     .22E-4      .4E-5    -.12E-4       .0E0 
   .517E-3   -.163E-3     .62E-4     .13E-4    -.34E-4       .0E0 
  .1398E-2   -.442E-3    .168E-3     .34E-4    -.92E-4       .0E0 
  .3527E-2  -.1119E-2    .425E-3     .86E-4   -.236E-3       .0E0 
  .8875E-2  -.2835E-2   .1075E-2    .218E-3   -.579E-3       .0E0 
 .22419E-1  -.7251E-2   .2759E-2    .559E-3  -.1567E-2       .0E0 
 .55873E-1 -.18531E-1   .7058E-2   .1429E-2  -.3711E-2       .0E0 
  .12908E0 -.45141E-1  .17359E-1   .3527E-2 -.10137E-1       .0E0 
  .25142E0 -.98306E-1  .38196E-1   .7743E-2 -.19441E-1       .0E0 
  .35334E0  -.17339E0  .69866E-1  .14306E-1 -.43509E-1       .0E0 
  .27032E0  -.18683E0  .78569E-1  .16002E-1 -.32897E-1       .0E0 
 .65222E-1  .65229E-1 -.30477E-1  -.5993E-2 -.11654E-1       .0E0 
 -.1233E-2   .53202E0  -.33645E0 -.73734E-1   .27495E0       .0E0 
  .1795E-2   .48353E0  -.44684E0  -.9999E-1   .19252E0       .0E0 
  -.822E-3  .81573E-1    .1925E0  .50319E-1 -.33568E-1       .0E0 
   .348E-3  -.1695E-2    .7304E0   .22658E0  -.13737E1       .0E0 
  -.131E-3   .1829E-2    .3557E0   .20858E0   .89447E0       .0E0 
    .44E-4   -.333E-3  .11698E-1  -.34266E0   .16527E1       .0E0 
   -.34E-4    .259E-3  -.5135E-2  -.55374E0  -.14224E1       .0E0 
    .11E-4    -.82E-4   .1319E-2  -.25385E0  -.18499E0       .1E1 

  2.441198E+04  5.778518E+03  1.876862E+03  7.182361E+02  3.048327E+02
  1.390453E+02  6.680417E+01  3.320699E+01  1.692816E+01  8.696229E+00
  4.350510E+00  2.116523E+00  9.953870E-01  3.756390E-01  1.338850E-01
  4.602300E-02

   .148E-3    -.56E-4      .1E-4     .18E-4       .0E0 
   .624E-3   -.234E-3     .43E-4     .75E-4       .0E0 
  .2734E-2   -.103E-2     .19E-3    .325E-3       .0E0 
 .10484E-1  -.3978E-2    .736E-3    .128E-2       .0E0 
 .35053E-1 -.13472E-1   .2484E-2   .4243E-2       .0E0 
  .9733E-1 -.38466E-1   .7154E-2  .12446E-1       .0E0 
   .2119E0 -.87024E-1  .16138E-1  .27464E-1       .0E0 
  .33468E0   -.1451E0  .27351E-1  .48191E-1       .0E0 
  .32708E0  -.14098E0  .26126E-1  .43946E-1       .0E0 
  .14938E0  .48729E-1 -.12049E-1 -.16325E-1       .0E0 
 .22387E-1   .35252E0 -.80312E-1  -.15931E0       .0E0 
  .1556E-2   .45239E0   -.1063E0  -.17569E0       .0E0 
   .464E-3   .26382E0 -.65561E-1 -.74781E-1       .0E0 
    .63E-4  .37568E-1   .18907E0   .48454E0       .0E0 
    -.1E-5  -.2473E-2   .56037E0   .61474E0       .0E0 
      .0E0   .1002E-2   .41139E0  .42921E-1       .1E1 

  2.109473E+02  6.239151E+01  2.326482E+01  9.623342E+00  4.139418E+00
  1.744079E+00  6.953250E-01  2.487240E-01

  .2353E-2   .3289E-2       .0E0 
 .18384E-1  .25827E-1       .0E0 
 .76273E-1   .10993E0       .0E0 
  .20084E0   .30172E0       .0E0 
    .329E0   .38734E0       .0E0 
  .36186E0 -.50391E-1       .0E0 
  .27361E0  -.53851E0       .0E0 
  .10711E0  -.35019E0       .1E1 

  5.734400E+00  1.461500E+00

  .43113E0 
  .75464E0 

GA:cc-pVDZ-DK
EMSL BASIS SET LIBRARY

  3
    0    1    2
    5    4    2
   14   11    6

 485130.000000 72719.0000000 16552.0000000  4687.8000000  1529.1000000
   551.8100000   215.1800000    88.1740000    27.1540000    11.5030000
     3.3018000     1.3314000     0.1931600     0.0708950

 0.0013097 -0.0004160  0.0001593 -0.0000373  0.0000000 
 0.0042304 -0.0013449  0.0005160 -0.0001210  0.0000000 
 0.0135763 -0.0043931  0.0016807 -0.0003938  0.0000000 
 0.0420738 -0.0136663  0.0052800 -0.0012403  0.0000000 
 0.1209279 -0.0422161  0.0162205 -0.0038013  0.0000000 
 0.2811356 -0.1060421  0.0420676 -0.0099195  0.0000000 
 0.4145769 -0.2173004  0.0870166 -0.0204949  0.0000000 
 0.2627881 -0.1557063  0.0713209 -0.0171910  0.0000000 
 0.0267308  0.5087565 -0.3166603  0.0794842  0.0000000 
-0.0059120  0.6055109 -0.5016645  0.1308055  0.0000000 
 0.0019289  0.0630324  0.6231687 -0.2053080  0.0000000 
-0.0008685 -0.0111518  0.6387462 -0.3400769  0.0000000 
 0.0002129  0.0025222  0.0241123  0.6684935  0.0000000 
-0.0000995 -0.0011597 -0.0080813  0.4803321  1.0000000 

  3248.6000000   769.9700000   248.2000000    93.3640000    38.2510000
    16.4220000     6.7918000     2.8336000     1.1062000     0.2225000
     0.0617720

 0.0023193 -0.0008874  0.0001465  0.0000000 
 0.0145804 -0.0056024  0.0009118  0.0000000 
 0.0671577 -0.0265035  0.0044053  0.0000000 
 0.2108447 -0.0863366  0.0140793  0.0000000 
 0.4100132 -0.1810175  0.0307873  0.0000000 
 0.3869628 -0.1540846  0.0234476  0.0000000 
 0.1003698  0.2426971 -0.0438040  0.0000000 
-0.0007023  0.5825372 -0.1293398  0.0000000 
 0.0020240  0.3291624 -0.0452572  0.0000000 
-0.0003111  0.0166177  0.4589807  0.0000000 
 0.0001125 -0.0030516  0.6624033  1.0000000 

    65.3370000    18.4970000     6.3150000     2.1635000     0.6667500
     0.1884000

 0.0276056  0.0000000 
 0.1504624  0.0000000 
 0.3718798  0.0000000 
 0.4767142  0.0000000 
 0.2888317  0.0000000 
 0.0000000  1.0000000 

GE:cc-pVDZ-DK
EMSL BASIS SET LIBRARY

  3
    0    1    2
    5    4    2
   14   11    6

 521800.000000 78214.0000000 17803.0000000  5041.9000000  1644.5000000
   593.4300000   231.3600000    94.7620000    29.2740000    12.4500000
     3.6463000     1.5025000     0.2450300     0.0915940

 0.0013545 -0.0004324  0.0001673 -0.0000431  0.0000000 
 0.0043368 -0.0013859  0.0005371 -0.0001385  0.0000000 
 0.0137737 -0.0044796  0.0017323 -0.0004464  0.0000000 
 0.0422244 -0.0137917  0.0053821 -0.0013896  0.0000000 
 0.1205387 -0.0422959  0.0164333 -0.0042377  0.0000000 
 0.2797639 -0.1060358  0.0424735 -0.0110050  0.0000000 
 0.4140442 -0.2174391  0.0881323 -0.0228633  0.0000000 
 0.2647524 -0.1574393  0.0725513 -0.0191739  0.0000000 
 0.0274127  0.5053577 -0.3179483  0.0877598  0.0000000 
-0.0061635  0.6069460 -0.5102875  0.1476913  0.0000000 
 0.0020898  0.0661739  0.6035804 -0.2227713  0.0000000 
-0.0009682 -0.0119469  0.6585984 -0.3862311  0.0000000 
 0.0002513  0.0028039  0.0275822  0.6879566  0.0000000 
-0.0001145 -0.0012596 -0.0085591  0.4819028  1.0000000 

  3568.1000000   845.7200000   272.7400000   102.6800000    42.1480000
    18.1490000     7.5934000     3.1964000     1.2743000     0.2825800
     0.0840900

 0.0022875 -0.0008882  0.0001764  0.0000000 
 0.0141414 -0.0055198  0.0010808  0.0000000 
 0.0650543 -0.0260390  0.0052097  0.0000000 
 0.2054327 -0.0854320  0.0167673  0.0000000 
 0.4048634 -0.1810507  0.0370935  0.0000000 
 0.3917531 -0.1615851  0.0297460  0.0000000 
 0.1076081  0.2271521 -0.0497526  0.0000000 
 0.0000667  0.5824757 -0.1583429  0.0000000 
 0.0020508  0.3400258 -0.0576877  0.0000000 
-0.0003542  0.0185783  0.5113819  0.0000000 
 0.0001274 -0.0032135  0.6101254  1.0000000 

    74.7620000    21.3020000     7.3436000     2.5651000     0.8197000
     0.2470000

 0.0260609  0.0000000 
 0.1449968  0.0000000 
 0.3683757  0.0000000 
 0.4817361  0.0000000 
 0.2811764  0.0000000 
 0.0000000  1.0000000 

AS:cc-pVDZ-DK
EMSL BASIS SET LIBRARY

  3
    0    1    2
    5    4    2
   14   11    6

 559583.790000 83879.3300000 19092.6680000  5407.3925000  1763.7559000
   636.4567200   248.0884300   101.5785100    31.4755130    13.4372820
     4.0086900     1.6849290     0.3000190     0.1135870

 0.0014013 -0.0004495  0.0001757 -0.0000486  0.0000000 
 0.0044486 -0.0014287  0.0005595 -0.0001548  0.0000000 
 0.0139886 -0.0045720  0.0017870 -0.0004941  0.0000000 
 0.0424243 -0.0139322  0.0054922 -0.0015206  0.0000000 
 0.1202641 -0.0424122  0.0166626 -0.0046122  0.0000000 
 0.2785625 -0.1060837  0.0429136 -0.0119199  0.0000000 
 0.4134804 -0.2175965  0.0892560 -0.0248770  0.0000000 
 0.2664488 -0.1588867  0.0737202 -0.0208433  0.0000000 
 0.0280529  0.5022517 -0.3195868  0.0946246  0.0000000 
-0.0064051  0.6081134 -0.5186628  0.1624831  0.0000000 
 0.0022476  0.0691645  0.5869002 -0.2367604  0.0000000 
-0.0010664 -0.0126945  0.6758274 -0.4251399  0.0000000 
 0.0002872  0.0030317  0.0308451  0.6993766  0.0000000 
-0.0001277 -0.0013344 -0.0089084  0.4891022  1.0000000 

  3886.3564000   921.2020100   297.1931900   111.9750800    46.0346210
    19.8741940     8.3860880     3.5587280     1.4472820     0.3477790
     0.1076990

 0.0022777 -0.0008976  0.0002010  0.0000000 
 0.0138538 -0.0054919  0.0012134  0.0000000 
 0.0635719 -0.0258156  0.0058264  0.0000000 
 0.2015077 -0.0850995  0.0188572  0.0000000 
 0.4009896 -0.1818059  0.0420328  0.0000000 
 0.3949007 -0.1674091  0.0349823  0.0000000 
 0.1131266  0.2171216 -0.0543685  0.0000000 
 0.0006550  0.5827524 -0.1812394  0.0000000 
 0.0020826  0.3456714 -0.0677251  0.0000000 
-0.0003926  0.0198946  0.5418627  0.0000000 
 0.0001396 -0.0033767  0.5814604  1.0000000 

    84.4242340    24.1815890     8.4017770     2.9805020     0.9790030
     0.3098000

 0.0248871  0.0000000 
 0.1408433  0.0000000 
 0.3658120  0.0000000 
 0.4858423  0.0000000 
 0.2745897  0.0000000 
 0.0000000  1.0000000 

SE:cc-pVDZ-DK
EMSL BASIS SET LIBRARY

  3
    0    1    2
    5    4    2
   14   11    6

 598990.000000 89783.0000000 20435.0000000  5786.9000000  1887.3000000
   680.9700000   265.3900000   108.6300000    33.7600000    14.4650000
     4.3890000     1.8783000     0.3585900     0.1364900

 0.0014489 -0.0004669  0.0001844 -0.0000541  0.0000000 
 0.0045628 -0.0014725  0.0005825 -0.0001708  0.0000000 
 0.0142120 -0.0046673  0.0018435 -0.0005407  0.0000000 
 0.0426588 -0.0140832  0.0056076 -0.0016456  0.0000000 
 0.1200854 -0.0425586  0.0169028 -0.0049639  0.0000000 
 0.2775025 -0.1061760  0.0433741 -0.0127666  0.0000000 
 0.4128957 -0.2177652  0.0903678 -0.0267464  0.0000000 
 0.2679382 -0.1601056  0.0748254 -0.0223732  0.0000000 
 0.0286540  0.4994239 -0.3214743  0.1009177  0.0000000 
-0.0066351  0.6090549 -0.5267116  0.1765125  0.0000000 
 0.0024007  0.0719867  0.5726054 -0.2497688  0.0000000 
-0.0011618 -0.0133886  0.6909332 -0.4606841  0.0000000 
 0.0003199  0.0032101  0.0338020  0.7161532  0.0000000 
-0.0001387 -0.0013830 -0.0090873  0.4904097  1.0000000 

  4135.6000000   980.3400000   316.3500000   119.2500000    49.0680000
    21.2120000     8.9462000     3.8236000     1.5883000     0.4096900
     0.1245900

 0.0023379 -0.0009348  0.0002272  0.0000000 
 0.0140264 -0.0056415  0.0013520  0.0000000 
 0.0640616 -0.0264079  0.0064727  0.0000000 
 0.2025832 -0.0868539  0.0208788  0.0000000 
 0.4020159 -0.1852990  0.0466043  0.0000000 
 0.3934710 -0.1678373  0.0377736  0.0000000 
 0.1118237  0.2258849 -0.0616710  0.0000000 
 0.0001976  0.5848647 -0.2031585  0.0000000 
 0.0021938  0.3333638 -0.0615782  0.0000000 
-0.0004502  0.0192013  0.5642068  0.0000000 
 0.0001451 -0.0024059  0.5645254  1.0000000 

    94.4720000    27.1800000     9.5068000     3.4168000     1.1479000
     0.3682000

 0.0239210  0.0000000 
 0.1373683  0.0000000 
 0.3636145  0.0000000 
 0.4891696  0.0000000 
 0.2695446  0.0000000 
 0.0000000  1.0000000 

BR:cc-pVDZ-DK
EMSL BASIS SET LIBRARY

  3
    0    1    2
    5    4    2
   14   11    6

 640100.000000 95938.0000000 21833.0000000  6181.9000000  2015.7000000
   727.1000000   283.2800000   115.9100000    36.1240000    15.5320000
     4.7857000     2.0817000     0.4202800     0.1606900

 0.0014975 -0.0004847  0.0001934 -0.0000594  0.0000000 
 0.0046790 -0.0015171  0.0006061 -0.0001862  0.0000000 
 0.0144418 -0.0047650  0.0019013 -0.0005842  0.0000000 
 0.0429115 -0.0142394  0.0057252 -0.0017594  0.0000000 
 0.1199662 -0.0427230  0.0171467 -0.0052775  0.0000000 
 0.2765685 -0.1063034  0.0438439 -0.0135105  0.0000000 
 0.4123452 -0.2179707  0.0914657 -0.0283958  0.0000000 
 0.2692454 -0.1611029  0.0758503 -0.0237009  0.0000000 
 0.0292014  0.4969454 -0.3236072  0.1064098  0.0000000 
-0.0068465  0.6097180 -0.5342763  0.1891007  0.0000000 
 0.0025447  0.0746373  0.5606421 -0.2610726  0.0000000 
-0.0012523 -0.0140451  0.7038933 -0.4911557  0.0000000 
 0.0003501  0.0033594  0.0365738  0.7279374  0.0000000 
-0.0001483 -0.0014219 -0.0092051  0.4945182  1.0000000 

  4340.8000000  1028.9000000   332.0200000   125.1600000    51.5110000
    22.2810000     9.3417000     4.0132000     1.7002000     0.4719400
     0.1442100

 0.0024399 -0.0009895  0.0002575  0.0000000 
 0.0144672 -0.0058989  0.0015143  0.0000000 
 0.0657058 -0.0274975  0.0072174  0.0000000 
 0.2066720 -0.0899166  0.0231679  0.0000000 
 0.4059657 -0.1904809  0.0513547  0.0000000 
 0.3891806 -0.1646354  0.0394026  0.0000000 
 0.1065845  0.2467602 -0.0732324  0.0000000 
-0.0008911  0.5887509 -0.2244175  0.0000000 
 0.0023793  0.3087593 -0.0483259  0.0000000 
-0.0005441  0.0173588  0.5844251  0.0000000 
 0.0001613 -0.0013141  0.5447257  1.0000000 

   104.8300000    30.2720000    10.6490000     3.8696000     1.3239000
     0.4098000

 0.0231456  0.0000000 
 0.1345643  0.0000000 
 0.3619594  0.0000000 
 0.4918818  0.0000000 
 0.2654955  0.0000000 
 0.0000000  1.0000000 

KR:cc-pVDZ-DK
EMSL BASIS SET LIBRARY

  3
    0    1    2
    5    4    2
   14   11    6

 681358.820000 102126.480000 23243.7100000  6582.0073000  2146.4286000
   774.3378200   301.6702000   123.4118400    38.5675510    16.6373790
     5.1987950     2.2948140     0.4852110     0.1862700

 0.0015497 -0.0005039  0.0002029 -0.0000647  0.0000000 
 0.0048054 -0.0015653  0.0006313 -0.0002014  0.0000000 
 0.0147003 -0.0048726  0.0019633 -0.0006267  0.0000000 
 0.0432409 -0.0144213  0.0058529 -0.0018679  0.0000000 
 0.1199866 -0.0429384  0.0174067 -0.0055678  0.0000000 
 0.2757579 -0.1064783  0.0443249 -0.0141811  0.0000000 
 0.4117081 -0.2181761  0.0925281 -0.0298753  0.0000000 
 0.2703134 -0.1618461  0.0767653 -0.0248636  0.0000000 
 0.0297081  0.4948090 -0.3259352  0.1113340  0.0000000 
-0.0070466  0.6101302 -0.5413562  0.2005552  0.0000000 
 0.0026830  0.0770857  0.5506909 -0.2712672  0.0000000 
-0.0013394 -0.0146504  0.7150109 -0.5176738  0.0000000 
 0.0003785  0.0034827  0.0391776  0.7367784  0.0000000 
-0.0001571 -0.0014526 -0.0092810  0.4998019  1.0000000 

  4474.2699000  1060.5790000   342.2081200   128.9984200    53.0872220
    22.9594250     9.5073000     4.0830550     1.7504460     0.5291900
     0.1643690

 0.0026041 -0.0010711  0.0002927  0.0000000 
 0.0152953 -0.0063199  0.0017061  0.0000000 
 0.0689661 -0.0293225  0.0080802  0.0000000 
 0.2146664 -0.0947917  0.0257088  0.0000000 
 0.4132312 -0.1978290  0.0560354  0.0000000 
 0.3806383 -0.1559430  0.0387775  0.0000000 
 0.0967660  0.2843825 -0.0909353  0.0000000 
-0.0024186  0.5954400 -0.2442700  0.0000000 
 0.0025928  0.2667969 -0.0205985  0.0000000 
-0.0006595  0.0123549  0.6037619  0.0000000 
 0.0002007 -0.0009332  0.5196277  1.0000000 

   115.5253200    33.4652460    11.8304590     4.3397710     1.5075240
     0.5030000

 0.0225046  0.0000000 
 0.1322817  0.0000000 
 0.3606094  0.0000000 
 0.4945214  0.0000000 
 0.2606169  0.0000000 
 0.0000000  1.0000000 




