!  cc-pVTZ-F12_OPTRI  EMSL  Basis Set Exchange Library   3/19/13 4:26 PM
! Elements                             References
! --------                             ----------
! H B C N O F Ne Al Si P S Cl Ar: K.E. Yousaf and K.A. Peterson, Optimized auxiliary basis sets for explicitly correlated methods, Journal of Chemical Physics 129, 184108 (2008).
! Li Be Na Mg: J. Grant Hill and Kirk A. Peterson, Correlation consistent basis sets for explicitly correlated wavefunctions: valence and core?valence basis sets for Li, Be, Na, and Mg, Physical Chemistry Chemical Physics 12, 10460 (2010).
! 



H:cc-pVTZ-F12_OPTRI
EMSL BASIS SET LIBRARY

  4
    0    1    2    3
    3    3    3    2
    3    3    3    2

     2.0176510     0.4616170     0.1346590

 1.0000000  0.0000000  0.0000000 
 0.0000000  1.0000000  0.0000000 
 0.0000000  0.0000000  1.0000000 

     9.4397130     1.0331850     0.3718720

 1.0000000  0.0000000  0.0000000 
 0.0000000  1.0000000  0.0000000 
 0.0000000  0.0000000  1.0000000 

     2.2303390     0.7029740     0.3089650

 1.0000000  0.0000000  0.0000000 
 0.0000000  1.0000000  0.0000000 
 0.0000000  0.0000000  1.0000000 

     1.8671080     0.7387620

 1.0000000  0.0000000 
 0.0000000  1.0000000 

LI:cc-pVTZ-F12_OPTRI
EMSL BASIS SET LIBRARY

  5
    0    1    2    3    4
    4    4    4    3    2
    4    4    4    3    2

     0.2844895     0.0651901     0.0305793     0.0099609

 1.0000000  0.0000000  0.0000000  0.0000000 
 0.0000000  1.0000000  0.0000000  0.0000000 
 0.0000000  0.0000000  1.0000000  0.0000000 
 0.0000000  0.0000000  0.0000000  1.0000000 

     0.7984189     0.2420359     0.0676842     0.0296357

 1.0000000  0.0000000  0.0000000  0.0000000 
 0.0000000  1.0000000  0.0000000  0.0000000 
 0.0000000  0.0000000  1.0000000  0.0000000 
 0.0000000  0.0000000  0.0000000  1.0000000 

     0.7369421     0.1672918     0.0847281     0.0398337

 1.0000000  0.0000000  0.0000000  0.0000000 
 0.0000000  1.0000000  0.0000000  0.0000000 
 0.0000000  0.0000000  1.0000000  0.0000000 
 0.0000000  0.0000000  0.0000000  1.0000000 

     0.7925600     0.2219588     0.1256544

 1.0000000  0.0000000  0.0000000 
 0.0000000  1.0000000  0.0000000 
 0.0000000  0.0000000  1.0000000 

     0.6243343     0.2964878

 1.0000000  0.0000000 
 0.0000000  1.0000000 

BE:cc-pVTZ-F12_OPTRI
EMSL BASIS SET LIBRARY

  5
    0    1    2    3    4
    4    4    4    3    2
    4    4    4    3    2

     1.0389253     0.1931279     0.0721684     0.0554719

 1.0000000  0.0000000  0.0000000  0.0000000 
 0.0000000  1.0000000  0.0000000  0.0000000 
 0.0000000  0.0000000  1.0000000  0.0000000 
 0.0000000  0.0000000  0.0000000  1.0000000 

     3.8458994     0.5398595     0.1471792     0.0558262

 1.0000000  0.0000000  0.0000000  0.0000000 
 0.0000000  1.0000000  0.0000000  0.0000000 
 0.0000000  0.0000000  1.0000000  0.0000000 
 0.0000000  0.0000000  0.0000000  1.0000000 

     2.4645300     0.3587744     0.1399834     0.0744374

 1.0000000  0.0000000  0.0000000  0.0000000 
 0.0000000  1.0000000  0.0000000  0.0000000 
 0.0000000  0.0000000  1.0000000  0.0000000 
 0.0000000  0.0000000  0.0000000  1.0000000 

     1.0663067     0.4427746     0.1896596

 1.0000000  0.0000000  0.0000000 
 0.0000000  1.0000000  0.0000000 
 0.0000000  0.0000000  1.0000000 

     0.6293324     0.2806803

 1.0000000  0.0000000 
 0.0000000  1.0000000 

B:cc-pVTZ-F12_OPTRI
EMSL BASIS SET LIBRARY

  5
    0    1    2    3    4
    4    4    4    3    2
    4    4    4    3    2

     1.1539420     0.2883420     0.1113140     0.0464270

 1.0000000  0.0000000  0.0000000  0.0000000 
 0.0000000  1.0000000  0.0000000  0.0000000 
 0.0000000  0.0000000  1.0000000  0.0000000 
 0.0000000  0.0000000  0.0000000  1.0000000 

     2.3174260     0.7609140     0.3008240     0.1055500

 1.0000000  0.0000000  0.0000000  0.0000000 
 0.0000000  1.0000000  0.0000000  0.0000000 
 0.0000000  0.0000000  1.0000000  0.0000000 
 0.0000000  0.0000000  0.0000000  1.0000000 

     2.4470130     0.9431480     0.3167940     0.1098660

 1.0000000  0.0000000  0.0000000  0.0000000 
 0.0000000  1.0000000  0.0000000  0.0000000 
 0.0000000  0.0000000  1.0000000  0.0000000 
 0.0000000  0.0000000  0.0000000  1.0000000 

     2.8263180     1.5301040     0.4936850

 1.0000000  0.0000000  0.0000000 
 0.0000000  1.0000000  0.0000000 
 0.0000000  0.0000000  1.0000000 

     1.1485200     0.4541790

 1.0000000  0.0000000 
 0.0000000  1.0000000 

C:cc-pVTZ-F12_OPTRI
EMSL BASIS SET LIBRARY

  5
    0    1    2    3    4
    4    4    4    3    2
    4    4    4    3    2

     1.7762210     0.4348300     0.1700680     0.0628640

 1.0000000  0.0000000  0.0000000  0.0000000 
 0.0000000  1.0000000  0.0000000  0.0000000 
 0.0000000  0.0000000  1.0000000  0.0000000 
 0.0000000  0.0000000  0.0000000  1.0000000 

     3.5443660     1.2364760     0.4330690     0.1510190

 1.0000000  0.0000000  0.0000000  0.0000000 
 0.0000000  1.0000000  0.0000000  0.0000000 
 0.0000000  0.0000000  1.0000000  0.0000000 
 0.0000000  0.0000000  0.0000000  1.0000000 

     5.3140410     1.4755160     0.4511130     0.1223350

 1.0000000  0.0000000  0.0000000  0.0000000 
 0.0000000  1.0000000  0.0000000  0.0000000 
 0.0000000  0.0000000  1.0000000  0.0000000 
 0.0000000  0.0000000  0.0000000  1.0000000 

     3.6496070     2.2712110     0.6532090

 1.0000000  0.0000000  0.0000000 
 0.0000000  1.0000000  0.0000000 
 0.0000000  0.0000000  1.0000000 

     1.7488910     0.6757530

 1.0000000  0.0000000 
 0.0000000  1.0000000 

N:cc-pVTZ-F12_OPTRI
EMSL BASIS SET LIBRARY

  5
    0    1    2    3    4
    4    4    4    3    2
    4    4    4    3    2

     2.5142530     0.6195460     0.2368770     0.0827950

 1.0000000  0.0000000  0.0000000  0.0000000 
 0.0000000  1.0000000  0.0000000  0.0000000 
 0.0000000  0.0000000  1.0000000  0.0000000 
 0.0000000  0.0000000  0.0000000  1.0000000 

     5.1433850     1.7680390     0.6527980     0.2350680

 1.0000000  0.0000000  0.0000000  0.0000000 
 0.0000000  1.0000000  0.0000000  0.0000000 
 0.0000000  0.0000000  1.0000000  0.0000000 
 0.0000000  0.0000000  0.0000000  1.0000000 

     8.4417550     2.0351560     0.5308650     0.1656730

 1.0000000  0.0000000  0.0000000  0.0000000 
 0.0000000  1.0000000  0.0000000  0.0000000 
 0.0000000  0.0000000  1.0000000  0.0000000 
 0.0000000  0.0000000  0.0000000  1.0000000 

     5.7586400     3.4621280     0.7008700

 1.0000000  0.0000000  0.0000000 
 0.0000000  1.0000000  0.0000000 
 0.0000000  0.0000000  1.0000000 

     2.4582280     0.9114720

 1.0000000  0.0000000 
 0.0000000  1.0000000 

O:cc-pVTZ-F12_OPTRI
EMSL BASIS SET LIBRARY

  5
    0    1    2    3    4
    4    4    4    3    2
    4    4    4    3    2

     3.2774940     0.8666210     0.3115360     0.1052510

 1.0000000  0.0000000  0.0000000  0.0000000 
 0.0000000  1.0000000  0.0000000  0.0000000 
 0.0000000  0.0000000  1.0000000  0.0000000 
 0.0000000  0.0000000  0.0000000  1.0000000 

     6.6784410     2.2948200     0.7940390     0.2937650

 1.0000000  0.0000000  0.0000000  0.0000000 
 0.0000000  1.0000000  0.0000000  0.0000000 
 0.0000000  0.0000000  1.0000000  0.0000000 
 0.0000000  0.0000000  0.0000000  1.0000000 

    10.4260680     1.8599080     0.7656230     0.1975180

 1.0000000  0.0000000  0.0000000  0.0000000 
 0.0000000  1.0000000  0.0000000  0.0000000 
 0.0000000  0.0000000  1.0000000  0.0000000 
 0.0000000  0.0000000  0.0000000  1.0000000 

     6.7272830     3.3043080     0.9566660

 1.0000000  0.0000000  0.0000000 
 0.0000000  1.0000000  0.0000000 
 0.0000000  0.0000000  1.0000000 

     3.4281350     1.1889410

 1.0000000  0.0000000 
 0.0000000  1.0000000 

F:cc-pVTZ-F12_OPTRI
EMSL BASIS SET LIBRARY

  5
    0    1    2    3    4
    4    4    4    3    2
    4    4    4    3    2

     4.2323880     1.2231830     0.4238710     0.1424070

 1.0000000  0.0000000  0.0000000  0.0000000 
 0.0000000  1.0000000  0.0000000  0.0000000 
 0.0000000  0.0000000  1.0000000  0.0000000 
 0.0000000  0.0000000  0.0000000  1.0000000 

     8.7998160     2.9240990     1.1141630     0.4006190

 1.0000000  0.0000000  0.0000000  0.0000000 
 0.0000000  1.0000000  0.0000000  0.0000000 
 0.0000000  0.0000000  1.0000000  0.0000000 
 0.0000000  0.0000000  0.0000000  1.0000000 

    13.3136190     2.2073530     0.9286690     0.2032470

 1.0000000  0.0000000  0.0000000  0.0000000 
 0.0000000  1.0000000  0.0000000  0.0000000 
 0.0000000  0.0000000  1.0000000  0.0000000 
 0.0000000  0.0000000  0.0000000  1.0000000 

     5.6156240     3.7961450     1.2629600

 1.0000000  0.0000000  0.0000000 
 0.0000000  1.0000000  0.0000000 
 0.0000000  0.0000000  1.0000000 

     4.3166380     1.4551000

 1.0000000  0.0000000 
 0.0000000  1.0000000 

NE:cc-pVTZ-F12_OPTRI
EMSL BASIS SET LIBRARY

  5
    0    1    2    3    4
    4    4    4    3    2
    4    4    4    3    2

     5.6009450     1.3483520     0.6002040     0.1570870

 1.0000000  0.0000000  0.0000000  0.0000000 
 0.0000000  1.0000000  0.0000000  0.0000000 
 0.0000000  0.0000000  1.0000000  0.0000000 
 0.0000000  0.0000000  0.0000000  1.0000000 

    15.0356100     3.7159880     1.3697440     0.4606930

 1.0000000  0.0000000  0.0000000  0.0000000 
 0.0000000  1.0000000  0.0000000  0.0000000 
 0.0000000  0.0000000  1.0000000  0.0000000 
 0.0000000  0.0000000  0.0000000  1.0000000 

    24.9202910     3.0080320     0.9917010     0.3198690

 1.0000000  0.0000000  0.0000000  0.0000000 
 0.0000000  1.0000000  0.0000000  0.0000000 
 0.0000000  0.0000000  1.0000000  0.0000000 
 0.0000000  0.0000000  0.0000000  1.0000000 

     9.7432740     6.5021880     2.7188800

 1.0000000  0.0000000  0.0000000 
 0.0000000  1.0000000  0.0000000 
 0.0000000  0.0000000  1.0000000 

     5.0236930     1.7095220

 1.0000000  0.0000000 
 0.0000000  1.0000000 

NA:cc-pVTZ-F12_OPTRI
EMSL BASIS SET LIBRARY

  5
    0    1    2    3    4
    4    4    4    3    2
    4    4    4    3    2

     0.3023291     0.2260291     0.0496470     0.0114234

 1.0000000  0.0000000  0.0000000  0.0000000 
 0.0000000  1.0000000  0.0000000  0.0000000 
 0.0000000  0.0000000  1.0000000  0.0000000 
 0.0000000  0.0000000  0.0000000  1.0000000 

     3.9449727     0.2577999     0.0456907     0.0197746

 1.0000000  0.0000000  0.0000000  0.0000000 
 0.0000000  1.0000000  0.0000000  0.0000000 
 0.0000000  0.0000000  1.0000000  0.0000000 
 0.0000000  0.0000000  0.0000000  1.0000000 

     5.6748225     0.4398375     0.3158845     0.0674100

 1.0000000  0.0000000  0.0000000  0.0000000 
 0.0000000  1.0000000  0.0000000  0.0000000 
 0.0000000  0.0000000  1.0000000  0.0000000 
 0.0000000  0.0000000  0.0000000  1.0000000 

     0.4993634     0.3153051     0.0968878

 1.0000000  0.0000000  0.0000000 
 0.0000000  1.0000000  0.0000000 
 0.0000000  0.0000000  1.0000000 

     0.7776060     0.4739351

 1.0000000  0.0000000 
 0.0000000  1.0000000 

MG:cc-pVTZ-F12_OPTRI
EMSL BASIS SET LIBRARY

  5
    0    1    2    3    4
    4    4    4    3    2
    4    4    4    3    2

     0.4865599     0.1084766     0.0523547     0.0235463

 1.0000000  0.0000000  0.0000000  0.0000000 
 0.0000000  1.0000000  0.0000000  0.0000000 
 0.0000000  0.0000000  1.0000000  0.0000000 
 0.0000000  0.0000000  0.0000000  1.0000000 

     6.3173557     0.4238647     0.0939448     0.0310785

 1.0000000  0.0000000  0.0000000  0.0000000 
 0.0000000  1.0000000  0.0000000  0.0000000 
 0.0000000  0.0000000  1.0000000  0.0000000 
 0.0000000  0.0000000  0.0000000  1.0000000 

     3.0026948     0.6091932     0.3794731     0.1010276

 1.0000000  0.0000000  0.0000000  0.0000000 
 0.0000000  1.0000000  0.0000000  0.0000000 
 0.0000000  0.0000000  1.0000000  0.0000000 
 0.0000000  0.0000000  0.0000000  1.0000000 

     1.2589009     0.2936068     0.1418959

 1.0000000  0.0000000  0.0000000 
 0.0000000  1.0000000  0.0000000 
 0.0000000  0.0000000  1.0000000 

     0.3813321     0.1973197

 1.0000000  0.0000000 
 0.0000000  1.0000000 

AL:cc-pVTZ-F12_OPTRI
EMSL BASIS SET LIBRARY

  5
    0    1    2    3    4
    4    4    4    3    2
    4    4    4    3    2

     0.8937540     0.1702740     0.0777620     0.0303530

 1.0000000  0.0000000  0.0000000  0.0000000 
 0.0000000  1.0000000  0.0000000  0.0000000 
 0.0000000  0.0000000  1.0000000  0.0000000 
 0.0000000  0.0000000  0.0000000  1.0000000 

     3.7867580     0.5096630     0.1705860     0.0653200

 1.0000000  0.0000000  0.0000000  0.0000000 
 0.0000000  1.0000000  0.0000000  0.0000000 
 0.0000000  0.0000000  1.0000000  0.0000000 
 0.0000000  0.0000000  0.0000000  1.0000000 

     5.0930530     1.1858500     0.3880950     0.1552920

 1.0000000  0.0000000  0.0000000  0.0000000 
 0.0000000  1.0000000  0.0000000  0.0000000 
 0.0000000  0.0000000  1.0000000  0.0000000 
 0.0000000  0.0000000  0.0000000  1.0000000 

     1.5224060     0.8711090     0.2478290

 1.0000000  0.0000000  0.0000000 
 0.0000000  1.0000000  0.0000000 
 0.0000000  0.0000000  1.0000000 

     0.5003810     0.2433830

 1.0000000  0.0000000 
 0.0000000  1.0000000 

SI:cc-pVTZ-F12_OPTRI
EMSL BASIS SET LIBRARY

  5
    0    1    2    3    4
    4    4    4    3    2
    4    4    4    3    2

     1.1735420     0.2464220     0.1059410     0.0420280

 1.0000000  0.0000000  0.0000000  0.0000000 
 0.0000000  1.0000000  0.0000000  0.0000000 
 0.0000000  0.0000000  1.0000000  0.0000000 
 0.0000000  0.0000000  0.0000000  1.0000000 

     7.2034020     1.0547700     0.2296670     0.0858680

 1.0000000  0.0000000  0.0000000  0.0000000 
 0.0000000  1.0000000  0.0000000  0.0000000 
 0.0000000  0.0000000  1.0000000  0.0000000 
 0.0000000  0.0000000  0.0000000  1.0000000 

    13.8978640     1.8529670     0.5342380     0.2085970

 1.0000000  0.0000000  0.0000000  0.0000000 
 0.0000000  1.0000000  0.0000000  0.0000000 
 0.0000000  0.0000000  1.0000000  0.0000000 
 0.0000000  0.0000000  0.0000000  1.0000000 

     2.6386300     1.0873250     0.3308400

 1.0000000  0.0000000  0.0000000 
 0.0000000  1.0000000  0.0000000 
 0.0000000  0.0000000  1.0000000 

     0.6679210     0.3232410

 1.0000000  0.0000000 
 0.0000000  1.0000000 

P:cc-pVTZ-F12_OPTRI
EMSL BASIS SET LIBRARY

  5
    0    1    2    3    4
    4    4    4    3    2
    4    4    4    3    2

     1.4444940     0.3327610     0.1470150     0.0547690

 1.0000000  0.0000000  0.0000000  0.0000000 
 0.0000000  1.0000000  0.0000000  0.0000000 
 0.0000000  0.0000000  1.0000000  0.0000000 
 0.0000000  0.0000000  0.0000000  1.0000000 

     8.8333920     1.4292580     0.3455270     0.1227020

 1.0000000  0.0000000  0.0000000  0.0000000 
 0.0000000  1.0000000  0.0000000  0.0000000 
 0.0000000  0.0000000  1.0000000  0.0000000 
 0.0000000  0.0000000  0.0000000  1.0000000 

    23.8442280     2.5708770     0.7505300     0.2728740

 1.0000000  0.0000000  0.0000000  0.0000000 
 0.0000000  1.0000000  0.0000000  0.0000000 
 0.0000000  0.0000000  1.0000000  0.0000000 
 0.0000000  0.0000000  0.0000000  1.0000000 

     2.6386300     1.0873250     0.3308400

 1.0000000  0.0000000  0.0000000 
 0.0000000  1.0000000  0.0000000 
 0.0000000  0.0000000  1.0000000 

     0.8655790     0.4195210

 1.0000000  0.0000000 
 0.0000000  1.0000000 

S:cc-pVTZ-F12_OPTRI
EMSL BASIS SET LIBRARY

  5
    0    1    2    3    4
    4    4    4    3    2
    4    4    4    3    2

     1.7191530     0.4251920     0.1916440     0.0781390

 1.0000000  0.0000000  0.0000000  0.0000000 
 0.0000000  1.0000000  0.0000000  0.0000000 
 0.0000000  0.0000000  1.0000000  0.0000000 
 0.0000000  0.0000000  0.0000000  1.0000000 

     7.5030310     1.6650230     0.3658120     0.1511070

 1.0000000  0.0000000  0.0000000  0.0000000 
 0.0000000  1.0000000  0.0000000  0.0000000 
 0.0000000  0.0000000  1.0000000  0.0000000 
 0.0000000  0.0000000  0.0000000  1.0000000 

    38.7211670     4.5339680     0.9039240     0.3907930

 1.0000000  0.0000000  0.0000000  0.0000000 
 0.0000000  1.0000000  0.0000000  0.0000000 
 0.0000000  0.0000000  1.0000000  0.0000000 
 0.0000000  0.0000000  0.0000000  1.0000000 

     4.5971550     1.1422300     0.4155190

 1.0000000  0.0000000  0.0000000 
 0.0000000  1.0000000  0.0000000 
 0.0000000  0.0000000  1.0000000 

     1.0509280     0.5003150

 1.0000000  0.0000000 
 0.0000000  1.0000000 

CL:cc-pVTZ-F12_OPTRI
EMSL BASIS SET LIBRARY

  5
    0    1    2    3    4
    4    4    4    3    2
    4    4    4    3    2

     2.0243350     0.5244490     0.2350910     0.0911080

 1.0000000  0.0000000  0.0000000  0.0000000 
 0.0000000  1.0000000  0.0000000  0.0000000 
 0.0000000  0.0000000  1.0000000  0.0000000 
 0.0000000  0.0000000  0.0000000  1.0000000 

     8.4553600     1.8149770     0.4467550     0.1833440

 1.0000000  0.0000000  0.0000000  0.0000000 
 0.0000000  1.0000000  0.0000000  0.0000000 
 0.0000000  0.0000000  1.0000000  0.0000000 
 0.0000000  0.0000000  0.0000000  1.0000000 

    45.0759920     5.2972180     1.1491190     0.3906120

 1.0000000  0.0000000  0.0000000  0.0000000 
 0.0000000  1.0000000  0.0000000  0.0000000 
 0.0000000  0.0000000  1.0000000  0.0000000 
 0.0000000  0.0000000  0.0000000  1.0000000 

     5.9052100     1.2939260     0.4921850

 1.0000000  0.0000000  0.0000000 
 0.0000000  1.0000000  0.0000000 
 0.0000000  0.0000000  1.0000000 

     1.2759340     0.6004520

 1.0000000  0.0000000 
 0.0000000  1.0000000 

AR:cc-pVTZ-F12_OPTRI
EMSL BASIS SET LIBRARY

  5
    0    1    2    3    4
    4    4    4    3    2
    4    4    4    3    2

     2.3765470     0.6337930     0.2830930     0.1049720

 1.0000000  0.0000000  0.0000000  0.0000000 
 0.0000000  1.0000000  0.0000000  0.0000000 
 0.0000000  0.0000000  1.0000000  0.0000000 
 0.0000000  0.0000000  0.0000000  1.0000000 

     9.4622090     1.9950640     0.4984010     0.1930500

 1.0000000  0.0000000  0.0000000  0.0000000 
 0.0000000  1.0000000  0.0000000  0.0000000 
 0.0000000  0.0000000  1.0000000  0.0000000 
 0.0000000  0.0000000  0.0000000  1.0000000 

    52.8161270     7.8069000     1.3518420     0.5391840

 1.0000000  0.0000000  0.0000000  0.0000000 
 0.0000000  1.0000000  0.0000000  0.0000000 
 0.0000000  0.0000000  1.0000000  0.0000000 
 0.0000000  0.0000000  0.0000000  1.0000000 

     7.2584000     2.0900430     0.5969410

 1.0000000  0.0000000  0.0000000 
 0.0000000  1.0000000  0.0000000 
 0.0000000  0.0000000  1.0000000 

     1.5233290     0.7109950

 1.0000000  0.0000000 
 0.0000000  1.0000000 




