!  cc-pwCVDZ-PP  EMSL  Basis Set Exchange Library   3/19/13 4:40 PM
! Elements                             References
! --------                             ----------
! Cu, Zn, Ag, Cd, Au, Hg: K.A. Peterson and C. Puzzarini, Theor. Chem. Acc., 114, 283 (2005)
! Y Zr Nb Mo Tc Ru Rh Pd      : K.A. Peterson, D. Figgen, M. Dolg, H. Stoll, Energy-consistent relativistic pseudopotentials and correlation consistent basis sets for the 4d elements Y-Pd, Journal of Chemical Physics 126, 124101 (2007).
! Hf Ta W Re Os Ir Pt: D. Figgen, K.A. Peterson, M. Dolg, and H. Stoll, Energy-consistent pseudopotentials and correlation consistent basis sets for the 5d elements Hf-Pt, Journal of Chemical Physics 130, 164108 (2009).
! Ga Ge As Se Br Kr In Sn Sb Te I Xe Tl Pb Bi Po At Rn: K.A. Peterson and K.E. Yousaf, Molecular core-valence correlation effects involving the post-d elements Ga-Rn: Benchmarks and new pseudopotential-based correlation consistent basis sets, The Journal of Chemical Physics 133, 174116 (2010).
! 



CU:cc-pwCVDZ-PP
EMSL BASIS SET LIBRARY

  4
    0    1    2    3
    5    5    4    2
    9    8    7    2

   560.0880000    56.6486000    35.4258000    11.0546000     2.3068200
     0.9514290     0.1451840     0.0503250     4.6986000

 0.0006370 -0.0001360 -0.0003330  0.0000000  0.0000000 
-0.0097350  0.0014010  0.0059300  0.0000000  0.0000000 
 0.0657930 -0.0131740 -0.0325490  0.0000000  0.0000000 
-0.4150350  0.0956950  0.2110710  0.0000000  0.0000000 
 0.7466110 -0.2118740 -0.7305560  0.0000000  0.0000000 
 0.4621730 -0.2359440  0.1772420  0.0000000  0.0000000 
 0.0159830  0.5081150  1.7148730  0.0000000  0.0000000 
-0.0027670  0.6215190 -1.6045730  1.0000000  0.0000000 
 0.0000000  0.0000000  0.0000000  0.0000000  1.0000000 

    70.9739000    17.8510000     4.2467900     1.8776000     0.7933350
     0.1934760     0.0573930     4.9315000

 0.0036820 -0.0006280 -0.0009100  0.0000000  0.0000000 
-0.0821280  0.0165630  0.0299140  0.0000000  0.0000000 
 0.3753790 -0.0845720 -0.1660940  0.0000000  0.0000000 
 0.5084090 -0.1412830 -0.2780000  0.0000000  0.0000000 
 0.2390950 -0.0035710  0.1575840  0.0000000  0.0000000 
 0.0158500  0.5190050  0.8304880  0.0000000  0.0000000 
-0.0025270  0.5924750  0.1658690  1.0000000  0.0000000 
 0.0000000  0.0000000  0.0000000  0.0000000  1.0000000 

    60.3804000    19.1121000     6.9528800     2.6099400     0.9225670
     0.2836420     2.7920000

 0.0175640 -0.0222860  0.0000000  0.0000000 
 0.0991340 -0.1282740  0.0000000  0.0000000 
 0.2711710 -0.3627970  0.0000000  0.0000000 
 0.4061800 -0.3257220  0.0000000  0.0000000 
 0.3814270  0.3270870  0.0000000  0.0000000 
 0.2006260  0.6568090  1.0000000  0.0000000 
 0.0000000  0.0000000  0.0000000  1.0000000 

     8.3307000     2.7482000

 1.0000000  0.0000000 
 0.0000000  1.0000000 

ZN:cc-pwCVDZ-PP
EMSL BASIS SET LIBRARY

  4
    0    1    2    3
    5    5    4    2
    9    8    7    2

   629.1260000    62.9635000    39.5791000    11.9173000     2.5082400
     1.0301900     0.1540020     0.0527950     5.0733000

 0.0005590 -0.0001210  0.0004210  0.0000000  0.0000000 
-0.0096800  0.0014890 -0.0051090  0.0000000  0.0000000 
 0.0623540 -0.0127370  0.0414470  0.0000000  0.0000000 
-0.4148790  0.0972460 -0.3416430  0.0000000  0.0000000 
 0.7544660 -0.2199170  1.4386170  0.0000000  0.0000000 
 0.4589960 -0.2364740 -0.9824290  0.0000000  0.0000000 
 0.0116640  0.5812910 -1.1876310  0.0000000  0.0000000 
-0.0035630  0.5541210  1.3092000  1.0000000  0.0000000 
 0.0000000  0.0000000  0.0000000  0.0000000  1.0000000 

    92.9034000    19.7452000     4.5507300     2.0019000     0.8438790
     0.2033810     0.0595720     5.3705000

 0.0024880 -0.0004030 -0.0005300  0.0000000  0.0000000 
-0.0791360  0.0154470  0.0247430  0.0000000  0.0000000 
 0.3880590 -0.0843250 -0.1424780  0.0000000  0.0000000 
 0.5093540 -0.1364890 -0.2340320  0.0000000  0.0000000 
 0.2245750  0.0008020  0.0921870  0.0000000  0.0000000 
 0.0126800  0.5157920  0.8377700  0.0000000  0.0000000 
-0.0019320  0.5956560  0.1974590  1.0000000  0.0000000 
 0.0000000  0.0000000  0.0000000  0.0000000  1.0000000 

    71.2766000    22.7604000     8.3236900     3.1687500     1.1470300
     0.3666430     3.3188000

 0.0158950 -0.0225160  0.0000000  0.0000000 
 0.0924540 -0.1333030  0.0000000  0.0000000 
 0.2594720 -0.3932530  0.0000000  0.0000000 
 0.4033140 -0.3512140  0.0000000  0.0000000 
 0.3878340  0.4061710  0.0000000  0.0000000 
 0.2022580  0.5792050  1.0000000  0.0000000 
 0.0000000  0.0000000  0.0000000  1.0000000 

     9.5199000     3.2168000

 1.0000000  0.0000000 
 0.0000000  1.0000000 

GA:cc-pwCVDZ-PP
EMSL BASIS SET LIBRARY

  4
    0    1    2    3
    5    4    3    1
    9    8    8    1

  2.848200E+03  4.206640E+02  2.981180E+01  1.422070E+01  2.676430E+00
  1.133530E+00  2.072200E-01  7.325100E-02  1.032600E+00

   .362E-3    -.97E-4       .0E0       .0E0       .0E0 
  .2117E-2   -.614E-3       .0E0       .0E0       .0E0 
  .11896E0 -.31069E-1       .0E0       .0E0       .0E0 
 -.46172E0   .12678E0       .0E0       .0E0       .0E0 
  .75156E0  -.26429E0       .0E0       .0E0       .0E0 
   .4472E0  -.27547E0       .0E0       .0E0       .0E0 
 .12746E-1   .63384E0       .1E1       .0E0       .0E0 
 -.3358E-2   .53168E0       .0E0       .1E1       .0E0 
      .0E0       .0E0       .0E0       .0E0       .1E1 

  1.096240E+02  2.108550E+01  4.922600E+00  2.155910E+00  9.019130E-01
  2.020040E-01  5.746200E-02  6.607000E-01

  .2101E-2   -.288E-3       .0E0       .0E0 
-.80196E-1  .13555E-1       .0E0       .0E0 
  .39642E0 -.73629E-1       .0E0       .0E0 
  .51908E0  -.12086E0       .0E0       .0E0 
  .20752E0   -.196E-2       .0E0       .0E0 
  .7825E-2   .49321E0       .0E0       .0E0 
 -.1129E-2    .6206E0       .1E1       .0E0 
      .0E0       .0E0       .0E0       .1E1 

  8.579780E+01  2.768220E+01  1.017600E+01  3.922080E+00  1.458580E+00
  4.887600E-01  1.772000E-01  6.746000E-01

 .14668E-1       .0E0       .0E0 
 .85621E-1       .0E0       .0E0 
  .24834E0       .0E0       .0E0 
  .40141E0       .0E0       .0E0 
   .3986E0       .0E0       .0E0 
   .1869E0       .0E0       .0E0 
 .12331E-1       .1E1       .0E0 
      .0E0       .0E0       .1E1 

  1.398000E+00

      .1E1 

GE:cc-pwCVDZ-PP
EMSL BASIS SET LIBRARY

  4
    0    1    2    3
    5    4    3    1
    9    8    8    1

  2.611740E+03  3.900300E+02  3.422790E+01  1.510720E+01  2.927740E+00
  1.271590E+00  2.624970E-01  9.430600E-02  1.227000E+00

   .656E-3   -.201E-3       .0E0       .0E0       .0E0 
  .3595E-2  -.1176E-2       .0E0       .0E0       .0E0 
  .10013E0 -.29187E-1       .0E0       .0E0       .0E0 
 -.43496E0   .13403E0       .0E0       .0E0       .0E0 
   .7355E0  -.29581E0       .0E0       .0E0       .0E0 
  .45859E0  -.30873E0       .0E0       .0E0       .0E0 
 .15064E-1   .66027E0       .1E1       .0E0       .0E0 
 -.3504E-2   .52964E0       .0E0       .1E1       .0E0 
      .0E0       .0E0       .0E0       .0E0       .1E1 

  1.083790E+02  2.266970E+01  5.368970E+00  2.360250E+00  1.004580E+00
  2.608400E-01  7.922700E-02  9.116000E-01

  .2678E-2   -.461E-3       .0E0       .0E0 
-.80763E-1  .16658E-1       .0E0       .0E0 
  .39868E0 -.91791E-1       .0E0       .0E0 
  .52303E0  -.14856E0       .0E0       .0E0 
  .19846E0    .308E-3       .0E0       .0E0 
  .7404E-2   .53855E0       .0E0       .0E0 
  -.728E-3   .57122E0       .1E1       .0E0 
      .0E0       .0E0       .0E0       .1E1 

  9.882480E+01  3.200780E+01  1.184560E+01  4.627720E+00  1.758440E+00
  6.091920E-01  2.425000E-01  8.554000E-01

 .13096E-1       .0E0       .0E0 
 .81149E-1       .0E0       .0E0 
  .24325E0       .0E0       .0E0 
  .40147E0       .0E0       .0E0 
  .40244E0       .0E0       .0E0 
  .17854E0       .0E0       .0E0 
 .10049E-1       .1E1       .0E0 
      .0E0       .0E0       .1E1 

  1.765000E+00

      .1E1 

AS:cc-pwCVDZ-PP
EMSL BASIS SET LIBRARY

  4
    0    1    2    3
    5    4    3    1
    9    8    8    1

  2.542810E+03  3.811690E+02  4.023420E+01  1.612170E+01  3.201890E+00
  1.420960E+00  3.214430E-01  1.167350E-01  1.424800E+00

  .1137E-2    -.39E-3       .0E0       .0E0       .0E0 
  .6055E-2   -.219E-2       .0E0       .0E0       .0E0 
 .84125E-1 -.26853E-1       .0E0       .0E0       .0E0 
 -.40528E0   .13688E0       .0E0       .0E0       .0E0 
  .71293E0  -.32046E0       .0E0       .0E0       .0E0 
  .47338E0  -.33739E0       .0E0       .0E0       .0E0 
 .18013E-1   .67638E0       .1E1       .0E0       .0E0 
  -.372E-2   .53498E0       .0E0       .1E1       .0E0 
      .0E0       .0E0       .0E0       .0E0       .1E1 

  9.953490E+01  2.411950E+01  5.841960E+00  2.560100E+00  1.093080E+00
  3.184240E-01  1.009720E-01  1.180300E+00

  .3857E-2   -.772E-3       .0E0       .0E0 
-.85101E-1  .19941E-1       .0E0       .0E0 
  .40476E0  -.10721E0       .0E0       .0E0 
  .53148E0  -.17226E0       .0E0       .0E0 
  .18401E0   .8761E-2       .0E0       .0E0 
  .5764E-2   .56974E0       .0E0       .0E0 
  -.352E-3   .53565E0       .1E1       .0E0 
      .0E0       .0E0       .0E0       .1E1 

  1.135090E+02  3.688720E+01  1.368930E+01  5.389640E+00  2.080460E+00
  7.375680E-01  3.078000E-01  1.040800E+00

  .1198E-1       .0E0       .0E0 
 .79544E-1       .0E0       .0E0 
  .23676E0       .0E0       .0E0 
  .40153E0       .0E0       .0E0 
  .40669E0       .0E0       .0E0 
  .17316E0       .0E0       .0E0 
   .873E-2       .1E1       .0E0 
      .0E0       .0E0       .1E1 

  2.144100E+00

      .1E1 

SE:cc-pwCVDZ-PP
EMSL BASIS SET LIBRARY

  4
    0    1    2    3
    5    4    3    1
    9    8    8    1

  2.609720E+03  3.915228E+02  4.828930E+01  1.680190E+01  3.514900E+00
  1.589400E+00  3.830000E-01  1.399000E-01  1.634000E+00

  .1829E-2   -.694E-3       .0E0       .0E0       .0E0 
  .9706E-2  -.3866E-2       .0E0       .0E0       .0E0 
 .71606E-1 -.24839E-1       .0E0       .0E0       .0E0 
 -.38398E0   .14021E0       .0E0       .0E0       .0E0 
  .69193E0  -.34228E0       .0E0       .0E0       .0E0 
  .49189E0   -.3646E0       .0E0       .0E0       .0E0 
 .21091E-1   .69844E0       .1E1       .0E0       .0E0 
 -.3916E-2   .53239E0       .0E0       .1E1       .0E0 
      .0E0       .0E0       .0E0       .0E0       .1E1 

  1.000192E+02  2.589090E+01  6.209300E+00  2.661300E+00  1.092900E+00
  3.597000E-01  1.137000E-01  1.440500E+00

  .4761E-2  -.1058E-2       .0E0       .0E0 
-.84899E-1  .21709E-1       .0E0       .0E0 
  .42866E0  -.12624E0       .0E0       .0E0 
  .54306E0  -.19354E0       .0E0       .0E0 
  .14928E0  .47373E-1       .0E0       .0E0 
  .1071E-2   .59181E0       .0E0       .0E0 
  .1019E-2   .49976E0       .1E1       .0E0 
      .0E0       .0E0       .0E0       .1E1 

  1.285080E+02  4.152120E+01  1.551820E+01  6.160820E+00  2.411340E+00
  8.719360E-01  3.656000E-01  1.223800E+00

 .11011E-1       .0E0       .0E0 
 .77856E-1       .0E0       .0E0 
  .23282E0       .0E0       .0E0 
  .40179E0       .0E0       .0E0 
  .40895E0       .0E0       .0E0 
  .16809E0       .0E0       .0E0 
  .7754E-2       .1E1       .0E0 
      .0E0       .0E0       .1E1 

  2.568000E+00

      .1E1 

BR:cc-pwCVDZ-PP
EMSL BASIS SET LIBRARY

  4
    0    1    2    3
    5    4    3    1
    9    8    8    1

  2.808600E+03  4.211800E+02  5.034570E+01  1.791330E+01  3.805310E+00
  1.749680E+00  4.485550E-01  1.644980E-01  1.834900E+00

  .1606E-2   -.635E-3       .0E0       .0E0       .0E0 
  .8393E-2  -.3492E-2       .0E0       .0E0       .0E0 
 .69578E-1 -.25195E-1       .0E0       .0E0       .0E0 
 -.38991E0   .15011E0       .0E0       .0E0       .0E0 
   .6945E0  -.36623E0       .0E0       .0E0       .0E0 
  .49135E0  -.38342E0       .0E0       .0E0       .0E0 
 .22637E-1   .71447E0       .1E1       .0E0       .0E0 
 -.3723E-2   .53525E0       .0E0       .1E1       .0E0 
      .0E0       .0E0       .0E0       .0E0       .1E1 

  1.057520E+02  2.763680E+01  6.596560E+00  2.785220E+00  1.078120E+00
  3.935370E-01  1.274690E-01  1.705000E+00

  .5341E-2  -.1308E-2       .0E0       .0E0 
-.83084E-1  .22921E-1       .0E0       .0E0 
  .44777E0  -.14503E0       .0E0       .0E0 
  .55062E0  -.20904E0       .0E0       .0E0 
   .1235E0   .9373E-1       .0E0       .0E0 
 -.3771E-2   .60502E0       .0E0       .0E0 
  .2278E-2   .45712E0       .1E1       .0E0 
      .0E0       .0E0       .0E0       .1E1 

  1.438650E+02  4.611630E+01  1.736940E+01  6.951070E+00  2.756070E+00
  1.011780E+00  4.291000E-01  1.414700E+00

 .10237E-1       .0E0       .0E0 
 .76083E-1       .0E0       .0E0 
  .22981E0       .0E0       .0E0 
  .40335E0       .0E0       .0E0 
  .40973E0       .0E0       .0E0 
  .16279E0       .0E0       .0E0 
  .6991E-2       .1E1       .0E0 
      .0E0       .0E0       .1E1 

  3.019100E+00

      .1E1 

KR:cc-pwCVDZ-PP
EMSL BASIS SET LIBRARY

  4
    0    1    2    3
    5    4    3    1
    9    8    8    1

  2.953750E+03  4.431400E+02  6.022680E+01  1.821130E+01  4.228660E+00
  1.967030E+00  5.141110E-01  1.898500E-01  2.066400E+00

  .2439E-2  -.1048E-2       .0E0       .0E0       .0E0 
 .12868E-1  -.5803E-2       .0E0       .0E0       .0E0 
 .63463E-1 -.24589E-1       .0E0       .0E0       .0E0 
 -.38491E0    .1562E0       .0E0       .0E0       .0E0 
   .6677E0   -.3742E0       .0E0       .0E0       .0E0 
  .52446E0  -.41264E0       .0E0       .0E0       .0E0 
  .2649E-1   .72707E0       .1E1       .0E0       .0E0 
 -.4131E-2   .53469E0       .0E0       .1E1       .0E0 
      .0E0       .0E0       .0E0       .0E0       .1E1 

  1.110130E+02  2.919230E+01  7.081200E+00  2.980890E+00  1.104910E+00
  4.287160E-01  1.428910E-01  1.972200E+00

  .6067E-2  -.1602E-2       .0E0       .0E0 
-.83239E-1  .24316E-1       .0E0       .0E0 
  .45759E0  -.15946E0       .0E0       .0E0 
   .5551E0  -.21994E0       .0E0       .0E0 
  .11066E0   .13697E0       .0E0       .0E0 
 -.7894E-2   .60961E0       .0E0       .0E0 
  .2439E-2   .41934E0       .1E1       .0E0 
      .0E0       .0E0       .0E0       .1E1 

  1.596040E+02  5.075170E+01  1.927890E+01  7.758360E+00  3.106490E+00
  1.155580E+00  5.000000E-01  1.618100E+00

  .9673E-2       .0E0       .0E0 
 .74954E-1       .0E0       .0E0 
  .22753E0       .0E0       .0E0 
  .40353E0       .0E0       .0E0 
  .41108E0       .0E0       .0E0 
  .15887E0       .0E0       .0E0 
  .6387E-2       .1E1       .0E0 
      .0E0       .0E0       .1E1 

  3.477400E+00

      .1E1 

Y:cc-pwCVDZ-PP
EMSL BASIS SET LIBRARY

  4
    0    1    2    3
    5    5    4    2
    9    8    7    2

    29.2935000    16.6827000    10.4235000     3.0952600     0.7079710
     0.3225670     0.0690850     0.0274150     0.2984000

 0.0066660 -0.0013580  0.0112420  0.0000000  0.0000000 
-0.0497340  0.0123920 -0.0574010  0.0000000  0.0000000 
 0.1315590 -0.0375720  0.1106480  0.0000000  0.0000000 
-0.5243820  0.1741090 -0.3769430  0.0000000  0.0000000 
 0.7863790 -0.3385090  1.2026360  0.0000000  0.0000000 
 0.4639580 -0.3354170 -0.4875820  0.0000000  0.0000000 
 0.0204860  0.6581470 -1.8636390  0.0000000  0.0000000 
 0.0000000  0.0000000  0.0000000  1.0000000  0.0000000 
 0.0000000  0.0000000  0.0000000  0.0000000  1.0000000 

     9.0271500     4.0242700     0.9906740     0.4727970     0.2197340
     0.0800880     0.0306400     0.3327000

 0.0203960 -0.0056190  0.0111310  0.0000000  0.0000000 
-0.1536620  0.0465110 -0.0963010  0.0000000  0.0000000 
 0.4320820 -0.1495270  0.2986850  0.0000000  0.0000000 
 0.4983480 -0.2243370  0.8892190  0.0000000  0.0000000 
 0.1957420 -0.0114700 -1.4854780  0.0000000  0.0000000 
 0.0140830  0.6364970 -0.1131120  0.0000000  0.0000000 
 0.0000000  0.0000000  0.0000000  1.0000000  0.0000000 
 0.0000000  0.0000000  0.0000000  0.0000000  1.0000000 

     4.3045000     1.3201900     0.5614050     0.2267020     0.0879490
     0.0323050     0.9830000

-0.0043910  0.0044330  0.0000000  0.0000000 
 0.1196820 -0.1499100  0.0000000  0.0000000 
 0.2962740 -0.3732930  0.0000000  0.0000000 
 0.3908730 -0.3129870  0.0000000  0.0000000 
 0.3539610  0.4218970  0.0000000  0.0000000 
 0.0000000  0.0000000  1.0000000  0.0000000 
 0.0000000  0.0000000  0.0000000  1.0000000 

     0.8499000     0.2028000

 1.0000000  0.0000000 
 0.0000000  1.0000000 

ZR:cc-pwCVDZ-PP
EMSL BASIS SET LIBRARY

  4
    0    1    2    3
    5    5    4    2
    9    8    7    2

    53.4460000    17.0981000    10.6875000     3.3913400     0.7884750
     0.3599820     0.0777920     0.0302340     0.2998000

 0.0014860 -0.0003080  0.0028110  0.0000000  0.0000000 
-0.0365920  0.0096310 -0.0412920  0.0000000  0.0000000 
 0.1321550 -0.0390430  0.1148910  0.0000000  0.0000000 
-0.5464540  0.1847170 -0.4348090  0.0000000  0.0000000 
 0.8022910 -0.3584690  1.4174320  0.0000000  0.0000000 
 0.4583040 -0.3208280 -0.7286190  0.0000000  0.0000000 
 0.0203880  0.6560480 -1.6769590  0.0000000  0.0000000 
 0.0000000  0.0000000  0.0000000  1.0000000  0.0000000 
 0.0000000  0.0000000  0.0000000  0.0000000  1.0000000 

     9.9011600     4.4181900     1.0931000     0.5187860     0.2363630
     0.0847070     0.0311380     0.2476000

 0.0214360 -0.0058310 -0.0078290  0.0000000  0.0000000 
-0.1604130  0.0481520  0.0660080  0.0000000  0.0000000 
 0.4543260 -0.1600800 -0.2113740  0.0000000  0.0000000 
 0.4991190 -0.2201350 -0.3575490  0.0000000  0.0000000 
 0.1777830  0.0355150  0.1703870  0.0000000  0.0000000 
 0.0104040  0.6181780  0.8518400  0.0000000  0.0000000 
 0.0000000  0.0000000  0.0000000  1.0000000  0.0000000 
 0.0000000  0.0000000  0.0000000  0.0000000  1.0000000 

     4.3948700     1.5708900     0.6923540     0.2904140     0.1158780
     0.0429250     1.1606000

-0.0082920  0.0084760  0.0000000  0.0000000 
 0.1278490 -0.1579890  0.0000000  0.0000000 
 0.3219090 -0.3979000  0.0000000  0.0000000 
 0.3998190 -0.2555990  0.0000000  0.0000000 
 0.3194760  0.4914180  0.0000000  0.0000000 
 0.0000000  0.0000000  1.0000000  0.0000000 
 0.0000000  0.0000000  0.0000000  1.0000000 

     1.2022000     0.3272000

 1.0000000  0.0000000 
 0.0000000  1.0000000 

NB:cc-pwCVDZ-PP
EMSL BASIS SET LIBRARY

  4
    0    1    2    3
    5    5    4    2
    9    8    7    2

    80.8096000    17.9220000    11.2050000     3.6990100     0.8712090
     0.3974440     0.0854690     0.0326640     0.3119000

 0.0008890 -0.0002000  0.0015640  0.0000000  0.0000000 
-0.0347930  0.0093020 -0.0382840  0.0000000  0.0000000 
 0.1389100 -0.0414910  0.1209450  0.0000000  0.0000000 
-0.5655680  0.1923710 -0.4647790  0.0000000  0.0000000 
 0.8147210 -0.3713520  1.5031600  0.0000000  0.0000000 
 0.4547970 -0.3068350 -0.8262330  0.0000000  0.0000000 
 0.0200510  0.6546160 -1.5845850  0.0000000  0.0000000 
 0.0000000  0.0000000  0.0000000  1.0000000  0.0000000 
 0.0000000  0.0000000  0.0000000  0.0000000  1.0000000 

    10.6457000     4.8235100     1.2030900     0.5695080     0.2569700
     0.0929460     0.0338800     0.3413000

 0.0234360 -0.0064960 -0.0091300  0.0000000  0.0000000 
-0.1683110  0.0513810  0.0732300  0.0000000  0.0000000 
 0.4693810 -0.1706080 -0.2370360  0.0000000  0.0000000 
 0.4980520 -0.2198720 -0.3685640  0.0000000  0.0000000 
 0.1675400  0.0561670  0.2364390  0.0000000  0.0000000 
 0.0087660  0.6165950  0.8267330  0.0000000  0.0000000 
 0.0000000  0.0000000  0.0000000  1.0000000  0.0000000 
 0.0000000  0.0000000  0.0000000  0.0000000  1.0000000 

     4.5456300     1.8272300     0.8257640     0.3551560     0.1447240
     0.0543230     1.3397000

-0.0104650  0.0105280  0.0000000  0.0000000 
 0.1305530 -0.1615000  0.0000000  0.0000000 
 0.3347580 -0.4113720  0.0000000  0.0000000 
 0.4020270 -0.2117820  0.0000000  0.0000000 
 0.3008350  0.4861590  0.0000000  0.0000000 
 0.0000000  0.0000000  1.0000000  0.0000000 
 0.0000000  0.0000000  0.0000000  1.0000000 

     1.5856000     0.4690000

 1.0000000  0.0000000 
 0.0000000  1.0000000 

MO:cc-pwCVDZ-PP
EMSL BASIS SET LIBRARY

  4
    0    1    2    3
    5    5    4    2
    9    8    7    2

   106.9780000    18.8824000    11.8077000     4.0211800     0.9568160
     0.4356920     0.0925180     0.0348540     0.3328000

 0.0007350 -0.0001760  0.0011660  0.0000000  0.0000000 
-0.0350900  0.0093320 -0.0376070  0.0000000  0.0000000 
 0.1473480 -0.0438110  0.1259800  0.0000000  0.0000000 
-0.5833630  0.1972320 -0.4752370  0.0000000  0.0000000 
 0.8256350 -0.3773110  1.4989830  0.0000000  0.0000000 
 0.4523110 -0.2939670 -0.8223450  0.0000000  0.0000000 
 0.0190550  0.6498330 -1.5606240  0.0000000  0.0000000 
 0.0000000  0.0000000  0.0000000  1.0000000  0.0000000 
 0.0000000  0.0000000  0.0000000  0.0000000  1.0000000 

    11.4118000     5.2453500     1.3188400     0.6229830     0.2791080
     0.1005260     0.0362770     0.4371000

 0.0253450 -0.0070220 -0.0104200  0.0000000  0.0000000 
-0.1752130  0.0533390  0.0798670  0.0000000  0.0000000 
 0.4812720 -0.1756430 -0.2629000  0.0000000  0.0000000 
 0.4972610 -0.2162130 -0.3651840  0.0000000  0.0000000 
 0.1595550  0.0679580  0.2866730  0.0000000  0.0000000 
 0.0075430  0.6128160  0.8002580  0.0000000  0.0000000 
 0.0000000  0.0000000  0.0000000  1.0000000  0.0000000 
 0.0000000  0.0000000  0.0000000  0.0000000  1.0000000 

     5.2576100     2.1046200     0.9582010     0.4140470     0.1684500
     0.0623420     1.5039000

-0.0147610  0.0154390  0.0000000  0.0000000 
 0.1319820 -0.1606210  0.0000000  0.0000000 
 0.3470860 -0.4232290  0.0000000  0.0000000 
 0.4054710 -0.1923390  0.0000000  0.0000000 
 0.2880580  0.5314590  0.0000000  0.0000000 
 0.0000000  0.0000000  1.0000000  0.0000000 
 0.0000000  0.0000000  0.0000000  1.0000000 

     1.9502000     0.6007000

 1.0000000  0.0000000 
 0.0000000  1.0000000 

TC:cc-pwCVDZ-PP
EMSL BASIS SET LIBRARY

  4
    0    1    2    3
    5    5    4    2
    9    8    7    2

   132.6560000    19.8986000    12.4450000     4.3605000     1.0443600
     0.4741590     0.0987360     0.0367360     1.8559000

 0.0006860 -0.0001680  0.0009800  0.0000000  0.0000000 
-0.0360010  0.0093110 -0.0378410  0.0000000  0.0000000 
 0.1564650 -0.0455350  0.1317670  0.0000000  0.0000000 
-0.5995730  0.1986020 -0.4834180  0.0000000  0.0000000 
 0.8357100 -0.3749740  1.4848540  0.0000000  0.0000000 
 0.4490550 -0.2817600 -0.8047310  0.0000000  0.0000000 
 0.0183780  0.6329980 -1.5511910  0.0000000  0.0000000 
 0.0000000  0.0000000  0.0000000  1.0000000  0.0000000 
 0.0000000  0.0000000  0.0000000  0.0000000  1.0000000 

    12.1789000     5.6848400     1.4398300     0.6789090     0.3025150
     0.1073070     0.0381770     1.8254000

 0.0273140 -0.0074300 -0.0116300  0.0000000  0.0000000 
-0.1814030  0.0541370  0.0854050  0.0000000  0.0000000 
 0.4908910 -0.1762270 -0.2844050  0.0000000  0.0000000 
 0.4965410 -0.2096540 -0.3578760  0.0000000  0.0000000 
 0.1532990  0.0734980  0.3260330  0.0000000  0.0000000 
 0.0067000  0.6070490  0.7801240  0.0000000  0.0000000 
 0.0000000  0.0000000  0.0000000  1.0000000  0.0000000 
 0.0000000  0.0000000  0.0000000  0.0000000  1.0000000 

     5.7601300     2.3642400     1.0887100     0.4740600     0.1936070
     0.0714600     1.7067000

-0.0164110  0.0169910  0.0000000  0.0000000 
 0.1344070 -0.1548960  0.0000000  0.0000000 
 0.3547260 -0.4281920  0.0000000  0.0000000 
 0.4044790 -0.1789920  0.0000000  0.0000000 
 0.2788770  0.5346560  0.0000000  0.0000000 
 0.0000000  0.0000000  1.0000000  0.0000000 
 0.0000000  0.0000000  0.0000000  1.0000000 

     2.2992000     0.7228000

 1.0000000  0.0000000 
 0.0000000  1.0000000 

RU:cc-pwCVDZ-PP
EMSL BASIS SET LIBRARY

  4
    0    1    2    3
    5    5    4    2
    9    8    7    2

   159.3720000    20.9016000    13.0741000     4.7147400     1.1361200
     0.5154640     0.1067670     0.0392180     2.0049000

 0.0006730 -0.0001690  0.0008950  0.0000000  0.0000000 
-0.0371610  0.0093920 -0.0396350  0.0000000  0.0000000 
 0.1665170 -0.0477130  0.1442430  0.0000000  0.0000000 
-0.6159540  0.2011130 -0.5192870  0.0000000  0.0000000 
 0.8428300 -0.3734210  1.5854040  0.0000000  0.0000000 
 0.4477630 -0.2738590 -0.9082030  0.0000000  0.0000000 
 0.0184450  0.6093840 -1.4720020  0.0000000  0.0000000 
 0.0000000  0.0000000  0.0000000  1.0000000  0.0000000 
 0.0000000  0.0000000  0.0000000  0.0000000  1.0000000 

    12.8738000     6.1475000     1.5652400     0.7361940     0.3263170
     0.1124070     0.0391720     2.0058000

 0.0299680 -0.0078010 -0.0135020  0.0000000  0.0000000 
-0.1879300  0.0536560  0.0937330  0.0000000  0.0000000 
 0.4999900 -0.1719400 -0.3159100  0.0000000  0.0000000 
 0.4957320 -0.1991700 -0.3618000  0.0000000  0.0000000 
 0.1475150  0.0744110  0.4008770  0.0000000  0.0000000 
 0.0060880  0.5971370  0.7537660  0.0000000  0.0000000 
 0.0000000  0.0000000  0.0000000  1.0000000  0.0000000 
 0.0000000  0.0000000  0.0000000  0.0000000  1.0000000 

     6.2126500     2.7853900     1.2685100     0.5517900     0.2247310
     0.0824110     1.9189000

-0.0245970  0.0261160  0.0000000  0.0000000 
 0.1273340 -0.1459400  0.0000000  0.0000000 
 0.3570810 -0.4425210  0.0000000  0.0000000 
 0.4082070 -0.1690200  0.0000000  0.0000000 
 0.2812400  0.5052370  0.0000000  0.0000000 
 0.0000000  0.0000000  1.0000000  0.0000000 
 0.0000000  0.0000000  0.0000000  1.0000000 

     2.6573000     0.8500000

 1.0000000  0.0000000 
 0.0000000  1.0000000 

RH:cc-pwCVDZ-PP
EMSL BASIS SET LIBRARY

  4
    0    1    2    3
    5    5    4    2
    9    8    7    2

   184.6660000    21.9974000    13.7616000     5.0872000     1.2294000
     0.5568140     0.1140670     0.0414150     2.1539000

 0.0006920 -0.0001780  0.0008370  0.0000000  0.0000000 
-0.0383930  0.0094560 -0.0402860  0.0000000  0.0000000 
 0.1760190 -0.0494720  0.1506490  0.0000000  0.0000000 
-0.6299250  0.2018670 -0.5268510  0.0000000  0.0000000 
 0.8495440 -0.3698090  1.5723820  0.0000000  0.0000000 
 0.4457290 -0.2653310 -0.8876430  0.0000000  0.0000000 
 0.0182040  0.5891540 -1.4709450  0.0000000  0.0000000 
 0.0000000  0.0000000  0.0000000  1.0000000  0.0000000 
 0.0000000  0.0000000  0.0000000  0.0000000  1.0000000 

    13.6985000     6.6247600     1.6961300     0.7973510     0.3520340
     0.1233420     0.0431300     2.2173000

 0.0318210 -0.0085830 -0.0151640  0.0000000  0.0000000 
-0.1930280  0.0568110  0.1011250  0.0000000  0.0000000 
 0.5062420 -0.1801720 -0.3456410  0.0000000  0.0000000 
 0.4949020 -0.2034110 -0.3454850  0.0000000  0.0000000 
 0.1440300  0.0848180  0.4221020  0.0000000  0.0000000 
 0.0056080  0.6010570  0.7304790  0.0000000  0.0000000 
 0.0000000  0.0000000  0.0000000  1.0000000  0.0000000 
 0.0000000  0.0000000  0.0000000  0.0000000  1.0000000 

    18.7370000    11.7046000     2.2555800     0.9494110     0.3661640
     0.1239770     2.2449000

 0.0064810 -0.0075900  0.0000000  0.0000000 
-0.0139420  0.0162940  0.0000000  0.0000000 
 0.2506820 -0.3347730  0.0000000  0.0000000 
 0.4511110 -0.4463960  0.0000000  0.0000000 
 0.3839990  0.3299670  0.0000000  0.0000000 
 0.0000000  0.0000000  1.0000000  0.0000000 
 0.0000000  0.0000000  0.0000000  1.0000000 

     3.0640000     0.9936000

 1.0000000  0.0000000 
 0.0000000  1.0000000 

PD:cc-pwCVDZ-PP
EMSL BASIS SET LIBRARY

  4
    0    1    2    3
    5    5    4    2
    9    8    7    2

   208.1230000    22.8525000    14.2986000     5.4880100     1.3253200
     0.5989570     0.1209830     0.0434590     2.2956000

 0.0007270 -0.0001890  0.0008000  0.0000000  0.0000000 
-0.0409280  0.0098180 -0.0417810  0.0000000  0.0000000 
 0.1922850 -0.0528760  0.1593620  0.0000000  0.0000000 
-0.6501040  0.2035110 -0.5231230  0.0000000  0.0000000 
 0.8565530 -0.3639350  1.4917730  0.0000000  0.0000000 
 0.4438760 -0.2582190 -0.7916960  0.0000000  0.0000000 
 0.0178500  0.5704320 -1.5172540  0.0000000  0.0000000 
 0.0000000  0.0000000  0.0000000  1.0000000  0.0000000 
 0.0000000  0.0000000  0.0000000  0.0000000  1.0000000 

    14.0509000     7.1390600     1.8300700     0.8583350     0.3772750
     0.1256960     0.0426590     2.3900000

 0.0379970 -0.0093130 -0.0186030  0.0000000  0.0000000 
-0.2040770  0.0546710  0.1098650  0.0000000  0.0000000 
 0.5137680 -0.1661610 -0.3664000  0.0000000  0.0000000 
 0.4942400 -0.1858420 -0.3473160  0.0000000  0.0000000 
 0.1402910  0.0731610  0.4820340  0.0000000  0.0000000 
 0.0051570  0.5861720  0.7096400  0.0000000  0.0000000 
 0.0000000  0.0000000  0.0000000  1.0000000  0.0000000 
 0.0000000  0.0000000  0.0000000  0.0000000  1.0000000 

    19.2539000    10.5848000     2.4561900     1.0352900     0.4020080
     0.1370570     2.4699000

 0.0066240 -0.0078390  0.0000000  0.0000000 
-0.0184110  0.0218380  0.0000000  0.0000000 
 0.2633960 -0.3691550  0.0000000  0.0000000 
 0.4524480 -0.4309590  0.0000000  0.0000000 
 0.3758330  0.3749650  0.0000000  0.0000000 
 0.0000000  0.0000000  1.0000000  0.0000000 
 0.0000000  0.0000000  0.0000000  1.0000000 

     3.4821000     1.1484000

 1.0000000  0.0000000 
 0.0000000  1.0000000 

AG:cc-pwCVDZ-PP
EMSL BASIS SET LIBRARY

  4
    0    1    2    3
    5    5    4    2
    9    8    7    2

   180.0750000    21.8987000    13.8670000     6.1426300     1.4381400
     0.6483820     0.1288820     0.0457380     2.3985000

 0.0008490 -0.0002030 -0.0008620  0.0000000  0.0000000 
-0.0654500  0.0157230  0.0525460  0.0000000  0.0000000 
 0.2977650 -0.0792290 -0.2081000  0.0000000  0.0000000 
-0.7531210  0.2226340  0.5249720  0.0000000  0.0000000 
 0.8811750 -0.3491960 -1.2701730  0.0000000  0.0000000 
 0.4351760 -0.2559780  0.5393730  0.0000000  0.0000000 
 0.0147380  0.5486660  1.6533910  0.0000000  0.0000000 
-0.0013990  0.6181030 -1.5839750  1.0000000  0.0000000 
 0.0000000  0.0000000  0.0000000  0.0000000  1.0000000 

    11.8751000     8.0024500     2.0176600     0.9542300     0.4231180
     0.1358850     0.0454010     2.5852000

 0.1162480 -0.0282840 -0.0528570  0.0000000  0.0000000 
-0.3072860  0.0783470  0.1470390  0.0000000  0.0000000 
 0.5157360 -0.1567410 -0.3129730  0.0000000  0.0000000 
 0.5031040 -0.1886250 -0.3708280  0.0000000  0.0000000 
 0.1420950  0.0635650  0.4236290  0.0000000  0.0000000 
 0.0051530  0.5817780  0.7536550  0.0000000  0.0000000 
 0.0001040  0.4999110  0.0708700  1.0000000  0.0000000 
 0.0000000  0.0000000  0.0000000  0.0000000  1.0000000 

    26.4320000    11.0345000     2.7378700     1.1957500     0.4820420
     0.1729080     2.8365000

 0.0034790 -0.0047330  0.0000000  0.0000000 
-0.0138480  0.0190700  0.0000000  0.0000000 
 0.2545990 -0.4332980  0.0000000  0.0000000 
 0.4498490 -0.4445680  0.0000000  0.0000000 
 0.3757380  0.4914420  0.0000000  0.0000000 
 0.1458790  0.5728660  1.0000000  0.0000000 
 0.0000000  0.0000000  0.0000000  1.0000000 

     3.9751000     1.3299000

 1.0000000  0.0000000 
 0.0000000  1.0000000 

CD:cc-pwCVDZ-PP
EMSL BASIS SET LIBRARY

  4
    0    1    2    3
    5    5    4    2
    9    8    7    2

   223.8530000    23.0948000    14.6522000     6.5704440     1.5378300
     0.6909840     0.1349130     0.0474420     2.6738000

 0.0008710 -0.0002290  0.0010770  0.0000000  0.0000000 
-0.0643070  0.0155940 -0.0716490  0.0000000  0.0000000 
 0.3013160 -0.0810470  0.2889750  0.0000000  0.0000000 
-0.7605240  0.2272510 -0.7315460  0.0000000  0.0000000 
 0.8940710 -0.3625630  1.9768990  0.0000000  0.0000000 
 0.4278790 -0.2507830 -1.3519510  0.0000000  0.0000000 
 0.0101880  0.6135330 -1.1186740  0.0000000  0.0000000 
-0.0024450  0.5582600  1.3026160  1.0000000  0.0000000 
 0.0000000  0.0000000  0.0000000  0.0000000  1.0000000 

    13.7175000     8.4632200     2.1182000     0.9892620     0.4317810
     0.1391600     0.0461490     2.7157000

 0.0776160 -0.0180110 -0.0307300  0.0000000  0.0000000 
-0.2579430  0.0637170  0.1087440  0.0000000  0.0000000 
 0.5352740 -0.1587410 -0.2782310  0.0000000  0.0000000 
 0.4963620 -0.1762800 -0.3293900  0.0000000  0.0000000 
 0.1231090  0.0710060  0.3546300  0.0000000  0.0000000 
 0.0032100  0.5775860  0.7814580  0.0000000  0.0000000 
 0.0003400  0.4994910  0.0852520  1.0000000  0.0000000 
 0.0000000  0.0000000  0.0000000  0.0000000  1.0000000 

    31.6697000    12.2214000     3.1219900     1.3894100     0.5732030
     0.2117080     3.3125000

 0.0031630 -0.0048710  0.0000000  0.0000000 
-0.0117910  0.0185820  0.0000000  0.0000000 
 0.2411940 -0.4766730  0.0000000  0.0000000 
 0.4489980 -0.4576040  0.0000000  0.0000000 
 0.3802110  0.5714620  0.0000000  0.0000000 
 0.1445530  0.4973800  1.0000000  0.0000000 
 0.0000000  0.0000000  0.0000000  1.0000000 

     4.5765000     1.5393000

 1.0000000  0.0000000 
 0.0000000  1.0000000 

IN:cc-pwCVDZ-PP
EMSL BASIS SET LIBRARY

  4
    0    1    2    3
    5    4    3    1
    9    7    7    1

  2.651310E+02  2.556940E+01  1.600410E+01  6.818850E+00  1.666760E+00
  7.692320E-01  1.704150E-01  6.223000E-02  6.629000E-01

    .77E-3    -.23E-3       .0E0       .0E0       .0E0 
-.52791E-1  .14088E-1       .0E0       .0E0       .0E0 
  .25934E0 -.78615E-1       .0E0       .0E0       .0E0 
 -.73929E0   .25286E0       .0E0       .0E0       .0E0 
  .88577E0  -.41554E0       .0E0       .0E0       .0E0 
  .44259E0  -.29665E0       .0E0       .0E0       .0E0 
 .11574E-1   .67858E0       .1E1       .0E0       .0E0 
 -.2451E-2   .52713E0       .0E0       .1E1       .0E0 
      .0E0       .0E0       .0E0       .0E0       .1E1 

  1.446910E+01  9.280830E+00  2.082010E+00  8.443140E-01  1.869000E-01
  5.477700E-02  4.939000E-01

 .90177E-1 -.19023E-1       .0E0       .0E0 
 -.26764E0  .59157E-1       .0E0       .0E0 
  .66448E0  -.18075E0       .0E0       .0E0 
  .46169E0  -.11458E0       .0E0       .0E0 
 .27059E-1   .44074E0       .0E0       .0E0 
 -.4677E-2   .68779E0       .1E1       .0E0 
      .0E0       .0E0       .0E0       .1E1 

  3.078790E+01  1.925550E+01  3.196620E+00  1.332100E+00  5.046190E-01
  1.498000E-01  4.947000E-01

  .5766E-2       .0E0       .0E0 
-.10708E-1       .0E0       .0E0 
  .29386E0       .0E0       .0E0 
  .51087E0       .0E0       .0E0 
  .34152E0       .0E0       .0E0 
 .52465E-1       .1E1       .0E0 
      .0E0       .0E0       .1E1 

  9.981000E-01

      .1E1 

SN:cc-pwCVDZ-PP
EMSL BASIS SET LIBRARY

  4
    0    1    2    3
    5    4    3    1
    9    7    7    1

  3.803660E+02  2.858220E+01  1.788920E+01  6.928620E+00  1.783910E+00
  8.431380E-01  2.052280E-01  7.663600E-02  7.784000E-01

  .1165E-2   -.442E-3       .0E0       .0E0       .0E0 
-.26006E-1   .5702E-2       .0E0       .0E0       .0E0 
  .16604E0 -.52894E-1       .0E0       .0E0       .0E0 
 -.65891E0   .25209E0       .0E0       .0E0       .0E0 
  .86934E0  -.47034E0       .0E0       .0E0       .0E0 
  .45213E0  -.31614E0       .0E0       .0E0       .0E0 
 .12973E-1   .72062E0       .1E1       .0E0       .0E0 
 -.2403E-2   .51111E0       .0E0       .1E1       .0E0 
      .0E0       .0E0       .0E0       .0E0       .1E1 

  1.854890E+01  9.566960E+00  2.218610E+00  9.214590E-01  2.178580E-01
  6.932000E-02  5.984000E-01

 .37021E-1  -.9052E-2       .0E0       .0E0 
 -.19387E0  .51762E-1       .0E0       .0E0 
  .65759E0  -.22174E0       .0E0       .0E0 
  .45551E0  -.12428E0       .0E0       .0E0 
 .27216E-1   .52185E0       .0E0       .0E0 
 -.4604E-2   .60994E0       .1E1       .0E0 
      .0E0       .0E0       .0E0       .1E1 

  3.856260E+01  2.176130E+01  3.661110E+00  1.558330E+00  6.095230E-01
  1.897000E-01  5.931000E-01

  .4261E-2       .0E0       .0E0 
 -.6897E-2       .0E0       .0E0 
  .27628E0       .0E0       .0E0 
  .51432E0       .0E0       .0E0 
  .34456E0       .0E0       .0E0 
 .51594E-1       .1E1       .0E0 
      .0E0       .0E0       .1E1 

  1.206300E+00

      .1E1 

SB:cc-pwCVDZ-PP
EMSL BASIS SET LIBRARY

  4
    0    1    2    3
    5    4    3    1
    9    7    7    1

  3.715840E+02  2.653920E+01  1.662130E+01  7.735510E+00  1.892340E+00
  9.104310E-01  2.442310E-01  9.239700E-02  8.601000E-01

  .1591E-2    .654E-3       .0E0       .0E0       .0E0 
-.41684E-1 -.10962E-1       .0E0       .0E0       .0E0 
  .27334E0  .93833E-1       .0E0       .0E0       .0E0 
 -.76768E0  -.30401E0       .0E0       .0E0       .0E0 
   .8995E0   .50841E0       .0E0       .0E0       .0E0 
  .43139E0   .33924E0       .0E0       .0E0       .0E0 
 .12837E-1  -.73477E0       .1E1       .0E0       .0E0 
 -.2173E-2  -.52613E0       .0E0       .1E1       .0E0 
      .0E0       .0E0       .0E0       .0E0       .1E1 

  1.605090E+01  1.026210E+01  2.428320E+00  1.033600E+00  2.594400E-01
  8.610800E-02  6.770000E-01

 .92157E-1 -.25313E-1       .0E0       .0E0 
 -.27556E0  .79796E-1       .0E0       .0E0 
  .65864E0  -.24209E0       .0E0       .0E0 
  .46689E0   -.1486E0       .0E0       .0E0 
 .28511E-1   .54894E0       .0E0       .0E0 
 -.5155E-2   .58929E0       .1E1       .0E0 
      .0E0       .0E0       .0E0       .1E1 

  4.547850E+01  1.851140E+01  3.916000E+00  1.714820E+00  6.973190E-01
  2.304000E-01  6.846000E-01

  .3259E-2       .0E0       .0E0 
 -.5497E-2       .0E0       .0E0 
  .27995E0       .0E0       .0E0 
  .51275E0       .0E0       .0E0 
  .33287E0       .0E0       .0E0 
 .48843E-1       .1E1       .0E0 
      .0E0       .0E0       .1E1 

  1.400400E+00

      .1E1 

TE:cc-pwCVDZ-PP
EMSL BASIS SET LIBRARY

  4
    0    1    2    3
    5    4    3    1
    9    7    7    1

  2.111190E+03  3.116910E+02  1.382260E+01  8.717480E+00  1.983030E+00
  9.703770E-01  2.797650E-01  1.067760E-01  9.701000E-01

   .612E-3    .251E-3       .0E0       .0E0       .0E0 
  .3207E-2   .1457E-2       .0E0       .0E0       .0E0 
  .40551E0    .1637E0       .0E0       .0E0       .0E0 
 -.93259E0  -.39846E0       .0E0       .0E0       .0E0 
  .91966E0   .57807E0       .0E0       .0E0       .0E0 
  .40467E0   .32712E0       .0E0       .0E0       .0E0 
 .12366E-1  -.78465E0       .1E1       .0E0       .0E0 
 -.1604E-2  -.49945E0       .0E0       .1E1       .0E0 
      .0E0       .0E0       .0E0       .0E0       .1E1 

  1.706290E+01  1.083060E+01  2.593800E+00  1.126760E+00  3.001760E-01
  9.755100E-02  7.747000E-01

  .8934E-1 -.26861E-1       .0E0       .0E0 
 -.27117E0  .86304E-1       .0E0       .0E0 
  .66202E0   -.2735E0       .0E0       .0E0 
  .46074E0  -.15139E0       .0E0       .0E0 
 .28809E-1   .58398E0       .0E0       .0E0 
 -.3863E-2   .56501E0       .1E1       .0E0 
      .0E0       .0E0       .0E0       .1E1 

  5.091060E+01  1.846470E+01  4.276170E+00  1.897700E+00  7.864800E-01
  2.638000E-01  7.782000E-01

  .3354E-2       .0E0       .0E0 
 -.3642E-2       .0E0       .0E0 
  .27808E0       .0E0       .0E0 
  .51635E0       .0E0       .0E0 
  .32657E0       .0E0       .0E0 
 .45152E-1       .1E1       .0E0 
      .0E0       .0E0       .1E1 

  1.630800E+00

      .1E1 

I:cc-pwCVDZ-PP
EMSL BASIS SET LIBRARY

  4
    0    1    2    3
    5    4    3    1
    9    7    7    1

  2.449790E+03  3.598080E+02  1.440580E+01  9.076320E+00  2.088100E+00
  1.034980E+00  3.162840E-01  1.217190E-01  1.064800E+00

   .419E-3    .175E-3       .0E0       .0E0       .0E0 
   .224E-2   .1057E-2       .0E0       .0E0       .0E0 
  .39722E0     .169E0       .0E0       .0E0       .0E0 
 -.93225E0  -.42179E0       .0E0       .0E0       .0E0 
  .93714E0   .63886E0       .0E0       .0E0       .0E0 
  .39209E0   .32012E0       .0E0       .0E0       .0E0 
 .12485E-1  -.81443E0       .1E1       .0E0       .0E0 
 -.1329E-2   -.4898E0       .0E0       .1E1       .0E0 
      .0E0       .0E0       .0E0       .0E0       .1E1 

  1.953010E+01  1.108820E+01  2.715630E+00  1.204300E+00  3.399450E-01
  1.108810E-01  8.790000E-01

 .58934E-1 -.18836E-1       .0E0       .0E0 
 -.23093E0  .80006E-1       .0E0       .0E0 
   .6648E0  -.30665E0       .0E0       .0E0 
  .45067E0  -.14759E0       .0E0       .0E0 
  .2898E-1   .60751E0       .0E0       .0E0 
 -.2889E-2   .54705E0       .1E1       .0E0 
      .0E0       .0E0       .0E0       .1E1 

  4.547650E+01  1.319280E+01  4.227410E+00  1.942800E+00  8.397710E-01
  3.000000E-01  8.802000E-01

  .4266E-2       .0E0       .0E0 
-.13625E-1       .0E0       .0E0 
  .30976E0       .0E0       .0E0 
  .50977E0       .0E0       .0E0 
  .29746E0       .0E0       .0E0 
 .40164E-1       .1E1       .0E0 
      .0E0       .0E0       .1E1 

  1.857200E+00

      .1E1 

XE:cc-pwCVDZ-PP
EMSL BASIS SET LIBRARY

  4
    0    1    2    3
    5    4    3    1
    9    7    7    1

  2.058320E+03  3.074270E+02  1.578150E+01  9.544700E+00  2.229690E+00
  1.112000E+00  3.554300E-01  1.377260E-01  1.178500E+00

   .938E-3   -.438E-3       .0E0       .0E0       .0E0 
   .442E-2  -.2277E-2       .0E0       .0E0       .0E0 
   .3544E0   -.1558E0       .0E0       .0E0       .0E0 
 -.88851E0   .41758E0       .0E0       .0E0       .0E0 
  .94962E0  -.67932E0       .0E0       .0E0       .0E0 
  .38107E0  -.31831E0       .0E0       .0E0       .0E0 
 .12543E-1   .83567E0       .1E1       .0E0       .0E0 
 -.1073E-2   .48541E0       .0E0       .1E1       .0E0 
      .0E0       .0E0       .0E0       .0E0       .1E1 

  2.017250E+01  1.181220E+01  2.934600E+00  1.318900E+00  3.858160E-01
  1.269610E-01  9.819000E-01

  .6874E-1 -.22967E-1       .0E0       .0E0 
 -.24461E0  .88115E-1       .0E0       .0E0 
  .66765E0  -.32331E0       .0E0       .0E0 
  .45018E0  -.15423E0       .0E0       .0E0 
 .28689E-1   .62288E0       .0E0       .0E0 
 -.3482E-2   .53756E0       .1E1       .0E0 
      .0E0       .0E0       .0E0       .1E1 

  5.266660E+01  1.434640E+01  4.815970E+00  2.214960E+00  9.611280E-01
  3.412000E-01  9.827000E-01

  .4807E-2       .0E0       .0E0 
 -.4517E-2       .0E0       .0E0 
  .30151E0       .0E0       .0E0 
  .51204E0       .0E0       .0E0 
  .29909E0       .0E0       .0E0 
  .3957E-1       .1E1       .0E0 
      .0E0       .0E0       .1E1 

  2.138600E+00

      .1E1 

HF:cc-pwCVDZ-PP
EMSL BASIS SET LIBRARY

  4
    0    1    2    3
    5    5    4    2
    9    8    7    2

    29.2650000    18.3491000    11.5257000     4.3859900     0.8910800
     0.4057400     0.0950670     0.0358680     1.1074000

 0.0294330 -0.0090770  0.0309420  0.0000000  0.0000000 
-0.1987340  0.0611920 -0.1631770  0.0000000  0.0000000 
 0.4359330 -0.1354740  0.3100050  0.0000000  0.0000000 
-0.7730970  0.2530470 -0.5289420  0.0000000  0.0000000 
 0.8677580 -0.3699320  1.2562440  0.0000000  0.0000000 
 0.4202920 -0.3314430 -0.4970260  0.0000000  0.0000000 
 0.0131930  0.6577990 -1.8102840  0.0000000  0.0000000 
 0.0000000  0.0000000  0.0000000  1.0000000  0.0000000 
 0.0000000  0.0000000  0.0000000  0.0000000  1.0000000 

     7.1199600     4.6018200     2.9004600     0.9377910     0.3915000
     0.1071520     0.0367710     1.8632000

 0.1786130 -0.0485910 -0.0658780  0.0000000  0.0000000 
-0.5085500  0.1398590  0.1871460  0.0000000  0.0000000 
 0.1812060 -0.0462230 -0.0488380  0.0000000  0.0000000 
 0.6364370 -0.2282940 -0.3615180  0.0000000  0.0000000 
 0.4348840 -0.1575630 -0.1743340  0.0000000  0.0000000 
 0.0442170  0.5288190  0.9190410  0.0000000  0.0000000 
 0.0000000  0.0000000  0.0000000  1.0000000  0.0000000 
 0.0000000  0.0000000  0.0000000  0.0000000  1.0000000 

     7.4982700     4.6961800     1.0636000     0.4188210     0.1545660
     0.0526440     1.0566000

 0.0144910 -0.0165460  0.0000000  0.0000000 
-0.0529680  0.0618730  0.0000000  0.0000000 
 0.2380440 -0.3167410  0.0000000  0.0000000 
 0.4352750 -0.5274120  0.0000000  0.0000000 
 0.4244200  0.3428660  0.0000000  0.0000000 
 0.0000000  0.0000000  1.0000000  0.0000000 
 0.0000000  0.0000000  0.0000000  1.0000000 

     0.8847000     0.2700000

 1.0000000  0.0000000 
 0.0000000  1.0000000 

TA:cc-pwCVDZ-PP
EMSL BASIS SET LIBRARY

  4
    0    1    2    3
    5    5    4    2
    9    8    7    2

    29.8670000    18.7203000    11.7533000     4.5708900     0.9478400
     0.4340380     0.1050310     0.0389480     1.2903000

 0.0287250 -0.0091320  0.0324720  0.0000000  0.0000000 
-0.1985810  0.0630170 -0.1723550  0.0000000  0.0000000 
 0.4482880 -0.1437480  0.3341840  0.0000000  0.0000000 
-0.7983960  0.2705360 -0.5725580  0.0000000  0.0000000 
 0.8861040 -0.4015970  1.3652610  0.0000000  0.0000000 
 0.4136940 -0.3195670 -0.6032250  0.0000000  0.0000000 
 0.0121460  0.6651050 -1.7315730  0.0000000  0.0000000 
 0.0000000  0.0000000  0.0000000  1.0000000  0.0000000 
 0.0000000  0.0000000  0.0000000  0.0000000  1.0000000 

     7.3652400     4.7544000     2.9959500     0.9941230     0.4196000
     0.1182390     0.0401010     1.8881000

 0.1796820 -0.0508780 -0.0697670  0.0000000  0.0000000 
-0.5211000  0.1495500  0.2016550  0.0000000  0.0000000 
 0.1911040 -0.0507540 -0.0482900  0.0000000  0.0000000 
 0.6464550 -0.2483790 -0.4247200  0.0000000  0.0000000 
 0.4240400 -0.1478010 -0.1275720  0.0000000  0.0000000 
 0.0425600  0.5415390  0.9415430  0.0000000  0.0000000 
 0.0000000  0.0000000  0.0000000  1.0000000  0.0000000 
 0.0000000  0.0000000  0.0000000  0.0000000  1.0000000 

     7.5616000     4.7408700     1.1697500     0.4793100     0.1837040
     0.0644090     1.1858000

 0.0178690 -0.0205840  0.0000000  0.0000000 
-0.0661360  0.0780240  0.0000000  0.0000000 
 0.2554580 -0.3544000  0.0000000  0.0000000 
 0.4454920 -0.5155940  0.0000000  0.0000000 
 0.4029670  0.4207610  0.0000000  0.0000000 
 0.0000000  0.0000000  1.0000000  0.0000000 
 0.0000000  0.0000000  0.0000000  1.0000000 

     1.0845000     0.3735000

 1.0000000  0.0000000 
 0.0000000  1.0000000 

W:cc-pwCVDZ-PP
EMSL BASIS SET LIBRARY

  4
    0    1    2    3
    5    5    4    2
    9    8    7    2

    31.1844000    19.5385000    12.2602000     4.7203700     1.0095700
     0.4634560     0.1137920     0.0416420     1.4039000

 0.0268990 -0.0086330  0.0314780  0.0000000  0.0000000 
-0.1892380  0.0609770 -0.1676990  0.0000000  0.0000000 
 0.4339650 -0.1418640  0.3282920  0.0000000  0.0000000 
-0.8043720  0.2797320 -0.5865250  0.0000000  0.0000000 
 0.9015400 -0.4285050  1.4154490  0.0000000  0.0000000 
 0.4101950 -0.3050150 -0.6488270  0.0000000  0.0000000 
 0.0110440  0.6713040 -1.6892530  0.0000000  0.0000000 
 0.0000000  0.0000000  0.0000000  1.0000000  0.0000000 
 0.0000000  0.0000000  0.0000000  0.0000000  1.0000000 

     7.7873800     5.0493000     3.1860200     1.0593700     0.4491060
     0.1276250     0.0427440     1.9787000

 0.1852090 -0.0535080 -0.0749390  0.0000000  0.0000000 
-0.5283120  0.1546790  0.2120220  0.0000000  0.0000000 
 0.1871580 -0.0504270 -0.0424460  0.0000000  0.0000000 
 0.6560130 -0.2604500 -0.4793750  0.0000000  0.0000000 
 0.4179250 -0.1384050 -0.0766750  0.0000000  0.0000000 
 0.0409650  0.5459010  0.9477960  0.0000000  0.0000000 
 0.0000000  0.0000000  0.0000000  1.0000000  0.0000000 
 0.0000000  0.0000000  0.0000000  0.0000000  1.0000000 

     8.3098300     5.2246300     1.2952900     0.5397610     0.2089270
     0.0731130     1.3398000

 0.0219490 -0.0263810  0.0000000  0.0000000 
-0.0773760  0.0952520  0.0000000  0.0000000 
 0.2632410 -0.3960520  0.0000000  0.0000000 
 0.4595460 -0.5079960  0.0000000  0.0000000 
 0.3922120  0.5236000  0.0000000  0.0000000 
 0.0000000  0.0000000  1.0000000  0.0000000 
 0.0000000  0.0000000  0.0000000  1.0000000 

     1.2861000     0.4769000

 1.0000000  0.0000000 
 0.0000000  1.0000000 

RE:cc-pwCVDZ-PP
EMSL BASIS SET LIBRARY

  4
    0    1    2    3
    5    5    4    2
    9    8    7    2

    33.0133000    20.6658000    12.9498000     4.7782300     1.0858000
     0.5000250     0.1210690     0.0438810     1.5499000

 0.0221330 -0.0070680  0.0274240  0.0000000  0.0000000 
-0.1618310  0.0530520 -0.1468310  0.0000000  0.0000000 
 0.3812300 -0.1282310  0.2908580  0.0000000  0.0000000 
-0.7875220  0.2853960 -0.5801000  0.0000000  0.0000000 
 0.8980810 -0.4487810  1.4204980  0.0000000  0.0000000 
 0.4224690 -0.2976680 -0.6321790  0.0000000  0.0000000 
 0.0172060  0.6634730 -1.6875030  0.0000000  0.0000000 
 0.0000000  0.0000000  0.0000000  1.0000000  0.0000000 
 0.0000000  0.0000000  0.0000000  0.0000000  1.0000000 

     8.6759800     5.6538200     1.4063900     0.6920560     0.3163520
     0.1093090     0.0385810     1.7900000

 0.1394900 -0.0412390 -0.0651350  0.0000000  0.0000000 
-0.3569770  0.1083450  0.1725300  0.0000000  0.0000000 
 0.4818040 -0.1688840 -0.2649320  0.0000000  0.0000000 
 0.5117960 -0.2386860 -0.4743410  0.0000000  0.0000000 
 0.1708180  0.0632430  0.3991830  0.0000000  0.0000000 
 0.0097820  0.6102210  0.8030920  0.0000000  0.0000000 
 0.0000000  0.0000000  0.0000000  1.0000000  0.0000000 
 0.0000000  0.0000000  0.0000000  0.0000000  1.0000000 

     8.6719700     5.4414200     1.3750800     0.5838300     0.2293620
     0.0808850     1.4130000

 0.0171910 -0.0203340  0.0000000  0.0000000 
-0.0665390  0.0775390  0.0000000  0.0000000 
 0.2711570 -0.3686920  0.0000000  0.0000000 
 0.4487710 -0.4745880  0.0000000  0.0000000 
 0.3778590  0.4599950  0.0000000  0.0000000 
 0.0000000  0.0000000  1.0000000  0.0000000 
 0.0000000  0.0000000  0.0000000  1.0000000 

     1.4400000     0.5533000

 1.0000000  0.0000000 
 0.0000000  1.0000000 

OS:cc-pwCVDZ-PP
EMSL BASIS SET LIBRARY

  4
    0    1    2    3
    5    5    4    2
    9    8    7    2

    34.5933000    21.6442000    13.5521000     4.8950800     1.1634600
     0.5380840     0.1306730     0.0469820     1.7294000

 0.0194050 -0.0059240  0.0286790  0.0000000  0.0000000 
-0.1468750  0.0475810 -0.1533520  0.0000000  0.0000000 
 0.3551890 -0.1198590  0.3066570  0.0000000  0.0000000 
-0.7883690  0.2905900 -0.6590400  0.0000000  0.0000000 
 0.9033000 -0.4633260  1.6880660  0.0000000  0.0000000 
 0.4302560 -0.2910580 -0.9098660  0.0000000  0.0000000 
 0.0181640  0.6489970 -1.5178370  0.0000000  0.0000000 
 0.0000000  0.0000000  0.0000000  1.0000000  0.0000000 
 0.0000000  0.0000000  0.0000000  0.0000000  1.0000000 

     9.1259400     5.8907300     1.4397800     0.6929760     0.3084380
     0.1086800     0.0381830     1.8897000

 0.1316100 -0.0379630 -0.0676070  0.0000000  0.0000000 
-0.3487910  0.1036120  0.1858450  0.0000000  0.0000000 
 0.5276330 -0.1857190 -0.3480470  0.0000000  0.0000000 
 0.5000040 -0.2213770 -0.4511480  0.0000000  0.0000000 
 0.1387070  0.0960590  0.5586130  0.0000000  0.0000000 
 0.0055910  0.6029380  0.7068530  0.0000000  0.0000000 
 0.0000000  0.0000000  0.0000000  1.0000000  0.0000000 
 0.0000000  0.0000000  0.0000000  0.0000000  1.0000000 

     9.3395000     5.8557100     1.4647600     0.6312200     0.2506620
     0.0891640     1.5402000

 0.0158420 -0.0209240  0.0000000  0.0000000 
-0.0635100  0.0807150  0.0000000  0.0000000 
 0.2828700 -0.4242800  0.0000000  0.0000000 
 0.4507810 -0.4620180  0.0000000  0.0000000 
 0.3664550  0.5555660  0.0000000  0.0000000 
 0.0000000  0.0000000  1.0000000  0.0000000 
 0.0000000  0.0000000  0.0000000  1.0000000 

     1.5904000     0.6278000

 1.0000000  0.0000000 
 0.0000000  1.0000000 

IR:cc-pwCVDZ-PP
EMSL BASIS SET LIBRARY

  4
    0    1    2    3
    5    5    4    2
    9    8    7    2

    36.0577000    22.5516000    14.1116000     5.0447500     1.2441700
     0.5769240     0.1394660     0.0497400     1.8375000

 0.0172890 -0.0049480  0.0290550  0.0000000  0.0000000 
-0.1359910  0.0431240 -0.1546790  0.0000000  0.0000000 
 0.3386690 -0.1138030  0.3116730  0.0000000  0.0000000 
-0.7941690  0.2953180 -0.7039290  0.0000000  0.0000000 
 0.9080010 -0.4732180  1.8161160  0.0000000  0.0000000 
 0.4378070 -0.2840000 -1.0291110  0.0000000  0.0000000 
 0.0187690  0.6351880 -1.4393180  0.0000000  0.0000000 
 0.0000000  0.0000000  0.0000000  1.0000000  0.0000000 
 0.0000000  0.0000000  0.0000000  0.0000000  1.0000000 

     9.5858000     6.1408800     1.4976000     0.7141440     0.3120660
     0.1151600     0.0412770     2.0406000

 0.1256510 -0.0379390 -0.0740030  0.0000000  0.0000000 
-0.3433060  0.1069870  0.2101790  0.0000000  0.0000000 
 0.5536780 -0.2083670 -0.4612670  0.0000000  0.0000000 
 0.4910420 -0.2217720 -0.3768670  0.0000000  0.0000000 
 0.1228370  0.1266520  0.6521120  0.0000000  0.0000000 
 0.0033780  0.6103680  0.6073860  0.0000000  0.0000000 
 0.0000000  0.0000000  0.0000000  1.0000000  0.0000000 
 0.0000000  0.0000000  0.0000000  0.0000000  1.0000000 

     9.9606900     6.2430300     1.5631700     0.6819400     0.2734460
     0.0980080     1.6689000

 0.0154630 -0.0198010  0.0000000  0.0000000 
-0.0631200  0.0777020  0.0000000  0.0000000 
 0.2923090 -0.4252400  0.0000000  0.0000000 
 0.4527480 -0.4331870  0.0000000  0.0000000 
 0.3571590  0.4752470  0.0000000  0.0000000 
 0.0000000  0.0000000  1.0000000  0.0000000 
 0.0000000  0.0000000  0.0000000  1.0000000 

     1.7526000     0.7127000

 1.0000000  0.0000000 
 0.0000000  1.0000000 

PT:cc-pwCVDZ-PP
EMSL BASIS SET LIBRARY

  4
    0    1    2    3
    5    5    4    2
    9    8    7    2

    37.3750000    23.3685000    14.6164000     5.2209620     1.3267320
     0.6163210     0.1480680     0.0523910     1.9414000

 0.0156980 -0.0041400  0.0303040  0.0000000  0.0000000 
-0.1285150  0.0396870 -0.1595530  0.0000000  0.0000000 
 0.3299960 -0.1100630  0.3222870  0.0000000  0.0000000 
-0.8039770  0.3003960 -0.7469090  0.0000000  0.0000000 
 0.9127650 -0.4809750  1.9183060  0.0000000  0.0000000 
 0.4444260 -0.2769970 -1.1164460  0.0000000  0.0000000 
 0.0192250  0.6216130 -1.3836520  0.0000000  0.0000000 
 0.0000000  0.0000000  0.0000000  1.0000000  0.0000000 
 0.0000000  0.0000000  0.0000000  0.0000000  1.0000000 

     9.9926800     6.3831700     1.5696500     0.7427790     0.3180200
     0.1141460     0.0398630     2.1481000

 0.1240460 -0.0346870 -0.0771530  0.0000000  0.0000000 
-0.3446320  0.0999320  0.2234940  0.0000000  0.0000000 
 0.5711200 -0.2018840 -0.5228040  0.0000000  0.0000000 
 0.4873560 -0.1984590 -0.3298980  0.0000000  0.0000000 
 0.1119590  0.1230340  0.7297730  0.0000000  0.0000000 
 0.0019280  0.5955770  0.5372880  0.0000000  0.0000000 
 0.0000000  0.0000000  0.0000000  1.0000000  0.0000000 
 0.0000000  0.0000000  0.0000000  0.0000000  1.0000000 

    10.4126000     6.5226600     1.6643000     0.7342080     0.2974070
     0.1075990     1.8047000

 0.0150800 -0.0198660  0.0000000  0.0000000 
-0.0622950  0.0796630  0.0000000  0.0000000 
 0.3006490 -0.4687940  0.0000000  0.0000000 
 0.4539610 -0.4051740  0.0000000  0.0000000 
 0.3490010  0.5192890  0.0000000  0.0000000 
 0.0000000  0.0000000  1.0000000  0.0000000 
 0.0000000  0.0000000  0.0000000  1.0000000 

     1.9149000     0.8018000

 1.0000000  0.0000000 
 0.0000000  1.0000000 

AU:cc-pwCVDZ-PP
EMSL BASIS SET LIBRARY

  4
    0    1    2    3
    5    5    4    2
    9    8    7    2

    38.0008000    23.9725000    15.2182000     5.5399900     1.3855100
     0.6424610     0.1564960     0.0549100     2.0643000

 0.0200090 -0.0053040  0.0323400  0.0000000  0.0000000 
-0.1516790  0.0463180 -0.1717620  0.0000000  0.0000000 
 0.3639600 -0.1199400  0.3395030  0.0000000  0.0000000 
-0.8213260  0.3040620 -0.7461790  0.0000000  0.0000000 
 0.9366410 -0.4945010  1.9174980  0.0000000  0.0000000 
 0.4235270 -0.2555160 -1.1299310  0.0000000  0.0000000 
 0.0162500  0.6091630 -1.3662840  0.0000000  0.0000000 
-0.0009780  0.5977670  1.4423910  1.0000000  0.0000000 
 0.0000000  0.0000000  0.0000000  0.0000000  1.0000000 

    10.3092000     6.6276500     1.6744700     0.8011160     0.3468790
     0.1227010     0.0424280     2.2606000

 0.1282170 -0.0358850 -0.0772420  0.0000000  0.0000000 
-0.3537900  0.1028900  0.2226110  0.0000000  0.0000000 
 0.5662110 -0.2009880 -0.4953530  0.0000000  0.0000000 
 0.4931710 -0.2010450 -0.3607470  0.0000000  0.0000000 
 0.1137750  0.1165490  0.7100000  0.0000000  0.0000000 
 0.0025340  0.5949690  0.5688390  0.0000000  0.0000000 
 0.0006790  0.4555200  0.0011930  1.0000000  0.0000000 
 0.0000000  0.0000000  0.0000000  0.0000000  1.0000000 

    11.0027000     6.8916600     1.8080800     0.8210510     0.3441610
     0.1297430     2.0167000

 0.0164670 -0.0236280  0.0000000  0.0000000 
-0.0680130  0.0956720  0.0000000  0.0000000 
 0.2994920 -0.5412940  0.0000000  0.0000000 
 0.4543030 -0.3955330  0.0000000  0.0000000 
 0.3442240  0.6191650  0.0000000  0.0000000 
 0.1212560  0.4682760  1.0000000  0.0000000 
 0.0000000  0.0000000  0.0000000  1.0000000 

     2.0995000     0.8919000

 1.0000000  0.0000000 
 0.0000000  1.0000000 

HG:cc-pwCVDZ-PP
EMSL BASIS SET LIBRARY

  4
    0    1    2    3
    5    5    4    2
    9    8    7    2

    41.4804000    22.5328000    14.0790000     5.7247400     1.4794800
     0.6882660     0.1641810     0.0572230     2.3359000

 0.0100720  0.0020320  0.0218280  0.0000000  0.0000000 
-0.1147810 -0.0323140 -0.1555640  0.0000000  0.0000000 
 0.3564080  0.1153500  0.3860250  0.0000000  0.0000000 
-0.8484430 -0.3177630 -0.8961040  0.0000000  0.0000000 
 0.9405960  0.5135230  2.3321950  0.0000000  0.0000000 
 0.4353290  0.2500500 -1.5976600  0.0000000  0.0000000 
 0.0131780 -0.6488410 -1.0536460  0.0000000  0.0000000 
-0.0023140 -0.5599430  1.2895360  1.0000000  0.0000000 
 0.0000000  0.0000000  0.0000000  0.0000000  1.0000000 

    10.5805000     6.8053900     1.7901600     0.8622610     0.3752770
     0.1284210     0.0434470     2.3585000

 0.1286920 -0.0344430  0.0714680  0.0000000  0.0000000 
-0.3608420  0.1009290 -0.2108590  0.0000000  0.0000000 
 0.5641170 -0.1924390  0.4452040  0.0000000  0.0000000 
 0.5002740 -0.1960690  0.3916080  0.0000000  0.0000000 
 0.1137850  0.1042040 -0.6670830  0.0000000  0.0000000 
 0.0029390  0.5873870 -0.6195740  0.0000000  0.0000000 
 0.0004880  0.4727830 -0.0009090  1.0000000  0.0000000 
 0.0000000  0.0000000  0.0000000  0.0000000  1.0000000 

    11.5841000     7.2487900     1.9366200     0.8987480     0.3869310
     0.1504660     2.2228000

 0.0167290 -0.0249840  0.0000000  0.0000000 
-0.0695580  0.1041030  0.0000000  0.0000000 
 0.3034370 -0.6169860  0.0000000  0.0000000 
 0.4548780 -0.3538260  0.0000000  0.0000000 
 0.3368080  0.6872800  0.0000000  0.0000000 
 0.1130160  0.3930900  1.0000000  0.0000000 
 0.0000000  0.0000000  0.0000000  1.0000000 

     2.2727000     0.9974000

 1.0000000  0.0000000 
 0.0000000  1.0000000 

TL:cc-pwCVDZ-PP
EMSL BASIS SET LIBRARY

  4
    0    1    2    3
    5    4    3    1
    9    7    7    1

  3.610960E+01  2.257320E+01  1.411440E+01  6.159760E+00  1.570690E+00
  7.459610E-01  1.958840E-01  7.100300E-02  6.052000E-01

 .22979E-1   .5901E-2       .0E0       .0E0       .0E0 
  -.1729E0 -.54441E-1       .0E0       .0E0       .0E0 
   .4807E0   .17091E0       .0E0       .0E0       .0E0 
 -.95321E0  -.38681E0       .0E0       .0E0       .0E0 
  .96087E0   .57175E0       .0E0       .0E0       .0E0 
  .43197E0   .28956E0       .0E0       .0E0       .0E0 
 .13199E-1  -.71638E0       .1E1       .0E0       .0E0 
 -.2106E-2  -.52896E0       .0E0       .1E1       .0E0 
      .0E0       .0E0       .0E0       .0E0       .1E1 

  1.038560E+01  7.009390E+00  1.776880E+00  7.479420E-01  1.768080E-01
  5.153200E-02  4.342000E-01

  .16212E0 -.39199E-1       .0E0       .0E0 
  -.4047E0   .10173E0       .0E0       .0E0 
  .69498E0  -.21994E0       .0E0       .0E0 
   .4665E0  -.11945E0       .0E0       .0E0 
 .28013E-1   .45977E0       .0E0       .0E0 
 -.4173E-2   .67639E0       .1E1       .0E0 
      .0E0       .0E0       .0E0       .1E1 

  1.090870E+01  6.836490E+00  1.997490E+00  9.144720E-01  3.895180E-01
  1.501000E-01  4.690000E-01

 .21712E-1       .0E0       .0E0 
-.83269E-1       .0E0       .0E0 
  .34181E0       .0E0       .0E0 
  .48332E0       .0E0       .0E0 
  .30476E0       .0E0       .0E0 
 .64983E-1       .1E1       .0E0 
      .0E0       .0E0       .1E1 

  7.853000E-01

      .1E1 

PB:cc-pwCVDZ-PP
EMSL BASIS SET LIBRARY

  4
    0    1    2    3
    5    4    3    1
    9    7    7    1

  3.745830E+01  2.331700E+01  1.457590E+01  6.433760E+00  1.667190E+00
  8.077320E-01  2.270840E-01  8.425200E-02  6.807000E-01

 .24824E-1   .6785E-2       .0E0       .0E0       .0E0 
 -.18106E0 -.60187E-1       .0E0       .0E0       .0E0 
  .50071E0   .18897E0       .0E0       .0E0       .0E0 
 -.97974E0  -.42484E0       .0E0       .0E0       .0E0 
  .96663E0   .62204E0       .0E0       .0E0       .0E0 
  .43649E0   .31609E0       .0E0       .0E0       .0E0 
 .13686E-1  -.75947E0       .1E1       .0E0       .0E0 
 -.2021E-2  -.51513E0       .0E0       .1E1       .0E0 
      .0E0       .0E0       .0E0       .0E0       .1E1 

  1.061860E+01  7.187810E+00  1.894390E+00  8.167090E-01  2.036880E-01
  6.497300E-02  4.905000E-01

  .17017E0 -.47954E-1       .0E0       .0E0 
 -.42418E0   .12456E0       .0E0       .0E0 
  .69344E0  -.25978E0       .0E0       .0E0 
  .47377E0  -.14148E0       .0E0       .0E0 
 .29047E-1   .53177E0       .0E0       .0E0 
 -.4386E-2   .60876E0       .1E1       .0E0 
      .0E0       .0E0       .0E0       .1E1 

  1.372660E+01  6.989830E+00  2.173520E+00  1.028120E+00  4.558570E-01
  1.822000E-01  5.425000E-01

 .10787E-1       .0E0       .0E0 
 -.6665E-1       .0E0       .0E0 
  .33426E0       .0E0       .0E0 
  .48268E0       .0E0       .0E0 
  .30041E0       .0E0       .0E0 
 .63258E-1       .1E1       .0E0 
      .0E0       .0E0       .1E1 

  8.938000E-01

      .1E1 

BI:cc-pwCVDZ-PP
EMSL BASIS SET LIBRARY

  4
    0    1    2    3
    5    4    3    1
    9    7    7    1

  2.118210E+02  2.132620E+01  1.336540E+01  6.946100E+00  1.712290E+00
  8.391070E-01  2.553640E-01  9.670000E-02  7.626000E-01

  .1088E-2    .422E-3       .0E0       .0E0       .0E0 
 -.10586E0 -.38537E-1       .0E0       .0E0       .0E0 
  .53081E0   .21724E0       .0E0       .0E0       .0E0 
 -.10503E1   -.4811E0       .0E0       .0E0       .0E0 
  .99586E0    .7016E0       .0E0       .0E0       .0E0 
  .39895E0   .29052E0       .0E0       .0E0       .0E0 
 .11778E-1  -.79978E0       .1E1       .0E0       .0E0 
  -.147E-2  -.49613E0       .0E0       .1E1       .0E0 
      .0E0       .0E0       .0E0       .0E0       .1E1 

  1.106440E+01  7.450000E+00  2.010690E+00  8.883210E-01  2.363690E-01
  7.929000E-02  5.558000E-01

  .16725E0 -.52201E-1       .0E0       .0E0 
 -.42526E0   .13908E0       .0E0       .0E0 
  .69252E0  -.29356E0       .0E0       .0E0 
  .47537E0  -.15857E0       .0E0       .0E0 
 .29859E-1   .57436E0       .0E0       .0E0 
 -.4493E-2   .57268E0       .1E1       .0E0 
      .0E0       .0E0       .0E0       .1E1 

  1.624610E+01  6.983630E+00  2.374760E+00  1.153720E+00  5.259740E-01
  2.151000E-01  6.194000E-01

  .7808E-2       .0E0       .0E0 
-.66831E-1       .0E0       .0E0 
  .32414E0       .0E0       .0E0 
  .48583E0       .0E0       .0E0 
  .30106E0       .0E0       .0E0 
 .63196E-1       .1E1       .0E0 
      .0E0       .0E0       .1E1 

  1.011000E+00

      .1E1 

PO:cc-pwCVDZ-PP
EMSL BASIS SET LIBRARY

  4
    0    1    2    3
    5    4    3    1
    9    7    7    1

  2.953900E+02  2.126830E+01  1.333790E+01  7.365210E+00  1.789200E+00
  8.849940E-01  2.857870E-01  1.093240E-01  8.403000E-01

  .1383E-2    .683E-3       .0E0       .0E0       .0E0 
 -.10506E0 -.38573E-1       .0E0       .0E0       .0E0 
  .59142E0   .25196E0       .0E0       .0E0       .0E0 
 -.11157E1  -.53302E0       .0E0       .0E0       .0E0 
  .10192E1    .7669E0       .0E0       .0E0       .0E0 
  .37988E0   .28188E0       .0E0       .0E0       .0E0 
 .10781E-1  -.83948E0       .1E1       .0E0       .0E0 
 -.1144E-2  -.47927E0       .0E0       .1E1       .0E0 
      .0E0       .0E0       .0E0       .0E0       .1E1 

  1.150690E+01  7.729910E+00  2.118940E+00  9.553230E-01  2.683520E-01
  8.849400E-02  6.191000E-01

  .16636E0  -.5591E-1       .0E0       .0E0 
 -.42724E0   .15112E0       .0E0       .0E0 
  .69696E0  -.32616E0       .0E0       .0E0 
  .47136E0  -.16141E0       .0E0       .0E0 
 .29987E-1   .60162E0       .0E0       .0E0 
 -.3487E-2   .55597E0       .1E1       .0E0 
      .0E0       .0E0       .0E0       .1E1 

  1.871300E+01  7.057080E+00  2.550620E+00  1.250690E+00  5.742560E-01
  2.330000E-01  6.772000E-01

  .6694E-2       .0E0       .0E0 
-.67104E-1       .0E0       .0E0 
   .3258E0       .0E0       .0E0 
  .49576E0       .0E0       .0E0 
  .29311E0       .0E0       .0E0 
 .54162E-1       .1E1       .0E0 
      .0E0       .0E0       .1E1 

  1.140400E+00

      .1E1 

AT:cc-pwCVDZ-PP
EMSL BASIS SET LIBRARY

  4
    0    1    2    3
    5    4    3    1
    9    7    7    1

  3.040310E+02  2.240850E+01  1.404900E+01  7.589500E+00  1.894940E+00
  9.523580E-01  3.170410E-01  1.224900E-01  9.177000E-01

  .1031E-2    .496E-3       .0E0       .0E0       .0E0 
 -.10187E0 -.38743E-1       .0E0       .0E0       .0E0 
  .56327E0   .24901E0       .0E0       .0E0       .0E0 
 -.11045E1  -.55169E0       .0E0       .0E0       .0E0 
  .10264E1   .81556E0       .0E0       .0E0       .0E0 
  .38332E0    .2868E0       .0E0       .0E0       .0E0 
 .11359E-1  -.86828E0       .1E1       .0E0       .0E0 
  -.114E-2   -.4695E0       .0E0       .1E1       .0E0 
      .0E0       .0E0       .0E0       .0E0       .1E1 

  1.200930E+01  8.033000E+00  2.223930E+00  1.021330E+00  3.012660E-01
  9.990300E-02  6.854000E-01

  .16318E0 -.58363E-1       .0E0       .0E0 
 -.42441E0   .16063E0       .0E0       .0E0 
  .70313E0  -.35894E0       .0E0       .0E0 
  .46417E0  -.16212E0       .0E0       .0E0 
  .3026E-1   .62489E0       .0E0       .0E0 
 -.2618E-2   .53978E0       .1E1       .0E0 
      .0E0       .0E0       .0E0       .1E1 

  2.130840E+01  7.020760E+00  2.768980E+00  1.373140E+00  6.368040E-01
  2.593000E-01  7.494000E-01

  .6141E-2       .0E0       .0E0 
-.70669E-1       .0E0       .0E0 
  .31902E0       .0E0       .0E0 
  .50447E0       .0E0       .0E0 
  .29248E0       .0E0       .0E0 
 .51495E-1       .1E1       .0E0 
      .0E0       .0E0       .1E1 

  1.267700E+00

      .1E1 

RN:cc-pwCVDZ-PP
EMSL BASIS SET LIBRARY

  4
    0    1    2    3
    5    4    3    1
    9    7    7    1

  3.835850E+02  2.329360E+01  1.460960E+01  7.731990E+00  1.994240E+00
  1.024070E+00  3.454220E-01  1.350810E-01  1.016000E+00

  .1572E-2    .902E-3       .0E0       .0E0       .0E0 
-.76181E-1 -.26535E-1       .0E0       .0E0       .0E0 
  .47851E0   .21485E0       .0E0       .0E0       .0E0 
 -.10439E1  -.54538E0       .0E0       .0E0       .0E0 
  .10191E1    .8694E0       .0E0       .0E0       .0E0 
  .39145E0   .27286E0       .0E0       .0E0       .0E0 
 .12782E-1  -.89297E0       .1E1       .0E0       .0E0 
 -.1297E-2  -.45392E0       .0E0       .1E1       .0E0 
      .0E0       .0E0       .0E0       .0E0       .1E1 

  1.249920E+01  8.339760E+00  2.335910E+00  1.090190E+00  3.348980E-01
  1.125460E-01  7.528000E-01

  .16299E0 -.60934E-1       .0E0       .0E0 
 -.42623E0   .16948E0       .0E0       .0E0 
  .71078E0  -.38806E0       .0E0       .0E0 
  .45809E0  -.16128E0       .0E0       .0E0 
 .29213E-1   .64467E0       .0E0       .0E0 
 -.3107E-2   .52553E0       .1E1       .0E0 
      .0E0       .0E0       .0E0       .1E1 

  2.417050E+01  6.945990E+00  3.038090E+00  1.516840E+00  7.091570E-01
  2.888000E-01  8.272000E-01

  .5878E-2       .0E0       .0E0 
 -.7652E-1       .0E0       .0E0 
  .30717E0       .0E0       .0E0 
  .51417E0       .0E0       .0E0 
  .29728E0       .0E0       .0E0 
   .512E-1       .1E1       .0E0 
      .0E0       .0E0       .1E1 

  1.395700E+00

      .1E1 

! ELEMENTS                      REFERENCES
! ---------                       ----------
! O: B. Metz and H. Stoll, private communication (KAP)
! Tl: B. Metz, M. Schweizer, H. Stoll, M. Dolg, W. Liu, Theor. Chem. Acc. 104, 22 (2000).
! Ga-As, In-Sb, Pb-Bi: B. Metz, H. Stoll, M. Dolg, J. Chem. Phys. 113, 2563 (2000).
! Se-Kr, Te-Xe, Po-Rn: K.A. Peterson, D. Figgen, E. Goll, H. Stoll, and M. Dolg, J. Chem. Phys., in press (2003).
! Cu, Zn, Ag, Cd, Au, Hg: D. Figgen, G. Rauhut, M. Dolg, and H. Stoll, Chem. Phys. 311, 227 (2005).
! Y Zr Nb Mo Tc Ru Rh Pd : K.A. Peterson, D. Figgen, M. Dolg, H. Stoll, Energy-consistent relativistic pseudopotentials and correlation consistent basis sets for the 4d elements Y-Pd, Journal of Chemical Physics 126, 124101 (2007).
! I: K. A. Peterson, B. C. Shepler, D. Figgen, H. Stoll, On the spectroscopic and thermochemical properties of ClO, BrO, IO, and their anions, Journal of Physical Chemistry A 110, 13877 (2006).
! Hf Ta W Re Os Ir Pt: D. Figgen, K.A. Peterson, M. Dolg, and H. Stoll, Energy-consistent pseudopotentials and correlation consistent basis sets for the 5d elements Hf-Pt, Journal of Chemical Physics 130, 164108 (2009).
! 



!
!  Effective core Potentials 
!  ------------------------- 
*
CU:ECP-10
# ECP from Stuttgart-Koeln MCDHF RSC ECP       - 10 CORE ELECTRONS
*
    NCORE = 10     LMAX =5
g-ul
     0.0000000    2     1.0000000
s-ul
   355.7505120    2    30.1105430
    70.9309060    2    13.0763100
p-ul
    77.9699310    2    32.6926140
   155.9274480    2    32.7703390
    18.0211320    2    13.7510670
    36.0943720    2    13.3221660
d-ul
   -12.3434100    2    38.9965110
   -18.2733620    2    39.5397880
    -0.9847050    2    12.2875110
    -1.3187470    2    11.4593000
f-ul
    -0.2272640    2     6.1901020
    -0.4687730    2     8.1187800
*
ZN:ECP-10
# ECP from Stuttgart-Koeln MCDHF RSC ECP       - 10 CORE ELECTRONS
*
    NCORE = 10     LMAX =5
g-ul
     0.0000000    2     1.0000000
s-ul
   399.9863990    2    34.1740010
    85.4897500    2    14.4563710
p-ul
    92.3810770    2    39.8886830
   184.7711760    2    39.6550170
    23.0025410    2    15.2905460
    46.0574270    2    14.9035240
d-ul
   -13.6907340    2    43.7082960
   -20.5439800    2    43.6985360
    -1.3161540    2    15.1507180
    -1.8387150    2    15.2824410
f-ul
    -0.3703600    2     8.1600140
    -1.0629430    2    12.2284220
*
GA:ECP-10
# ECP from Stuttgart-Koeln MCDHF RSC ECP       - 10 CORE ELECTRONS
*
    NCORE = 10     LMAX =5
g-ul
     0.0000000    2     1.0000000
s-ul
   370.2730400    2    25.8803610
     9.1906150    2     7.9012950
p-ul
    99.1440010    2    45.1491900
   198.2955120    2    44.9799810
    28.4456530    2    17.2242510
    56.9497050    2    16.7473290
d-ul
   -18.1687970    2    51.9688120
   -27.3802730    2    51.6291170
    -1.5870220    2    15.2417380
    -2.5162920    2    15.3201930
     0.0831660    2     4.9185890
     0.2021980    2     4.7551030
f-ul
    -0.6169900    2    10.7622630
    -3.1385840    2    19.8529390
*
GE:ECP-10
# ECP from Stuttgart-Koeln MCDHF RSC ECP       - 10 CORE ELECTRONS
*
    NCORE = 10     LMAX =5
g-ul
     0.0000000    2     1.0000000
s-ul
   370.2360900    2    27.2422250
     9.2146290    2     7.4679480
p-ul
    99.1350340    2    45.5679910
   198.2714540    2    45.5175050
    28.3881210    2    18.2457690
    56.8034710    2    17.6510780
d-ul
   -17.9670850    2    52.7605980
   -26.8155390    2    53.1366630
    -1.3838930    2    14.5640790
    -2.0726630    2    12.6318570
     0.0803340    2     3.9230420
     0.2385290    2     3.7387740
f-ul
    -0.7056800    2    11.4073780
    -2.4759510    2    18.4290540
*
AS:ECP-10
# ECP from Stuttgart-Koeln MCDHF RSC ECP       - 10 CORE ELECTRONS
*
    NCORE = 10     LMAX =5
g-ul
     0.0000000    2     1.0000000
s-ul
   370.1140250    2    28.7251220
     9.3492960    2     6.7676810
p-ul
    99.1421030    2    45.3310640
   198.3078800    2    44.7674150
    28.3830730    2    19.5390900
    56.8714640    2    18.9734710
d-ul
   -18.4851450    2    51.0571520
   -28.1135300    2    50.1513400
    -1.2238950    2    16.1089360
    -1.3457650    2    14.6722230
     0.1017570    2     3.8519270
     0.1703380    2     3.8135020
f-ul
    -0.7752300    2    11.9405840
    -2.1572590    2    17.7611600
*
SE:ECP-10
# ECP from Stuttgart-Koeln MCDHF RSC ECP       - 10 CORE ELECTRONS
*
    NCORE = 10     LMAX =5
g-ul
     0.0000000    2     1.0000000
s-ul
   370.1228880    2    30.0469900
    10.4561680    2     6.9186880
p-ul
    99.1350590    2    45.7730140
   198.2924830    2    45.2946420
    28.3387470    2    20.7396480
    56.7497470    2    20.0286010
d-ul
   -18.5265560    2    50.9417680
   -28.3349210    2    49.5947400
    -0.6960890    2    16.3235220
    -1.1678910    2    14.4651960
     0.0414430    2     3.7753300
     0.2355830    2     3.5019530
f-ul
    -0.7662620    2    11.9508670
    -2.1027420    2    17.8107800
*
BR:ECP-10
# ECP from Stuttgart-Koeln MCDHF RSC ECP       - 10 CORE ELECTRONS
*
    NCORE = 10     LMAX =5
g-ul
     0.0000000    2     1.0000000
s-ul
    49.9628340    2    70.0242570
   370.0142050    2    31.1784120
    10.2414390    2     7.1565930
p-ul
    99.1122440    2    46.7734710
   198.2530460    2    46.1841200
    28.2617400    2    21.7138580
    56.6233660    2    20.9417920
d-ul
   -18.6058530    2    50.6988390
   -27.9232800    2    50.6447640
    -0.3796930    2    15.4475090
    -0.7805830    2    15.5002590
     0.0359680    2     2.8003910
     0.0943970    2     1.0774800
f-ul
    -1.0912690    2    14.4656060
    -2.8876910    2    21.2340650
*
KR:ECP-10
# ECP from Stuttgart-Koeln MCDHF RSC ECP       - 10 CORE ELECTRONS
*
    NCORE = 10     LMAX =5
g-ul
     0.0000000    2     1.0000000
s-ul
    49.9538350    2    70.0344100
   369.9782380    2    31.8959710
    10.0545440    2     7.3537280
p-ul
    99.1018330    2    47.2651830
   198.2325240    2    46.6642680
    28.2046700    2    23.0081330
    56.5167920    2    22.1009790
d-ul
   -18.5888770    2    50.7681650
   -27.8753980    2    50.7822280
    -0.2934110    2    15.4794970
    -0.4693990    2    15.5593830
     0.0688810    2     2.8771540
     0.1322700    2     1.9911960
f-ul
    -1.2233890    2    15.4375670
    -2.9912330    2    22.0557420
*
Y:ECP-28
# ECP from Stuttgart-Koeln MCDHF RSC ECP       - 28 CORE ELECTRONS
*
    NCORE = 28     LMAX =5
g-ul
     0.0000000    2     1.0000000
s-ul
  135.13497400    2    7.85827500
   15.41163200    2    3.38212800
p-ul
   29.25143700    2    6.84979100
   58.50836300    2    6.71009200
    3.78024300    2    3.04215900
    7.67654700    2    2.93733000
d-ul
   11.84991100    2    5.41631500
   17.77810300    2    5.33341600
    2.06238300    2    1.97621200
    3.07565000    2    1.96111100
f-ul
   -6.92807800    2    5.02859000
   -9.15509900    2    5.00558200
*
ZR:ECP-28
# ECP from Stuttgart-Koeln MCDHF RSC ECP       - 28 CORE ELECTRONS
*
    NCORE = 28     LMAX =5
g-ul
     0.0000000    2     1.0000000
s-ul
  150.24299400    2    8.63652800
   18.78003600    2    3.71763900
p-ul
   33.19279100    2    7.62672800
   66.38903900    2    7.45320700
    4.62072600    2    3.35838900
    9.26027000    2    3.22973800
d-ul
   13.99338300    2    5.93808600
   20.99588200    2    5.82554400
    2.28516600    2    2.20501900
    3.44126000    2    2.20629200
f-ul
   -5.23932000    2    4.80021500
   -6.98742400    2    4.79899200
*
NB:ECP-28
# ECP from Stuttgart-Koeln MCDHF RSC ECP       - 28 CORE ELECTRONS
*
    NCORE = 28     LMAX =5
g-ul
     0.0000000    2     1.0000000
s-ul
  165.15673600    2    9.37657800
   21.82395100    2    4.04357200
p-ul
   37.24928400    2    8.36360900
   74.50738900    2    8.16689800
    5.43948600    2    3.69307500
   10.91325200    2    3.55104700
d-ul
   15.21454900    2    6.68910800
   22.83350800    2    6.53719300
    3.00005200    2    2.55111800
    4.55373400    2    2.56789600
f-ul
   -6.28135400    2    5.56828500
   -8.75564400    2    5.67137200
*
MO:ECP-28
# ECP from Stuttgart-Koeln MCDHF RSC ECP       - 28 CORE ELECTRONS
*
    NCORE = 28     LMAX =5
g-ul
     0.0000000    2     1.0000000
s-ul
  180.07685300    2   10.09700000
   24.71592000    2    4.37567000
p-ul
   41.22767800    2    9.12656400
   82.45267000    2    8.86322300
    6.34509200    2    4.04494800
   12.45842300    2    3.86665700
d-ul
   19.30874400    2    7.53575400
   28.97767400    2    7.27897600
    3.18951600    2    2.76320500
    4.70016900    2    2.77208500
f-ul
   -7.17888800    2    6.30663300
   -9.74597800    2    6.35644800
*
TC:ECP-28
# ECP from Stuttgart-Koeln MCDHF RSC ECP       - 28 CORE ELECTRONS
*
    NCORE = 28     LMAX =5
g-ul
     0.0000000    2     1.0000000
s-ul
  195.09130300    2   10.79936900
   27.34041300    2    4.70725700
p-ul
   45.06081200    2    9.82669900
   90.11729500    2    9.56111500
    7.07051700    2    4.37857800
   14.04801900    2    4.19090700
d-ul
   21.65775500    2    8.33604500
   32.47195900    2    8.24453300
    3.78952500    2    3.09370700
    6.05343000    2    3.16872200
f-ul
   -7.99562300    2    7.04094000
  -10.74569600    2    7.06947300
*
RU:ECP-28
# ECP from Stuttgart-Koeln MCDHF RSC ECP       - 28 CORE ELECTRONS
*
    NCORE = 28     LMAX =5
g-ul
     0.0000000    2     1.0000000
s-ul
  209.78649300    2   11.50059000
   30.21430700    2    5.06857500
p-ul
   48.75124400    2   10.53263400
   97.49652900    2   10.19201000
    7.86018800    2    4.73489200
   15.32975100    2    4.50906500
d-ul
   26.96750600    2    8.87797700
   40.43230300    2    8.76612200
    3.34075800    2    3.17019600
    5.25635200    2    3.22885100
f-ul
   -8.84752500    2    7.82024900
  -11.83551800    2    7.83964700
*
RH:ECP-28
# ECP from Stuttgart-Koeln MCDHF RSC ECP       - 28 CORE ELECTRONS
*
    NCORE = 28     LMAX =5
g-ul
     0.0000000    2     1.0000000
s-ul
  225.31205400    2   12.19481600
   32.44158200    2    5.40513700
p-ul
   52.87282600    2   11.28075500
  105.74552600    2   10.92724800
    8.61934400    2    5.09011700
   16.97345900    2    4.85183200
d-ul
   25.10850100    2    9.13633700
   37.69573100    2    8.96480800
    4.20258400    2    3.64361200
    6.29279000    2    3.63600700
f-ul
   -9.67356800    2    8.61622800
  -12.89984700    2    8.62943500
*
PD:ECP-28
# ECP from Stuttgart-Koeln MCDHF RSC ECP       - 28 CORE ELECTRONS
*
    NCORE = 28     LMAX =5
g-ul
     0.0000000    2     1.0000000
s-ul
  240.26278900    2   12.79882500
   34.72996100    2    5.80052800
p-ul
   56.74692900    2   11.87469700
  113.44441700    2   11.47433500
    9.34563900    2    5.51599900
   18.34544700    2    5.24804300
d-ul
   28.59555400    2    8.50221200
   43.45392100    2    7.98332400
    1.85228600    2    3.10762800
    1.40676500    2    2.47673400
f-ul
  -10.98725500    2    9.67957100
  -14.62619000    2    9.69134900
*
AG:ECP-28
# ECP from Stuttgart-Koeln MCDHF RSC ECP       - 28 CORE ELECTRONS
*
    NCORE = 28     LMAX =5
g-ul
     0.0000000    2     1.0000000
s-ul
   255.0547710    2    12.5677140
    36.9833930    2     6.9976620
p-ul
    60.7157050    2    11.3164960
   121.4438890    2    10.9580630
    10.1718660    2     7.1114000
    20.4865640    2     6.7733190
d-ul
    29.5049380    2     8.9284370
    44.0187360    2    11.1025670
     5.3683330    2     5.5432120
     7.4083750    2     3.9288350
f-ul
   -12.6234030    2    11.0129130
   -16.7643270    2    11.0198980
*
CD:ECP-28
# ECP from Stuttgart-Koeln MCDHF RSC ECP       - 28 CORE ELECTRONS
*
    NCORE = 28     LMAX =5
g-ul
     0.0000000    2     1.0000000
s-ul
   270.0394480    2    13.3551760
    38.8777660    2     7.3083780
p-ul
    64.6074700    2    12.6597280
   129.2194450    2    12.2896390
    10.6225580    2     6.7861760
    21.2650460    2     6.4007430
d-ul
    31.6639650    2    11.1617220
    47.4892160    2    11.2196150
     5.1862000    2     4.5377330
     7.5660630    2     4.3357270
f-ul
   -12.6327850    2    11.4789860
   -16.7601710    2    11.4870270
*
IN:ECP-28
# ECP from Stuttgart-Koeln MCDHF RSC ECP       - 28 CORE ELECTRONS
*
    NCORE = 28     LMAX =5
g-ul
     0.0000000    2     1.0000000
s-ul
   281.1223500    2    15.3928220
    61.9014700    2     8.0558640
p-ul
    67.4621540    2    13.9286720
   134.9492500    2    13.3472340
    14.7461400    2     7.6141320
    29.6392620    2     7.3183650
d-ul
    35.4932540    2    14.0347150
    53.1787730    2    14.5116160
     9.1772810    2     5.5505500
    12.3924100    2     5.0594150
f-ul
   -13.7280780    2    12.5390560
   -18.2068660    2    12.5525610
*
SN:ECP-28
# ECP from Stuttgart-Koeln MCDHF RSC ECP       - 28 CORE ELECTRONS
*
    NCORE = 28     LMAX =5
g-ul
     0.0000000    2     1.0000000
s-ul
   279.9886820    2    17.4204140
    62.3778100    2     7.6311550
p-ul
    66.1625230    2    16.1310240
   132.1743960    2    15.6280770
    16.3394170    2     7.3256080
    32.4889590    2     6.9425190
d-ul
    36.3874410    2    15.5149760
    54.5078410    2    15.1881600
     8.6968230    2     5.4560240
    12.8402080    2     5.3631050
f-ul
   -12.5763330    2    12.2823480
   -16.5959440    2    12.2721500
*
SB:ECP-28
# ECP from Stuttgart-Koeln MCDHF RSC ECP       - 28 CORE ELECTRONS
*
    NCORE = 28     LMAX =5
g-ul
     0.0000000    2     1.0000000
s-ul
   281.0715810    2    16.3308650
    61.7166040    2     8.5565420
p-ul
    67.4573800    2    14.4703370
   134.9335030    2    13.8161940
    14.7163440    2     8.4249240
    29.5185120    2     8.0927280
d-ul
    35.4478150    2    14.8863310
    53.1434660    2    15.1463190
     9.1792230    2     5.9082670
    13.2402530    2     5.5943220
f-ul
   -15.3668010    2    14.4449780
   -20.2961380    2    14.4492950
*
TE:ECP-28
# ECP from Stuttgart-Koeln MCDHF RSC ECP       - 28 CORE ELECTRONS
*
    NCORE = 28     LMAX =5
g-ul
     0.0000000    2     1.0000000
s-ul
   281.0458430    2    16.8144730
    61.6206560    2     8.7935260
p-ul
    67.4494640    2    14.8778010
   134.9043040    2    14.2697310
    14.6895470    2     8.7244350
    29.4150630    2     8.2915150
d-ul
    35.4320570    2    15.2050080
    53.1356870    2    15.2258480
     9.0698020    2     6.0717690
    13.1223040    2     5.8047600
f-ul
   -15.7454500    2    15.2061680
   -20.7424480    2    15.2017020
*
I:ECP-28
# ECP from Stuttgart-Koeln MCDHF RSC ECP       - 28 CORE ELECTRONS
*
    NCORE = 28     LMAX =5
g-ul
    0.00000000    2    1.00000000
s-ul
   49.98964900    2   40.03337600
  281.00655600    2   17.30057600
   61.41673900    2    8.85172000
p-ul
   67.41623900    2   15.72014100
  134.80769600    2   15.20822200
   14.56654800    2    8.29418600
   28.96842200    2    7.75394900
d-ul
   35.53875600    2   13.81775100
   53.33975900    2   13.58780500
    9.71646600    2    6.94763000
   14.97750000    2    6.96009900
f-ul
  -20.17661800    2   18.52295000
  -26.08807700    2   18.25103500
   -0.22043400    2    7.55790100
   -0.22164600    2    7.59740400
*
XE:ECP-28
# ECP from Stuttgart-Koeln MCDHF RSC ECP       - 28 CORE ELECTRONS
*
    NCORE = 28     LMAX =5
g-ul
     0.0000000    2     1.0000000
s-ul
    49.9979620    2    40.0051840
   281.0133030    2    17.8122140
    61.5382550    2     9.3041500
p-ul
    67.4391420    2    15.7017720
   134.8747110    2    15.2586080
    14.6633000    2     9.2921840
    29.3547300    2     8.5590030
d-ul
    35.4369080    2    15.1856000
    53.1957720    2    14.2845000
     9.0462320    2     7.1218890
    13.2236810    2     6.9919630
     0.0848530    2     0.6239460
     0.0441550    2     0.6472840
f-ul
   -23.0892950    2    20.8815570
   -30.0744750    2    20.7834430
    -0.2882270    2     5.2533890
    -0.3869240    2     5.3611880
*
HF:ECP-60
# ECP from Stuttgart-Koeln MCDHF RSC ECP       - 60 CORE ELECTRONS
*
    NCORE = 60     LMAX =5
h-ul
    0.00000000    2    1.00000000
s-ul
  478.23740400    2   10.24885600
    0.38802400    4   10.72912700
   -1.07123200    2    1.96485600
p-ul
  101.04681800    2    8.68346200
  212.19776100    2    7.91692000
    0.13264600    4    9.37924300
    0.45310800    4    8.24420900
   -0.40791400    2    1.59668600
   -0.56181700    2    1.71028100
d-ul
   43.11546700    2    5.18955700
   65.93473200    2    5.25322900
    0.02591200    4    5.93787100
    0.03374100    4    5.71290600
   -0.28057900    2    1.01485600
   -0.08484900    2    0.47371200
f-ul
    4.81180100    2    1.91260800
    6.41857400    2    1.88074000
g-ul
   -4.63658500    2    2.72418000
   -5.76728800    2    2.70895300
*
TA:ECP-60
# ECP from Stuttgart-Koeln MCDHF RSC ECP       - 60 CORE ELECTRONS
*
    NCORE = 60     LMAX =5
h-ul
    0.00000000    2    1.00000000
s-ul
  454.60064900    2   10.31806900
    2.83797500    4   10.54026700
   -0.81473600    2    2.57472600
p-ul
   96.91078300    2    8.74334200
  195.85043200    2    7.91622300
    4.81252400    4    9.27573600
    6.33851200    4    8.10167500
   -0.45917300    2    2.07712700
   -0.64458600    2    2.75037200
d-ul
   45.96997600    2    5.44731400
   69.63897200    2    5.21254500
    0.80293300    4    5.88435800
    0.42959500    4    5.64957900
   -0.30722700    2    1.38818000
   -0.46156000    2    1.29439800
f-ul
    5.75777300    2    2.16127500
    7.67816700    2    2.12593900
g-ul
   -5.68406600    2    3.14592000
   -7.06231300    2    3.12794200
*
W:ECP-60
# ECP from Stuttgart-Koeln MCDHF RSC ECP       - 60 CORE ELECTRONS
*
    NCORE = 60     LMAX =5
h-ul
    0.00000000    2    1.00000000
s-ul
  419.22759900    2   11.06379500
   41.19130700    2    8.21764100
p-ul
  107.34811000    2    9.33818800
  214.69956800    2    8.43044800
    0.02544200    4    9.49002000
    0.05189500    4    9.48994700
   -0.11718400    2    1.88299700
    0.29668900    2    1.90697200
d-ul
   58.88127900    2    6.20543300
   98.68355600    2    6.12215700
    0.01953700    4    6.27455600
    0.02195600    4    6.22637500
   -0.08857700    2    1.96387500
   -0.20972600    2    1.88828700
f-ul
    6.23247200    2    2.30795300
    8.31134500    2    2.27060900
g-ul
   -6.80294400    2    3.58349100
   -8.44323200    2    3.56251500
*
RE:ECP-60
# ECP from Stuttgart-Koeln MCDHF RSC ECP       - 60 CORE ELECTRONS
*
    NCORE = 60     LMAX =5
h-ul
    0.00000000    2    1.00000000
s-ul
  421.97030000    2   12.16381400
   50.13443900    2    7.10759500
p-ul
   88.48191000    2    9.68459700
  176.78722000    2    9.47621400
   10.43433800    2    7.66806600
   20.45874300    2    5.05515600
d-ul
   43.16243100    2    6.50988800
   64.76775900    2    6.09121600
    5.34030100    2    4.16400600
    8.24333200    2    4.40737900
f-ul
    7.24454300    2    2.56265800
    9.65926600    2    2.52154900
g-ul
   -7.97494000    2    4.03459900
   -9.88273600    2    4.00962800
*
OS:ECP-60
# ECP from Stuttgart-Koeln MCDHF RSC ECP       - 60 CORE ELECTRONS
*
    NCORE = 60     LMAX =5
h-ul
    0.00000000    2    1.00000000
s-ul
  424.39037600    2   13.00200100
   57.12250300    2    6.96276300
p-ul
   88.27900300    2   10.49894100
  176.48606400    2    9.99252300
   11.71501200    2    6.58824800
   22.91500600    2    5.03716700
d-ul
   44.77770800    2    7.08344100
   67.15364800    2    6.72117900
    5.55038700    2    3.79462600
    8.22010400    2    3.74812500
f-ul
    8.32833200    2    2.82627600
   11.10310200    2    2.78119800
g-ul
   -9.18134300    2    4.49698100
  -11.36160400    2    4.46773800
*
IR:ECP-60
# ECP from Stuttgart-Koeln MCDHF RSC ECP       - 60 CORE ELECTRONS
*
    NCORE = 60     LMAX =5
h-ul
    0.00000000    2    1.00000000
s-ul
  426.95814900    2   13.83147400
   65.33881300    2    7.04791400
p-ul
   88.07544200    2   11.10643300
  176.12477000    2   10.45655200
   12.68226000    2    6.37961400
   24.63594900    2    5.06472600
d-ul
   46.43325800    2    7.54875400
   69.63807400    2    7.26530800
    6.15024800    2    3.80096900
    9.46356000    2    3.71828000
f-ul
    9.48361000    2    3.09870600
   12.64274200    2    3.04946100
g-ul
  -10.41069700    2    4.96979000
  -12.86319600    2    4.93561400
*
PT:ECP-60
# ECP from Stuttgart-Koeln MCDHF RSC ECP       - 60 CORE ELECTRONS
*
    NCORE = 60     LMAX =5
h-ul
    0.00000000    2    1.00000000
s-ul
  429.64608700    2   14.60450000
   73.15688400    2    7.21828700
p-ul
   88.02291700    2   11.57716200
  175.99819600    2   10.88384300
   13.68227400    2    6.42440300
   27.41465100    2    5.22419800
d-ul
   43.55785200    2    7.69961000
   65.36910800    2    7.55080800
    7.01859600    2    3.96116400
   11.39173300    2    3.87277700
f-ul
   10.71022000    2    3.37986900
   14.27812500    2    3.32625500
g-ul
  -11.65174900    2    5.45202000
  -14.37552500    2    5.41258500
*
AU:ECP-60
# ECP from Stuttgart-Koeln MCDHF RSC ECP       - 60 CORE ELECTRONS
*
    NCORE = 60     LMAX =5
h-ul
     0.0000000    2     1.0000000
s-ul
   426.6418670    2    13.5232180
    36.8006680    2     6.2643840
p-ul
    87.0020910    2    11.4138670
   174.0043700    2    10.3292150
     8.8706100    2     5.7074240
    17.9024380    2     4.8281650
d-ul
    49.8836550    2     7.4309630
    74.6845490    2     8.3219900
     6.4862270    2     4.6096420
     9.5468210    2     3.5115070
f-ul
     8.7916400    2     3.0846390
    11.6584560    2     3.0247430
g-ul
    -5.2343370    2     3.9784420
    -6.7381420    2     4.0114910
*
HG:ECP-60
# ECP from Stuttgart-Koeln MCDHF RSC ECP       - 60 CORE ELECTRONS
*
    NCORE = 60     LMAX =5
h-ul
     0.0000000    2     1.0000000
s-ul
   275.7747970    2    12.4130710
    49.2678980    2     6.8979130
p-ul
    80.5069840    2    11.3103200
   161.0348240    2    10.2107730
     9.0834160    2     5.9398040
    18.3677730    2     5.0197550
d-ul
    51.1372560    2     8.4078950
    76.7074590    2     8.2140860
     6.5618210    2     4.0126120
     9.8180700    2     3.7953980
f-ul
     9.4290010    2     3.2731060
    12.4948560    2     3.2083210
g-ul
    -6.3384140    2     4.4852960
    -8.0998630    2     4.5132000
*
TL:ECP-60
# ECP from Stuttgart-Koeln MCDHF RSC ECP       - 60 CORE ELECTRONS
*
    NCORE = 60     LMAX =5
h-ul
     0.0000000    2     1.0000000
s-ul
   281.2846630    2    12.1678050
    62.4342510    2     8.2949090
p-ul
     4.6334080    2     7.1514920
     9.3417560    2     5.1728650
    72.2992530    2     9.8910720
   144.5580370    2     9.0033910
d-ul
    35.9430390    2     7.1302180
    53.9095930    2     6.9269060
    10.3819390    2     5.4175700
    15.5838220    2     5.1386810
f-ul
    15.8254880    2     5.6263990
    21.1040210    2     5.5489520
     2.9151270    2     2.8749460
     3.8969030    2     2.8214510
g-ul
    -7.4945340    2     6.6790570
    -9.5405750    2     6.7068350
    -7.7979920    2     7.2092840
    -9.2595240    2     7.0709640
*
PB:ECP-60
# ECP from Stuttgart-Koeln MCDHF RSC ECP       - 60 CORE ELECTRONS
*
    NCORE = 60     LMAX =5
h-ul
     0.0000000    2     1.0000000
s-ul
   281.2854990    2    12.2963030
    62.5202170    2     8.6326340
p-ul
    72.2768970    2    10.2417900
   144.5910830    2     8.9241760
     4.7586930    2     6.5813420
     9.9406210    2     6.2554030
d-ul
    35.8485070    2     7.7543360
    53.7243420    2     7.7202810
    10.1152560    2     4.9702640
    14.8337310    2     4.5637890
f-ul
    12.2098920    2     3.8875120
    16.1902910    2     3.8119630
g-ul
    -9.0966650    2     5.6915770
   -11.5319960    2     5.7155670
*
BI:ECP-60
# ECP from Stuttgart-Koeln MCDHF RSC ECP       - 60 CORE ELECTRONS
*
    NCORE = 60     LMAX =5
h-ul
     0.0000000    2     1.0000000
s-ul
   283.2642270    2    13.0430900
    62.4719590    2     8.2216820
p-ul
    72.0014990    2    10.4677770
   144.0022770    2     9.1189010
     5.0079450    2     6.7547910
     9.9915500    2     6.2525920
d-ul
    36.3962590    2     8.0814740
    54.5976640    2     7.8905950
     9.9842940    2     4.9555560
    14.9814850    2     4.7045590
f-ul
    13.7133830    2     4.2145460
    18.1943080    2     4.1334000
g-ul
   -10.2474430    2     6.2057090
   -12.9557100    2     6.2277820
*
PO:ECP-60
# ECP from Stuttgart-Koeln MCDHF RSC ECP       - 60 CORE ELECTRONS
*
    NCORE = 60     LMAX =5
h-ul
     0.0000000    2     1.0000000
s-ul
   283.2447060    2    13.2772270
    62.3964610    2     8.3995180
p-ul
    71.9917160    2    10.6656820
   143.9718710    2     9.2837530
     4.9496150    2     6.8727490
     9.7404990    2     6.3261500
d-ul
    36.3783830    2     8.2148660
    54.5627150    2     8.0086960
     9.8894990    2     5.0552270
    14.6938770    2     4.7825530
f-ul
    17.4282950    2     5.0132700
    23.3803530    2     4.9846400
     0.1633920    2     1.3267600
     0.3245660    2     1.5287580
g-ul
   -11.5632940    2     6.7715260
   -14.5097880    2     6.7779250
*
AT:ECP-60
# ECP from Stuttgart-Koeln MCDHF RSC ECP       - 60 CORE ELECTRONS
*
    NCORE = 60     LMAX =5
h-ul
     0.0000000    2     1.0000000
s-ul
    49.9571580    2    30.2008320
   283.2103710    2    13.6123060
    62.2810520    2     8.5293400
p-ul
    71.9823710    2    10.8540650
   143.9035320    2     9.4682290
     4.8717590    2     7.0311140
     8.9830590    2     6.1438580
d-ul
    36.3632370    2     8.3135150
    54.5489700    2     7.9989650
     9.7762850    2     5.1799660
    14.2647550    2     4.9422260
f-ul
    19.8701980    2     5.8121630
    26.4164520    2     5.7537150
     0.9949700    2     2.5134720
     1.4907010    2     2.5362610
g-ul
   -22.2232030    2     9.8957780
   -26.7154760    2     9.7373340
    -0.3730440    2     3.0133310
    -0.4859460    2     3.0977630
*
RN:ECP-60
# ECP from Stuttgart-Koeln MCDHF RSC ECP       - 60 CORE ELECTRONS
*
    NCORE = 60     LMAX =5
h
     0.0000000    2     1.0000000
s-h
    49.9655510    2    30.1512420
   283.0700000    2    14.5212410
    62.0028700    2     8.0520380
p-h
    71.9691190    2    11.0099420
   143.8605590    2     9.6176250
     4.7147610    2     7.3360080
     9.0130650    2     6.4062530
d-h
    36.3683650    2     8.3692200
    54.5517610    2     8.1169750
     9.6344870    2     5.3536560
    14.3879020    2     5.0972120
f-h
    21.7972900    2     6.3485710
    28.9468050    2     6.2959490
     1.4473650    2     2.8821180
     2.1779640    2     2.9080480
g-h
   -25.2280950    2    11.0152050
   -30.5661210    2    10.9098530
    -0.5748000    2     3.4827610
    -0.7795380    2     3.6004180
*


