!  cc-pwCVTZ-NR  EMSL  Basis Set Exchange Library   3/19/13 4:39 PM
! Elements                             References
! --------                             ----------
! Sc - Zn: N.B. Balabanov and K.A. Peterson, J. Chem. Phys., accepted (2005).
!   


SC:cc-pwCVTZ-NR
EMSL BASIS SET LIBRARY

  5
    0    1    2    3    4
    9    8    6    3    2
   22   18   10    3    2

 2715278.00000 406598.400000 92530.0400000 26207.9200000  8549.4290000
  3085.9750000  1203.1720000   498.4869000   216.7360000    97.8747600
    45.2043300    20.2118700     9.5747510     4.5403460     1.9956870
     0.9422150     0.4178450     0.0957610     0.0513510     0.0238780
     2.6295000     0.6174000

 .81472E-5 -.47221E-5  .91399E-6  -.2202E-6 -.37572E-6 -.59628E-6  0.0000000 
 0.0000000  0.0000000 
 .63348E-4 -.36718E-4  .71085E-5 -.17114E-5 -.29819E-5 -.48229E-5  0.0000000 
 0.0000000  0.0000000 
 0.0003330 -0.0001930  .37381E-4 -.90085E-5 -.15226E-4  -.2395E-4  0.0000000 
 0.0000000  0.0000000 
 0.0014040 -0.0008146  0.0001578    -.38E-4 -.66847E-4 -0.0001090  0.0000000 
 0.0000000  0.0000000 
 0.0050817 -0.0029555  0.0005737 -0.0001383 -0.0002313 -0.0003601  0.0000000 
 0.0000000  0.0000000 
 0.0162692 -0.0095200  0.0018592 -0.0004473 -0.0007959 -0.0013112  0.0000000 
 0.0000000  0.0000000 
 0.0462457 -0.0274685  0.0054331 -0.0013106 -0.0021619 -0.0033224  0.0000000 
 0.0000000  0.0000000 
 0.1137223 -0.0699152  0.0142538 -0.0034298 -0.0062064 -0.0103752  0.0000000 
 0.0000000  0.0000000 
 0.2257636 -0.1499251  0.0324614 -0.0078475 -0.0126190 -0.0189217  0.0000000 
 0.0000000  0.0000000 
 0.3106700 -0.2459153  0.0600345 -0.0144718 -0.0273945 -0.0475528  0.0000000 
 0.0000000  0.0000000 
 0.2191906 -0.2401293  0.0691610 -0.0169066 -0.0233651 -0.0293169  0.0000000 
 0.0000000  0.0000000 
 0.0721587  0.0356798 -0.0211308  0.0053961 -0.0057346 -0.0309008  0.0000000 
 0.0000000  0.0000000 
 0.1187030  0.4915023 -0.2666832  0.0667106  0.1536025  0.3074597  0.0000000 
 0.0000000  0.0000000 
 0.1220532  0.4911381 -0.4367591  0.1178356  0.1447100  0.1803100  0.0000000 
 0.0000000  0.0000000 
 0.0213679  0.0912063  0.0649824 -0.0273813  0.0935969  0.2358178  0.0000000 
 0.0000000  0.0000000 
-0.0005357 -0.0053567  0.7009599 -0.2260149 -0.8687730 -2.3885440  0.0000000 
 0.0000000  0.0000000 
 0.0002435  0.0008812  0.4515562 -0.3073539  0.0211459  2.3294070  0.0000000 
 0.0000000  0.0000000 
-.87966E-4 -0.0007605  0.0301191  0.2544054  2.2754980  0.9918252  0.0000000 
 0.0000000  0.0000000 
 .78782E-4  0.0006340 -0.0132948  0.5981590 -1.1907700 -3.5072400  0.0000000 
 0.0000000  0.0000000 
-.16372E-4 -0.0001556  0.0046336  0.3115202 -0.7674257  2.2628040  1.0000000 
 0.0000000  0.0000000 
 0.0000000  0.0000000  0.0000000  0.0000000  0.0000000  0.0000000  0.0000000 
 1.0000000  0.0000000 
 0.0000000  0.0000000  0.0000000  0.0000000  0.0000000  0.0000000  0.0000000 
 0.0000000  1.0000000 

 10592.1900000  2507.5330000   814.4571000   311.5195000   131.9617000
    59.9871800    28.6625000    14.1085100     7.1037060     3.6092000
     1.7760700     0.8547600     0.4022390     0.1546650     0.0649450
     0.0263590     3.4350000     0.8071000

 0.0000450 -0.0000150 -0.0000040  0.0000040  0.0000090  0.0000000  0.0000000 
 0.0000000 
 0.0004010 -0.0001310 -0.0000320  0.0000390  0.0000740  0.0000000  0.0000000 
 0.0000000 
 0.0023020 -0.0007570 -0.0001850  0.0002210  0.0004790  0.0000000  0.0000000 
 0.0000000 
 0.0100370 -0.0033180 -0.0008080  0.0009840  0.0018690  0.0000000  0.0000000 
 0.0000000 
 0.0349540 -0.0117060 -0.0028700  0.0034230  0.0074240  0.0000000  0.0000000 
 0.0000000 
 0.0979090 -0.0336040 -0.0082070  0.0099930  0.0187630  0.0000000  0.0000000 
 0.0000000 
 0.2106800 -0.0748790 -0.0184730  0.0219160  0.0487170  0.0000000  0.0000000 
 0.0000000 
 0.3300930 -0.1225480 -0.0301010  0.0370080  0.0654400  0.0000000  0.0000000 
 0.0000000 
 0.3310270 -0.1302760 -0.0329430  0.0377940  0.1079480  0.0000000  0.0000000 
 0.0000000 
 0.1579600  0.0145960  0.0079580 -0.0043790 -0.0587130  0.0000000  0.0000000 
 0.0000000 
 0.0220990  0.3091840  0.0879930 -0.1101640 -0.1703060  0.0000000  0.0000000 
 0.0000000 
-0.0016050  0.4629980  0.1523770 -0.1610170 -0.7549770  0.0000000  0.0000000 
 0.0000000 
-0.0013260  0.3049570  0.0971700 -0.1824820  0.6201170  0.0000000  0.0000000 
 0.0000000 
-0.0002800  0.0508780 -0.2569380  0.3886110  1.1675480  0.0000000  0.0000000 
 0.0000000 
 0.0000340 -0.0044930 -0.5878150  0.6911000 -1.0095310  0.0000000  0.0000000 
 0.0000000 
-0.0000130  0.0018320 -0.3054210  0.0796040 -0.1889910  1.0000000  0.0000000 
 0.0000000 
 0.0000000  0.0000000  0.0000000  0.0000000  0.0000000  0.0000000  1.0000000 
 0.0000000 
 0.0000000  0.0000000  0.0000000  0.0000000  0.0000000  0.0000000  0.0000000 
 1.0000000 

    50.5138000    14.7405000     5.1950000     2.0284600     0.8040860
     0.3076890     0.1113920     0.0373520     1.8543000     0.7921000

 0.0042660 -0.0043890  0.0058590  0.0000000  0.0000000  0.0000000 
 0.0277080 -0.0283630  0.0373230  0.0000000  0.0000000  0.0000000 
 0.1000010 -0.1051370  0.1419240  0.0000000  0.0000000  0.0000000 
 0.2315810 -0.2348540  0.3068960  0.0000000  0.0000000  0.0000000 
 0.3460330 -0.3246090  0.3081890  0.0000000  0.0000000  0.0000000 
 0.3733740 -0.0642890 -0.7607170  0.0000000  0.0000000  0.0000000 
 0.2642880  0.6017490 -0.2047750  0.0000000  0.0000000  0.0000000 
 0.0636670  0.3903000  0.7892710  1.0000000  0.0000000  0.0000000 
 0.0000000  0.0000000  0.0000000  0.0000000  1.0000000  0.0000000 
 0.0000000  0.0000000  0.0000000  0.0000000  0.0000000  1.0000000 

     2.1138000     0.6649000     0.1665000

 1.0000000  0.0000000  0.0000000 
 0.0000000  1.0000000  0.0000000 
 0.0000000  0.0000000  1.0000000 

     1.7981000     0.4187000

 1.0000000  0.0000000 
 0.0000000  1.0000000 

TI:cc-pwCVTZ-NR
EMSL BASIS SET LIBRARY

  5
    0    1    2    3    4
    9    8    6    3    2
   22   18   10    3    2

 3014643.00000 451432.900000 102733.800000 29098.1700000  9492.3300000
  3426.3460000  1335.8960000   553.5026000   240.6925000   108.7293000
    50.2645700    22.5800400    10.7143200     5.0935460     2.2441830
     1.0595700     0.4688490     0.1061430     0.0552620     0.0254650
     2.9409000     0.7072000

 .80608E-5 -.46305E-5  .92306E-6 -.21803E-6 -.39751E-6 -.63025E-6  0.0000000 
 0.0000000  0.0000000 
 .62675E-4 -.36005E-4   .7179E-5 -.16949E-5 -.31611E-5 -.50846E-5  0.0000000 
 0.0000000  0.0000000 
 0.0003295 -0.0001893  .37751E-4 -.89192E-5 -.16094E-4 -.25345E-4  0.0000000 
 0.0000000  0.0000000 
 0.0013892 -0.0007988  0.0001594 -.37636E-4 -.70929E-4 -0.0001148  0.0000000 
 0.0000000  0.0000000 
 0.0050284 -0.0028986  0.0005795 -0.0001369 -0.0002442 -0.0003817  0.0000000 
 0.0000000  0.0000000 
 0.0161041 -0.0093397  0.0018784 -0.0004432 -0.0008457 -0.0013796  0.0000000 
 0.0000000  0.0000000 
 0.0458123 -0.0269746  0.0054927 -0.0012988 -0.0022822 -0.0035316  0.0000000 
 0.0000000  0.0000000 
 0.1128613 -0.0687891  0.0144329 -0.0034067 -0.0066198 -0.0109222  0.0000000 
 0.0000000  0.0000000 
 0.2248193 -0.1481037  0.0329640 -0.0078108 -0.0133502 -0.0202955  0.0000000 
 0.0000000  0.0000000 
 0.3114571 -0.2445253  0.0612549 -0.0144924 -0.0295583 -0.0502440  0.0000000 
 0.0000000  0.0000000 
 0.2224995 -0.2419916  0.0713411 -0.0170813 -0.0247703 -0.0331630  0.0000000 
 0.0000000  0.0000000 
 0.0729312  0.0318379 -0.0197315  0.0048976 -0.0084146 -0.0309806  0.0000000 
 0.0000000  0.0000000 
 0.1160683  0.4932686 -0.2741869  0.0675310  0.1693855  0.3244673  0.0000000 
 0.0000000  0.0000000 
 0.1194774  0.4939655 -0.4440977  0.1173318  0.1500787  0.2155689  0.0000000 
 0.0000000  0.0000000 
 0.0209786  0.0919631  0.0777608 -0.0298502  0.0978777  0.1499616  0.0000000 
 0.0000000  0.0000000 
-0.0005091 -0.0053169  0.7068444 -0.2277634 -0.9653608 -2.4207410  0.0000000 
 0.0000000  0.0000000 
 0.0002217  0.0008085  0.4413892 -0.2928115  0.1489721  2.5308740  0.0000000 
 0.0000000  0.0000000 
-.76369E-4 -0.0006918  0.0279976  0.2665300  2.1911790  0.3423600  0.0000000 
 0.0000000  0.0000000 
 .77195E-4  0.0006086 -0.0121079  0.5912406 -1.2433250 -2.7337220  0.0000000 
 0.0000000  0.0000000 
-.11491E-4 -0.0001313  0.0043247  0.3037229 -0.6711916  2.0062680  1.0000000 
 0.0000000  0.0000000 
 0.0000000  0.0000000  0.0000000  0.0000000  0.0000000  0.0000000  0.0000000 
 1.0000000  0.0000000 
 0.0000000  0.0000000  0.0000000  0.0000000  0.0000000  0.0000000  0.0000000 
 0.0000000  1.0000000 

 11912.0300000  2819.9470000   915.9479000   350.3842000   148.4825000
    67.5394400    32.3033200    15.9278600     8.0380350     4.0939160
     2.0223900     0.9761020     0.4595950     0.1771520     0.0735170
     0.0294010     4.0136000     0.9399000

 0.0000440 -0.0000150  0.0000040  0.0000040  0.0000090  0.0000000  0.0000000 
 0.0000000 
 0.0003910 -0.0001310  0.0000310  0.0000390  0.0000730  0.0000000  0.0000000 
 0.0000000 
 0.0022480 -0.0007550  0.0001820  0.0002230  0.0004680  0.0000000  0.0000000 
 0.0000000 
 0.0098230 -0.0033190  0.0007950  0.0009920  0.0018560  0.0000000  0.0000000 
 0.0000000 
 0.0343380 -0.0117500  0.0028330  0.0034760  0.0072930  0.0000000  0.0000000 
 0.0000000 
 0.0966660 -0.0339220  0.0081540  0.0101720  0.0188560  0.0000000  0.0000000 
 0.0000000 
 0.2094170 -0.0761640  0.0184720  0.0225760  0.0484050  0.0000000  0.0000000 
 0.0000000 
 0.3301890 -0.1257020  0.0304000  0.0382380  0.0673780  0.0000000  0.0000000 
 0.0000000 
 0.3319360 -0.1330980  0.0330470  0.0393370  0.1045410  0.0000000  0.0000000 
 0.0000000 
 0.1584880  0.0174060 -0.0082510 -0.0061060 -0.0537600  0.0000000  0.0000000 
 0.0000000 
 0.0223100  0.3151650 -0.0885540 -0.1129620 -0.1917490  0.0000000  0.0000000 
 0.0000000 
-0.0015660  0.4618140 -0.1496120 -0.1681140 -0.6947200  0.0000000  0.0000000 
 0.0000000 
-0.0013240  0.2998560 -0.0942270 -0.1659320  0.5601620  0.0000000  0.0000000 
 0.0000000 
-0.0002710  0.0500000  0.2508460  0.3914030  1.1813360  0.0000000  0.0000000 
 0.0000000 
 0.0000320 -0.0042300  0.5866430  0.6818400 -0.9932720  0.0000000  0.0000000 
 0.0000000 
-0.0000120  0.0017250  0.3135350  0.0840310 -0.2096810  1.0000000  0.0000000 
 0.0000000 
 0.0000000  0.0000000  0.0000000  0.0000000  0.0000000  0.0000000  1.0000000 
 0.0000000 
 0.0000000  0.0000000  0.0000000  0.0000000  0.0000000  0.0000000  0.0000000 
 1.0000000 

    64.0130000    18.8179000     6.7287000     2.6641300     1.0786800
     0.4232090     0.1559990     0.0518840     2.3844000     1.0825000

 0.0038870 -0.0039700  0.0064180  0.0000000  0.0000000  0.0000000 
 0.0263990 -0.0268730  0.0438090  0.0000000  0.0000000  0.0000000 
 0.0975110 -0.1022750  0.1723250  0.0000000  0.0000000  0.0000000 
 0.2328480 -0.2377280  0.3753320  0.0000000  0.0000000  0.0000000 
 0.3531520 -0.3121140  0.2249470  0.0000000  0.0000000  0.0000000 
 0.3721860 -0.0423780 -0.7919070  0.0000000  0.0000000  0.0000000 
 0.2476720  0.5886580 -0.1044280  0.0000000  0.0000000  0.0000000 
 0.0582360  0.4103020  0.7135420  1.0000000  0.0000000  0.0000000 
 0.0000000  0.0000000  0.0000000  0.0000000  1.0000000  0.0000000 
 0.0000000  0.0000000  0.0000000  0.0000000  0.0000000  1.0000000 

     2.8524000     0.9730000     0.2836000

 1.0000000  0.0000000  0.0000000 
 0.0000000  1.0000000  0.0000000 
 0.0000000  0.0000000  1.0000000 

     2.4861000     0.7251000

 1.0000000  0.0000000 
 0.0000000  1.0000000 

V:cc-pwCVTZ-NR
EMSL BASIS SET LIBRARY

  5
    0    1    2    3    4
    9    8    6    3    2
   22   18   10    3    2

 3321857.00000 497435.600000 113202.700000 32063.3300000 10459.6200000
  3775.5060000  1472.0400000   609.9331000   265.2634000   119.8607000
    55.4489100    24.9837200    11.8805600     5.6603110     2.4957030
     1.1778660     0.5200440     0.1159650     0.0589380     0.0269460
     3.2861000     0.8209000

   .804E-5  -.4503E-5  .93206E-6 -.21589E-6 -.40934E-6   -.654E-6  0.0000000 
 0.0000000  0.0000000 
 .62514E-4 -.35013E-4  .72493E-5 -.16785E-5  -.3259E-5 -.52674E-5  0.0000000 
 0.0000000  0.0000000 
 0.0003286 -0.0001841   .3812E-4 -.88312E-5 -.16564E-4 -.26321E-4  0.0000000 
 0.0000000  0.0000000 
 0.0013856 -0.0007769  0.0001610 -.37278E-4 -.73167E-4 -0.0001188  0.0000000 
 0.0000000  0.0000000 
 0.0050162 -0.0028195  0.0005852 -0.0001356 -0.0002512 -0.0003968  0.0000000 
 0.0000000  0.0000000 
 0.0160693 -0.0090874  0.0018975 -0.0004392 -0.0008732 -0.0014274  0.0000000 
 0.0000000  0.0000000 
 0.0457424 -0.0262713  0.0055509 -0.0012869 -0.0023476 -0.0036791  0.0000000 
 0.0000000  0.0000000 
 0.1128544 -0.0671272  0.0146058 -0.0033821 -0.0068531 -0.0113077  0.0000000 
 0.0000000  0.0000000 
 0.2254344 -0.1451130  0.0334297 -0.0077656 -0.0137642 -0.0212822  0.0000000 
 0.0000000  0.0000000 
 0.3140461 -0.2412483  0.0623572 -0.0144798 -0.0308467 -0.0521827  0.0000000 
 0.0000000  0.0000000 
 0.2267819 -0.2416314  0.0731243 -0.0171550 -0.0256220 -0.0359901  0.0000000 
 0.0000000  0.0000000 
 0.0733406  0.0306736 -0.0191147  0.0046101 -0.0100512 -0.0308875  0.0000000 
 0.0000000  0.0000000 
 0.1102474  0.4970415 -0.2817249  0.0682783  0.1795330  0.3380657  0.0000000 
 0.0000000  0.0000000 
 0.1131358  0.4958875 -0.4488151  0.1161368  0.1522400  0.2389559  0.0000000 
 0.0000000  0.0000000 
 0.0197129  0.0918186  0.0920269 -0.0327704  0.0948388  0.0760906  0.0000000 
 0.0000000  0.0000000 
-0.0004719 -0.0053925  0.7110117 -0.2280000 -1.0148760 -2.4081130  0.0000000 
 0.0000000  0.0000000 
 0.0001861  0.0007102  0.4309274 -0.2793991  0.2308810  2.6335920  0.0000000 
 0.0000000  0.0000000 
-.62086E-4 -0.0006363  0.0260458  0.2771165  2.1133210 -0.0535851  0.0000000 
 0.0000000  0.0000000 
 .72953E-4  0.0005979 -0.0110104  0.5852999 -1.2530480 -2.2301350  0.0000000 
 0.0000000  0.0000000 
-.63621E-5 -0.0001100  0.0041063  0.2963946 -0.6139502  1.8207870  1.0000000 
 0.0000000  0.0000000 
 0.0000000  0.0000000  0.0000000  0.0000000  0.0000000  0.0000000  0.0000000 
 1.0000000  0.0000000 
 0.0000000  0.0000000  0.0000000  0.0000000  0.0000000  0.0000000  0.0000000 
 0.0000000  1.0000000 

 13273.2000000  3142.1260000  1020.5880000   390.4407000   165.5043000
    75.3200600    36.0550300    17.8043600     9.0029290     4.5945440
     2.2767600     1.1011780     0.5186380     0.2005650     0.0812910
     0.0317950     4.6602000     1.0852000

 0.0000430 -0.0000150  0.0000040  0.0000040  0.0000090  0.0000000  0.0000000 
 0.0000000 
 0.0003840 -0.0001310  0.0000320  0.0000390  0.0000750  0.0000000  0.0000000 
 0.0000000 
 0.0022100 -0.0007550  0.0001830  0.0002230  0.0004790  0.0000000  0.0000000 
 0.0000000 
 0.0096780 -0.0033250  0.0008020  0.0009960  0.0019060  0.0000000  0.0000000 
 0.0000000 
 0.0339360 -0.0118110  0.0028620  0.0034980  0.0075120  0.0000000  0.0000000 
 0.0000000 
 0.0959170 -0.0342560  0.0082870  0.0102960  0.0195300  0.0000000  0.0000000 
 0.0000000 
 0.2088530 -0.0773630  0.0188700  0.0229620  0.0504020  0.0000000  0.0000000 
 0.0000000 
 0.3306600 -0.1284560  0.0313070  0.0392080  0.0706850  0.0000000  0.0000000 
 0.0000000 
 0.3323120 -0.1350780  0.0336600  0.0399430  0.1087750  0.0000000  0.0000000 
 0.0000000 
 0.1581880  0.0208380 -0.0094790 -0.0071210 -0.0585360  0.0000000  0.0000000 
 0.0000000 
 0.0222520  0.3204990 -0.0923130 -0.1162250 -0.2154480  0.0000000  0.0000000 
 0.0000000 
-0.0015650  0.4602600 -0.1489890 -0.1694960 -0.6773420  0.0000000  0.0000000 
 0.0000000 
-0.0013530  0.2953460 -0.0836440 -0.1553740  0.5859790  0.0000000  0.0000000 
 0.0000000 
-0.0002650  0.0490460  0.2493390  0.3950220  1.1291080  0.0000000  0.0000000 
 0.0000000 
 0.0000290 -0.0038240  0.5805150  0.6789080 -0.9740510  0.0000000  0.0000000 
 0.0000000 
-0.0000110  0.0015850  0.3223800  0.0831220 -0.1952640  1.0000000  0.0000000 
 0.0000000 
 0.0000000  0.0000000  0.0000000  0.0000000  0.0000000  0.0000000  1.0000000 
 0.0000000 
 0.0000000  0.0000000  0.0000000  0.0000000  0.0000000  0.0000000  0.0000000 
 1.0000000 

    77.6115000    22.9159000     8.2795400     3.3099300     1.3586300
     0.5413500     0.2023560     0.0675680     2.9240000     1.3597000

 0.0035950 -0.0038180  0.0060010  0.0000000  0.0000000  0.0000000 
 0.0252100 -0.0267170  0.0422060  0.0000000  0.0000000  0.0000000 
 0.0947860 -0.1036900  0.1707510  0.0000000  0.0000000  0.0000000 
 0.2303630 -0.2476890  0.3855180  0.0000000  0.0000000  0.0000000 
 0.3528940 -0.3115230  0.2062040  0.0000000  0.0000000  0.0000000 
 0.3704140 -0.0228270 -0.7786690  0.0000000  0.0000000  0.0000000 
 0.2457180  0.5697260 -0.1147210  0.0000000  0.0000000  0.0000000 
 0.0609930  0.4194930  0.7270620  1.0000000  0.0000000  0.0000000 
 0.0000000  0.0000000  0.0000000  0.0000000  1.0000000  0.0000000 
 0.0000000  0.0000000  0.0000000  0.0000000  0.0000000  1.0000000 

     3.6389000     1.2977000     0.4125000

 1.0000000  0.0000000  0.0000000 
 0.0000000  1.0000000  0.0000000 
 0.0000000  0.0000000  1.0000000 

     3.3597000     1.1368000

 1.0000000  0.0000000 
 0.0000000  1.0000000 

CR:cc-pwCVTZ-NR
EMSL BASIS SET LIBRARY

  5
    0    1    2    3    4
    9    8    6    3    2
   22   18   10    3    2

 6177194.00000 924929.500000 210486.500000 59620.0500000 19450.7600000
  7022.0560000  2738.7630000  1135.8140000   495.0923000   224.7487000
   105.3836000    50.1935900    22.2495700    10.9826500     5.3836650
     2.3436850     1.1052020     0.4878480     0.0895990     0.0334230
     4.7880000     1.1404000

 .41287E-5 -.23018E-5   .4863E-6 -.11025E-6  .21799E-6  -.3669E-6  0.0000000 
 0.0000000  0.0000000 
 .32108E-4 -.17895E-4  .37766E-5 -.85302E-6  .16129E-5 -.27684E-5  0.0000000 
 0.0000000  0.0000000 
 0.0001688 -.94162E-4  .19907E-4 -.45204E-5  .91118E-5  -.1521E-4  0.0000000 
 0.0000000  0.0000000 
 0.0007128 -0.0003975  .83892E-4 -.18916E-4  .35006E-4 -.60663E-4  0.0000000 
 0.0000000  0.0000000 
 0.0025893 -0.0014470  0.0003065 -.69743E-4  0.0001435 -0.0002374  0.0000000 
 0.0000000  0.0000000 
 0.0083773 -0.0046946  0.0009944 -0.0002237  0.0004035 -0.0007077  0.0000000 
 0.0000000  0.0000000 
 0.0244172 -0.0138238  0.0029619 -0.0006754  0.0014251 -0.0023343  0.0000000 
 0.0000000  0.0000000 
 0.0636513 -0.0367464  0.0079694 -0.0017893  0.0031140 -0.0055550  0.0000000 
 0.0000000  0.0000000 
 0.1427618 -0.0864718  0.0195501 -0.0044778  0.0098144 -0.0158514  0.0000000 
 0.0000000  0.0000000 
 0.2541275 -0.1696735  0.0408503 -0.0091401  0.0147469 -0.0273788  0.0000000 
 0.0000000  0.0000000 
 0.3009512 -0.2507089  0.0692900 -0.0161056  0.0391151 -0.0610697  0.0000000 
 0.0000000  0.0000000 
 0.1766513 -0.1961156  0.0614698 -0.0133487  0.0091708 -0.0288722  0.0000000 
 0.0000000  0.0000000 
 0.0693670  0.1457244 -0.0698130  0.0142602  0.0155987  0.0068137  0.0000000 
 0.0000000  0.0000000 
 0.1179579  0.5466706 -0.3517597  0.0893169 -0.2816844  0.4327670  0.0000000 
 0.0000000  0.0000000 
 0.0891618  0.3979434 -0.3828629  0.0888527 -0.0068952  0.1968410  0.0000000 
 0.0000000  0.0000000 
 0.0110363  0.0527700  0.2676401 -0.0636877 -0.1769781 -0.3764657  0.0000000 
 0.0000000  0.0000000 
-0.0003546 -0.0043745  0.7175950 -0.2783262  1.4430610 -2.0524730  0.0000000 
 0.0000000  0.0000000 
 0.0001057  0.0003204  0.3020814 -0.1830071 -1.0293180  2.9757410  0.0000000 
 0.0000000  0.0000000 
 .11146E-4 -.51421E-4  0.0077495  0.6790937 -1.3076670 -2.2117050  0.0000000 
 0.0000000  0.0000000 
 .26614E-4  0.0001584  0.0002696  0.4672953  1.5038420  1.3701880  1.0000000 
 0.0000000  0.0000000 
 0.0000000  0.0000000  0.0000000  0.0000000  0.0000000  0.0000000  0.0000000 
 1.0000000  0.0000000 
 0.0000000  0.0000000  0.0000000  0.0000000  0.0000000  0.0000000  0.0000000 
 0.0000000  1.0000000 

 14454.2000000  3421.6760000  1111.3870000   425.1918000   180.2623000
    82.0611700    39.2972600    19.4195900     9.8288990     5.0168100
     2.4870910     1.1987800     0.5586950     0.2089240     0.0846080
     0.0332580     5.2509000     1.2051000

 0.0000440 -0.0000150  0.0000040  0.0000040  0.0000100  0.0000000  0.0000000 
 0.0000000 
 0.0003890 -0.0001350  0.0000320  0.0000400  0.0000790  0.0000000  0.0000000 
 0.0000000 
 0.0022410 -0.0007770  0.0001850  0.0002290  0.0005120  0.0000000  0.0000000 
 0.0000000 
 0.0098210 -0.0034270  0.0008100  0.0010190  0.0020230  0.0000000  0.0000000 
 0.0000000 
 0.0344710 -0.0121890  0.0029060  0.0036020  0.0080550  0.0000000  0.0000000 
 0.0000000 
 0.0974600 -0.0353880  0.0083910  0.0105500  0.0207720  0.0000000  0.0000000 
 0.0000000 
 0.2119850 -0.0799150  0.0191930  0.0237020  0.0542240  0.0000000  0.0000000 
 0.0000000 
 0.3339900 -0.1323350  0.0315640  0.0399880  0.0746850  0.0000000  0.0000000 
 0.0000000 
 0.3301370 -0.1354010  0.0334170  0.0404370  0.1159890  0.0000000  0.0000000 
 0.0000000 
 0.1522270  0.0320080 -0.0129070 -0.0120740 -0.0765840  0.0000000  0.0000000 
 0.0000000 
 0.0204250  0.3338490 -0.0936590 -0.1189390 -0.2439310  0.0000000  0.0000000 
 0.0000000 
-0.0013600  0.4617730 -0.1499770 -0.1781000 -0.6801810  0.0000000  0.0000000 
 0.0000000 
-0.0011950  0.2812900 -0.0672340 -0.1238650  0.7336640  0.0000000  0.0000000 
 0.0000000 
-0.0001970  0.0418430  0.2707590  0.4297220  0.9991200  0.0000000  0.0000000 
 0.0000000 
 0.0000230 -0.0040020  0.5758070  0.6507860 -1.0170810  0.0000000  0.0000000 
 0.0000000 
-0.0000090  0.0015210  0.3011210  0.0641710 -0.1200910  1.0000000  0.0000000 
 0.0000000 
 0.0000000  0.0000000  0.0000000  0.0000000  0.0000000  0.0000000  1.0000000 
 0.0000000 
 0.0000000  0.0000000  0.0000000  0.0000000  0.0000000  0.0000000  0.0000000 
 1.0000000 

    88.5768000    26.2045000     9.5174700     3.8224800     1.5751200
     0.6289280     0.2344240     0.0768150     3.4077000     1.5922000

 0.0036210 -0.0041220  0.0059540  0.0000000  0.0000000  0.0000000 
 0.0257660 -0.0293070  0.0425320  0.0000000  0.0000000  0.0000000 
 0.0975560 -0.1150620  0.1745110  0.0000000  0.0000000  0.0000000 
 0.2363120 -0.2730680  0.3939000  0.0000000  0.0000000  0.0000000 
 0.3582860 -0.3144230  0.1492790  0.0000000  0.0000000  0.0000000 
 0.3685430  0.0420970 -0.8102450  0.0000000  0.0000000  0.0000000 
 0.2354940  0.5914030  0.0109110  0.0000000  0.0000000  0.0000000 
 0.0531560  0.3582150  0.7014040  1.0000000  0.0000000  0.0000000 
 0.0000000  0.0000000  0.0000000  0.0000000  1.0000000  0.0000000 
 0.0000000  0.0000000  0.0000000  0.0000000  0.0000000  1.0000000 

     4.3857000     1.6018000     0.5315000

 1.0000000  0.0000000  0.0000000 
 0.0000000  1.0000000  0.0000000 
 0.0000000  0.0000000  1.0000000 

     4.0730000     1.4459000

 1.0000000  0.0000000 
 0.0000000  1.0000000 

MN:cc-pwCVTZ-NR
EMSL BASIS SET LIBRARY

  5
    0    1    2    3    4
    9    8    6    3    2
   22   18   10    3    2

 3960805.00000 593115.500000 134976.800000 38230.6700000 12471.5400000
  4501.7430000  1755.2120000   727.3039000   316.3678000   143.0098000
    66.2180500    29.9189600    14.3031800     6.8394510     3.0123740
     1.4188080     0.6236240     0.1340980     0.0655480     0.0295840
     4.1090000     1.0656000

 .82421E-5 -.39361E-5  .94627E-6 -.20954E-6 -.41212E-6 -.68055E-6  0.0000000 
 0.0000000  0.0000000 
 .64086E-4 -.30605E-4  .73606E-5 -.16294E-5 -.32821E-5 -.54605E-5  0.0000000 
 0.0000000  0.0000000 
 0.0003369 -0.0001609  .38699E-4 -.85706E-5 -.16674E-4 -.27439E-4  0.0000000 
 0.0000000  0.0000000 
 0.0014206 -0.0006792  0.0001635 -.36193E-4   -.737E-4 -0.0001230  0.0000000 
 0.0000000  0.0000000 
 0.0051436 -0.0024661  0.0005941 -0.0001316 -0.0002529 -0.0004146  0.0000000 
 0.0000000  0.0000000 
 0.0164856 -0.0079576  0.0019277 -0.0004266 -0.0008801 -0.0014751  0.0000000 
 0.0000000  0.0000000 
 0.0469856 -0.0230724  0.0056417 -0.0012502 -0.0023654 -0.0038591  0.0000000 
 0.0000000  0.0000000 
 0.1162437 -0.0593295  0.0148784 -0.0032946 -0.0069263 -0.0116840  0.0000000 
 0.0000000  0.0000000 
 0.2335277 -0.1299451  0.0341478 -0.0075818 -0.0139385 -0.0225718  0.0000000 
 0.0000000  0.0000000 
 0.3292837 -0.2212352  0.0640579 -0.0142286 -0.0314384 -0.0539975  0.0000000 
 0.0000000  0.0000000 
 0.2440304 -0.2292550  0.0755765 -0.0169379 -0.0262574 -0.0403235  0.0000000 
 0.0000000  0.0000000 
 0.0721980  0.0358073 -0.0194607  0.0044542 -0.0104831 -0.0274252  0.0000000 
 0.0000000  0.0000000 
 0.0768780  0.5107602 -0.2957874  0.0686704  0.1856472  0.3485593  0.0000000 
 0.0000000  0.0000000 
 0.0785223  0.5008307 -0.4521170  0.1113335  0.1524839  0.2757818  0.0000000 
 0.0000000  0.0000000 
 0.0129410  0.0901183  0.1224531 -0.0390082  0.0741136 -0.0549981  0.0000000 
 0.0000000  0.0000000 
-0.0003784 -0.0069099  0.7169756 -0.2215755 -1.0180970 -2.2925450  0.0000000 
 0.0000000  0.0000000 
-.25032E-4 -0.0001912  0.4092712 -0.2544359  0.2980372  2.6356440  0.0000000 
 0.0000000  0.0000000 
-.24215E-4 -0.0006032  0.0222196  0.2865866  1.9719890 -0.3379113  0.0000000 
 0.0000000  0.0000000 
 .34621E-4  0.0005621 -0.0090112  0.5755741 -1.1792530 -1.7896070  0.0000000 
 0.0000000  0.0000000 
 .42615E-6 -0.0001021  0.0036917  0.2898778 -0.5837703  1.6289360  1.0000000 
 0.0000000  0.0000000 
 0.0000000  0.0000000  0.0000000  0.0000000  0.0000000  0.0000000  0.0000000 
 1.0000000  0.0000000 
 0.0000000  0.0000000  0.0000000  0.0000000  0.0000000  0.0000000  0.0000000 
 0.0000000  1.0000000 

 16205.8600000  3836.2740000  1246.0480000   476.7535000   202.1895000
    92.0948700    44.1472000    21.8546800    11.0859600     5.6741080
     2.8231700     1.3686210     0.6444310     0.2483820     0.0972550
     0.0366330     6.0291000     1.3874000

 0.0000420 -0.0000150  0.0000030  0.0000040  0.0000100  0.0000000  0.0000000 
 0.0000000 
 0.0003730 -0.0001290  0.0000300  0.0000400  0.0000810  0.0000000  0.0000000 
 0.0000000 
 0.0021490 -0.0007480  0.0001720  0.0002260  0.0005120  0.0000000  0.0000000 
 0.0000000 
 0.0094450 -0.0033080  0.0007620  0.0010130  0.0020710  0.0000000  0.0000000 
 0.0000000 
 0.0332970 -0.0118110  0.0027260  0.0035750  0.0081110  0.0000000  0.0000000 
 0.0000000 
 0.0947590 -0.0345330  0.0079760  0.0106120  0.0215570  0.0000000  0.0000000 
 0.0000000 
 0.2081440 -0.0787850  0.0182870  0.0239020  0.0553160  0.0000000  0.0000000 
 0.0000000 
 0.3318050 -0.1321830  0.0307760  0.0412790  0.0802630  0.0000000  0.0000000 
 0.0000000 
 0.3331750 -0.1371950  0.0323730  0.0414750  0.1177300  0.0000000  0.0000000 
 0.0000000 
 0.1576010  0.0270750 -0.0099780 -0.0094580 -0.0650690  0.0000000  0.0000000 
 0.0000000 
 0.0214450  0.3288910 -0.0905290 -0.1236950 -0.2829140  0.0000000  0.0000000 
 0.0000000 
-0.0025580  0.4572800 -0.1380040 -0.1743920 -0.6491660  0.0000000  0.0000000 
 0.0000000 
-0.0020270  0.2889080 -0.0779650 -0.1291700  0.6925670  0.0000000  0.0000000 
 0.0000000 
-0.0003600  0.0474330  0.2295600  0.4003480  0.9789900  0.0000000  0.0000000 
 0.0000000 
 0.0000340 -0.0035220  0.5761220  0.6696460 -0.9213570  0.0000000  0.0000000 
 0.0000000 
-0.0000130  0.0014560  0.3485380  0.0827320 -0.1699150  1.0000000  0.0000000 
 0.0000000 
 0.0000000  0.0000000  0.0000000  0.0000000  0.0000000  0.0000000  1.0000000 
 0.0000000 
 0.0000000  0.0000000  0.0000000  0.0000000  0.0000000  0.0000000  0.0000000 
 1.0000000 

   100.6630000    29.8336000    10.8894000     4.3935800     1.8178200
     0.7278270     0.2712950     0.0883090     3.9425000     1.8487000

 0.0035790 -0.0034540  0.0056850  0.0000000  0.0000000  0.0000000 
 0.0258270 -0.0249250  0.0411710  0.0000000  0.0000000  0.0000000 
 0.0985590 -0.0976350  0.1693220  0.0000000  0.0000000  0.0000000 
 0.2383270 -0.2366920  0.3859120  0.0000000  0.0000000  0.0000000 
 0.3587070 -0.2923500  0.1869090  0.0000000  0.0000000  0.0000000 
 0.3650920 -0.0049730 -0.6781130  0.0000000  0.0000000  0.0000000 
 0.2337380  0.5065880 -0.2582600  0.0000000  0.0000000  0.0000000 
 0.0566180  0.4979510  0.7679850  1.0000000  0.0000000  0.0000000 
 0.0000000  0.0000000  0.0000000  0.0000000  1.0000000  0.0000000 
 0.0000000  0.0000000  0.0000000  0.0000000  0.0000000  1.0000000 

     5.1816000     1.9232000     0.6543000

 1.0000000  0.0000000  0.0000000 
 0.0000000  1.0000000  0.0000000 
 0.0000000  0.0000000  1.0000000 

     4.7538000     1.7335000

 1.0000000  0.0000000 
 0.0000000  1.0000000 

FE:cc-pwCVTZ-NR
EMSL BASIS SET LIBRARY

  5
    0    1    2    3    4
    9    8    6    3    2
   22   18   10    3    2

 4316265.00000 646342.400000 147089.700000 41661.5200000 13590.7700000
  4905.7500000  1912.7460000   792.6043000   344.8065000   155.8999000
    72.2309100    32.7250600    15.6676200     7.5034830     3.3122230
     1.5584710     0.6839140     0.1467570     0.0705830     0.0314490
     4.6116000     1.2169000

 .80488E-5  -.4156E-5  .95322E-6  -.2063E-6 -.40094E-6  -.6966E-6  0.0000000 
 0.0000000  0.0000000 
 .62583E-4 -.32314E-4  .74146E-5 -.16042E-5 -.31893E-5  -.5568E-5  0.0000000 
 0.0000000  0.0000000 
 0.0003290 -0.0001699  .38984E-4 -.84384E-5 -.16231E-4 -.28137E-4  0.0000000 
 0.0000000  0.0000000 
 0.0013873 -0.0007171  0.0001647 -.35632E-4 -.71579E-4 -0.0001252  0.0000000 
 0.0000000  0.0000000 
 0.0050232 -0.0026036  0.0005985 -0.0001295 -0.0002463 -0.0004260  0.0000000 
 0.0000000  0.0000000 
 0.0161014 -0.0083991  0.0019423 -0.0004201 -0.0008544 -0.0014990  0.0000000 
 0.0000000  0.0000000 
 0.0459003 -0.0243410  0.0056872 -0.0012319 -0.0023075 -0.0039791  0.0000000 
 0.0000000  0.0000000 
 0.1136154 -0.0625194  0.0150132 -0.0032489 -0.0067282 -0.0118568  0.0000000 
 0.0000000  0.0000000 
 0.2283869 -0.1365929  0.0345245 -0.0074937 -0.0136616 -0.0234673  0.0000000 
 0.0000000  0.0000000 
 0.3221159 -0.2312707  0.0649582 -0.0141010 -0.0306224 -0.0546773  0.0000000 
 0.0000000  0.0000000 
 0.2383661 -0.2383734  0.0771619 -0.0169160 -0.0263113 -0.0439382  0.0000000 
 0.0000000  0.0000000 
 0.0740466  0.0312383 -0.0187341  0.0042189 -0.0097601 -0.0237610  0.0000000 
 0.0000000  0.0000000 
 0.0921419  0.5086818 -0.3009185  0.0683381  0.1801906  0.3435928  0.0000000 
 0.0000000  0.0000000 
 0.0933979  0.4987695 -0.4554661  0.1098201  0.1529634  0.3192960  0.0000000 
 0.0000000  0.0000000 
 0.0157396  0.0903355  0.1286463 -0.0400900  0.0550541 -0.1343207  0.0000000 
 0.0000000  0.0000000 
-0.0004186 -0.0060053  0.7183316 -0.2174739 -0.9551364 -2.2210200  0.0000000 
 0.0000000  0.0000000 
 .53763E-4  0.0002312  0.4051743 -0.2465135  0.2586813  2.5711420  0.0000000 
 0.0000000  0.0000000 
-.38167E-4 -0.0005643  0.0216822  0.2731435  1.8340490 -0.2292404  0.0000000 
 0.0000000  0.0000000 
 .43196E-4  0.0004992 -0.0083435  0.5748321 -0.9333240 -1.8324520  0.0000000 
 0.0000000  0.0000000 
 -.3401E-5 -0.0001015  0.0036589  0.3012713 -0.6981605  1.5913330  1.0000000 
 0.0000000  0.0000000 
 0.0000000  0.0000000  0.0000000  0.0000000  0.0000000  0.0000000  0.0000000 
 1.0000000  0.0000000 
 0.0000000  0.0000000  0.0000000  0.0000000  0.0000000  0.0000000  0.0000000 
 0.0000000  1.0000000 

 17745.6900000  4200.7210000  1364.4290000   522.0806000   221.4595000
   100.9096000    48.4011500    23.9853600    12.1825000     6.2422980
     3.1109440     1.5099580     0.7108450     0.2731900     0.1042330
     0.0382910     6.7110000     1.6079000

 0.0000410 -0.0000150  0.0000030  0.0000050  0.0000110  0.0000000  0.0000000 
 0.0000000 
 0.0003690 -0.0001300  0.0000290  0.0000420  0.0000870  0.0000000  0.0000000 
 0.0000000 
 0.0021290 -0.0007510  0.0001650  0.0002410  0.0005410  0.0000000  0.0000000 
 0.0000000 
 0.0093690 -0.0033290  0.0007340  0.0010850  0.0022260  0.0000000  0.0000000 
 0.0000000 
 0.0330970 -0.0119120  0.0026260  0.0038310  0.0085930  0.0000000  0.0000000 
 0.0000000 
 0.0944310 -0.0349330  0.0077250  0.0114230  0.0233390  0.0000000  0.0000000 
 0.0000000 
 0.2080770 -0.0799890  0.0177330  0.0257920  0.0588440  0.0000000  0.0000000 
 0.0000000 
 0.3323330 -0.1346360  0.0300550  0.0448180  0.0882890  0.0000000  0.0000000 
 0.0000000 
 0.3329870 -0.1385980  0.0310940  0.0445980  0.1231920  0.0000000  0.0000000 
 0.0000000 
 0.1568430  0.0302780 -0.0100480 -0.0111770 -0.0631860  0.0000000  0.0000000 
 0.0000000 
 0.0215490  0.3332160 -0.0883060 -0.1381340 -0.3549020  0.0000000  0.0000000 
 0.0000000 
-0.0020950  0.4561530 -0.1298240 -0.1882850 -0.6197080  0.0000000  0.0000000 
 0.0000000 
-0.0017390  0.2850510 -0.0769370 -0.1073990  0.8129860  0.0000000  0.0000000 
 0.0000000 
-0.0003000  0.0461440  0.2126610  0.4448630  0.8191180  0.0000000  0.0000000 
 0.0000000 
 0.0000290 -0.0032490  0.5730610  0.6402390 -0.9017050  0.0000000  0.0000000 
 0.0000000 
-0.0000110  0.0013570  0.3696510  0.0644570 -0.1359130  1.0000000  0.0000000 
 0.0000000 
 0.0000000  0.0000000  0.0000000  0.0000000  0.0000000  0.0000000  1.0000000 
 0.0000000 
 0.0000000  0.0000000  0.0000000  0.0000000  0.0000000  0.0000000  0.0000000 
 1.0000000 

   113.3440000    33.6414000    12.3310000     4.9947800     2.0728000
     0.8307530     0.3091780     0.1001300     4.5326000     2.1303000

 0.0035300 -0.0038900  0.0056950  0.0000000  0.0000000  0.0000000 
 0.0257840 -0.0284420  0.0420010  0.0000000  0.0000000  0.0000000 
 0.0991190 -0.1124290  0.1735400  0.0000000  0.0000000  0.0000000 
 0.2390730 -0.2742570  0.4101570  0.0000000  0.0000000  0.0000000 
 0.3571990 -0.3155460  0.1132520  0.0000000  0.0000000  0.0000000 
 0.3621880  0.0571090 -0.7696800  0.0000000  0.0000000  0.0000000 
 0.2364610  0.5636040 -0.0316430  0.0000000  0.0000000  0.0000000 
 0.0601180  0.3846370  0.7137970  1.0000000  0.0000000  0.0000000 
 0.0000000  0.0000000  0.0000000  0.0000000  1.0000000  0.0000000 
 0.0000000  0.0000000  0.0000000  0.0000000  0.0000000  1.0000000 

     6.0522000     2.2818000     0.7920000

 1.0000000  0.0000000  0.0000000 
 0.0000000  1.0000000  0.0000000 
 0.0000000  0.0000000  1.0000000 

     5.5476000     2.0897000

 1.0000000  0.0000000 
 0.0000000  1.0000000 

CO:cc-pwCVTZ-NR
EMSL BASIS SET LIBRARY

  5
    0    1    2    3    4
    9    8    6    3    2
   22   18   10    3    2

 4675675.00000 700161.500000 159337.300000 45130.4600000 14722.3800000
  5314.2220000  2072.0180000   858.6188000   373.5497000   168.9229000
    78.2963900    35.5212300    17.0414400     8.1730000     3.6103180
     1.6970470     0.7435320     0.1583440     0.0750360     0.0330910
     5.1431000     1.3580000

  .7979E-5 -.42002E-5  .95927E-6 -.20288E-6 -.38631E-6 -.71747E-6  0.0000000 
 0.0000000  0.0000000 
 .62041E-4 -.32658E-4  .74619E-5 -.15776E-5 -.30688E-5 -.57222E-5  0.0000000 
 0.0000000  0.0000000 
 0.0003261 -0.0001717  .39231E-4 -.82988E-5 -.15648E-4  -.2901E-4  0.0000000 
 0.0000000  0.0000000 
 0.0013753 -0.0007247  0.0001657 -.35042E-4 -.68836E-4 -0.0001285  0.0000000 
 0.0000000  0.0000000 
 0.0049799 -0.0026314  0.0006024 -0.0001274 -0.0002377 -0.0004398  0.0000000 
 0.0000000  0.0000000 
 0.0159643 -0.0084892  0.0019552 -0.0004132 -0.0008213 -0.0015375  0.0000000 
 0.0000000  0.0000000 
 0.0455208 -0.0246061  0.0057263 -0.0012122 -0.0022296 -0.0041160  0.0000000 
 0.0000000  0.0000000 
 0.1127385 -0.0632205  0.0151298 -0.0031993 -0.0064678 -0.0121551  0.0000000 
 0.0000000  0.0000000 
 0.2268262 -0.1381957  0.0348397 -0.0073909 -0.0132546 -0.0244044  0.0000000 
 0.0000000  0.0000000 
 0.3203074 -0.2340680  0.0657035 -0.0139364 -0.0294668 -0.0560197  0.0000000 
 0.0000000  0.0000000 
 0.2374021 -0.2415002  0.0783150 -0.0167857 -0.0259906 -0.0468944  0.0000000 
 0.0000000  0.0000000 
 0.0747768  0.0303531 -0.0187703  0.0041498 -0.0084998 -0.0216882  0.0000000 
 0.0000000  0.0000000 
 0.0958187  0.5101341 -0.3062663  0.0679764  0.1727316  0.3477789  0.0000000 
 0.0000000  0.0000000 
 0.0964991  0.4974939 -0.4566429  0.1075807  0.1512189  0.3500597  0.0000000 
 0.0000000  0.0000000 
 0.0162336  0.0897074  0.1378169 -0.0416602  0.0355450 -0.2048551  0.0000000 
 0.0000000  0.0000000 
-0.0004535 -0.0059410  0.7193676 -0.2128044 -0.8829353 -2.1632110  0.0000000 
 0.0000000  0.0000000 
 .51135E-4  0.0002175  0.3992579 -0.2381360  0.2143530  2.5240910  0.0000000 
 0.0000000  0.0000000 
-.41745E-4 -0.0005480  0.0207993  0.2650788  1.7118650 -0.1590011  0.0000000 
 0.0000000  0.0000000 
 .40276E-4  0.0004525 -0.0078206  0.5722774 -0.7140037 -1.8252670  0.0000000 
 0.0000000  0.0000000 
-.57891E-5 -0.0001066  0.0035339  0.3091556 -0.8027727  1.5342070  1.0000000 
 0.0000000  0.0000000 
 0.0000000  0.0000000  0.0000000  0.0000000  0.0000000  0.0000000  0.0000000 
 1.0000000  0.0000000 
 0.0000000  0.0000000  0.0000000  0.0000000  0.0000000  0.0000000  0.0000000 
 0.0000000  1.0000000 

 19267.7800000  4560.9860000  1481.4360000   566.8671000   240.4910000
   109.6105000    52.5949100    26.0836100    13.2614300     6.7997780
     3.3934140     1.6487660     0.7762820     0.2980030     0.1136180
     0.0416240     7.6909000     1.7617000

 0.0000410 -0.0000150 -0.0000030  0.0000050  0.0000110  0.0000000  0.0000000 
 0.0000000 
 0.0003690 -0.0001310 -0.0000290  0.0000450  0.0000920  0.0000000  0.0000000 
 0.0000000 
 0.0021280 -0.0007580 -0.0001670  0.0002550  0.0005630  0.0000000  0.0000000 
 0.0000000 
 0.0093720 -0.0033630 -0.0007420  0.0011440  0.0023540  0.0000000  0.0000000 
 0.0000000 
 0.0331550 -0.0120540 -0.0026620  0.0040610  0.0089760  0.0000000  0.0000000 
 0.0000000 
 0.0947520 -0.0354240 -0.0078410  0.0120950  0.0248100  0.0000000  0.0000000 
 0.0000000 
 0.2090930 -0.0812870 -0.0180510  0.0274760  0.0615800  0.0000000  0.0000000 
 0.0000000 
 0.3337220 -0.1369080 -0.0305800  0.0475570  0.0947770  0.0000000  0.0000000 
 0.0000000 
 0.3322080 -0.1390190 -0.0313120  0.0473020  0.1266930  0.0000000  0.0000000 
 0.0000000 
 0.1546130  0.0354680  0.0113110 -0.0144180 -0.0637540  0.0000000  0.0000000 
 0.0000000 
 0.0209020  0.3384980  0.0899900 -0.1500620 -0.4185660  0.0000000  0.0000000 
 0.0000000 
-0.0020240  0.4544330  0.1307330 -0.1990920 -0.5678650  0.0000000  0.0000000 
 0.0000000 
-0.0016970  0.2797930  0.0718080 -0.0797830  0.8754060  0.0000000  0.0000000 
 0.0000000 
-0.0002800  0.0447760 -0.2216580  0.4590350  0.7182630  0.0000000  0.0000000 
 0.0000000 
 0.0000260 -0.0031510 -0.5710250  0.6174950 -0.8747220  0.0000000  0.0000000 
 0.0000000 
-0.0000100  0.0013170 -0.3637890  0.0646900 -0.1319270  1.0000000  0.0000000 
 0.0000000 
 0.0000000  0.0000000  0.0000000  0.0000000  0.0000000  0.0000000  1.0000000 
 0.0000000 
 0.0000000  0.0000000  0.0000000  0.0000000  0.0000000  0.0000000  0.0000000 
 1.0000000 

   126.2640000    37.5226000    13.8021000     5.6092700     2.3336900
     0.9364150     0.3482370     0.1123530     5.1278000     2.4094000

 0.0035100 -0.0040670  0.0054700  0.0000000  0.0000000  0.0000000 
 0.0258840 -0.0300530  0.0408130  0.0000000  0.0000000  0.0000000 
 0.1000580 -0.1196200  0.1689780  0.0000000  0.0000000  0.0000000 
 0.2405470 -0.2915130  0.4093590  0.0000000  0.0000000  0.0000000 
 0.3568430 -0.3180480  0.0863160  0.0000000  0.0000000  0.0000000 
 0.3595790  0.0916980 -0.7690080  0.0000000  0.0000000  0.0000000 
 0.2366290  0.5608230  0.0033550  0.0000000  0.0000000  0.0000000 
 0.0621290  0.3586780  0.7184230  1.0000000  0.0000000  0.0000000 
 0.0000000  0.0000000  0.0000000  0.0000000  1.0000000  0.0000000 
 0.0000000  0.0000000  0.0000000  0.0000000  0.0000000  1.0000000 

     6.9610000     2.6489000     0.9309000

 1.0000000  0.0000000  0.0000000 
 0.0000000  1.0000000  0.0000000 
 0.0000000  0.0000000  1.0000000 

     6.3721000     2.4709000

 1.0000000  0.0000000 
 0.0000000  1.0000000 

NI:cc-pwCVTZ-NR
EMSL BASIS SET LIBRARY

  5
    0    1    2    3    4
    9    8    6    3    2
   22   18   10    3    2

 5045991.00000 755614.200000 171956.800000 48704.7900000 15888.4100000
  5735.1230000  2236.1370000   926.6468000   403.1743000   182.3476000
    84.5488500    38.3963400    18.4585900     8.8635480     3.9162270
     1.8388700     0.8043620     0.1697970     0.0793060     0.0346770
     5.7408000     1.5172000

  .8209E-5 -.36578E-5  .95941E-6 -.20138E-6 -.39242E-6 -.73036E-6  0.0000000 
 0.0000000  0.0000000 
 .63829E-4 -.28441E-4  .74626E-5 -.15658E-5 -.31139E-5  -.5802E-5  0.0000000 
 0.0000000  0.0000000 
 0.0003355 -0.0001495  .39238E-4 -.82372E-5 -.15904E-4 -.29585E-4  0.0000000 
 0.0000000  0.0000000 
 0.0014150 -0.0006313  0.0001657 -.34781E-4 -.69814E-4 -0.0001301  0.0000000 
 0.0000000  0.0000000 
 0.0051244 -0.0022930  0.0006025 -0.0001265 -0.0002417 -0.0004495  0.0000000 
 0.0000000  0.0000000 
 0.0164325 -0.0074051  0.0019556 -0.0004102 -0.0008326 -0.0015533  0.0000000 
 0.0000000  0.0000000 
 0.0468939 -0.0215203  0.0057303 -0.0012038 -0.0022702 -0.0042198  0.0000000 
 0.0000000  0.0000000 
 0.1163534 -0.0556097  0.0151475 -0.0031790 -0.0065574 -0.0122541  0.0000000 
 0.0000000  0.0000000 
 0.2350511 -0.1230176  0.0349349 -0.0073538 -0.0135428 -0.0251970  0.0000000 
 0.0000000  0.0000000 
 0.3350184 -0.2130104  0.0659807 -0.0138902 -0.0298976 -0.0562171  0.0000000 
 0.0000000  0.0000000 
 0.2534779 -0.2265837  0.0789308 -0.0167787 -0.0269310 -0.0502222  0.0000000 
 0.0000000  0.0000000 
 0.0730090  0.0354679 -0.0190624  0.0041633 -0.0078276 -0.0167741  0.0000000 
 0.0000000  0.0000000 
 0.0618424  0.5181697 -0.3095921  0.0681470  0.1741667  0.3388021  0.0000000 
 0.0000000  0.0000000 
 0.0630295  0.5025630 -0.4558610  0.1061029  0.1595468  0.3984975  0.0000000 
 0.0000000  0.0000000 
 0.0100806  0.0895567  0.1482931 -0.0433998  0.0199555 -0.3032053  0.0000000 
 0.0000000  0.0000000 
-0.0002244 -0.0070313  0.7134039 -0.2094950 -0.8897000 -2.0796190  0.0000000 
 0.0000000  0.0000000 
-.59328E-4 -0.0004339  0.3976063 -0.2310271  0.2486892  2.5005420  0.0000000 
 0.0000000  0.0000000 
-.11586E-4 -0.0005831  0.0229552  0.2590532  1.6130120 -0.2169002  0.0000000 
 0.0000000  0.0000000 
 .81151E-5  0.0004228 -0.0091517  0.5691426 -0.5990277 -1.7091780  0.0000000 
 0.0000000  0.0000000 
-.16817E-5 -0.0001266  0.0038754  0.3158125 -0.8369078  1.4691660  1.0000000 
 0.0000000  0.0000000 
 0.0000000  0.0000000  0.0000000  0.0000000  0.0000000  0.0000000  0.0000000 
 1.0000000  0.0000000 
 0.0000000  0.0000000  0.0000000  0.0000000  0.0000000  0.0000000  0.0000000 
 0.0000000  1.0000000 

 21027.9200000  4977.5600000  1616.7400000   618.6718000   262.5183000
   119.6907000    57.4658500    28.5282900    14.5214800     7.4538500
     3.7235530     1.8098130     0.8513360     0.3248140     0.1195220
     0.0423660     8.6879000     2.0080000

 0.0000410 -0.0000150  0.0000030  0.0000060  0.0000110  0.0000000  0.0000000 
 0.0000000 
 0.0003630 -0.0001290  0.0000260  0.0000530  0.0000950  0.0000000  0.0000000 
 0.0000000 
 0.0020970 -0.0007490  0.0001520  0.0003050  0.0005800  0.0000000  0.0000000 
 0.0000000 
 0.0092500 -0.0033280  0.0006780  0.0013640  0.0024510  0.0000000  0.0000000 
 0.0000000 
 0.0327960 -0.0119470  0.0024270  0.0048760  0.0092820  0.0000000  0.0000000 
 0.0000000 
 0.0940040 -0.0352420  0.0072010  0.0145030  0.0260090  0.0000000  0.0000000 
 0.0000000 
 0.2082800 -0.0812040  0.0165780  0.0332960  0.0640960  0.0000000  0.0000000 
 0.0000000 
 0.3336540 -0.1374930  0.0283920  0.0574820  0.1007100  0.0000000  0.0000000 
 0.0000000 
 0.3329040 -0.1392260  0.0285990  0.0587020  0.1325390  0.0000000  0.0000000 
 0.0000000 
 0.1553720  0.0360160 -0.0101320 -0.0199040 -0.0650890  0.0000000  0.0000000 
 0.0000000 
 0.0208590  0.3391280 -0.0829120 -0.1946950 -0.4897560  0.0000000  0.0000000 
 0.0000000 
-0.0024400  0.4504720 -0.1159980 -0.2396130 -0.4984550  0.0000000  0.0000000 
 0.0000000 
-0.0019980  0.2817830 -0.0727950 -0.0022320  0.9663570  0.0000000  0.0000000 
 0.0000000 
-0.0003380  0.0478980  0.1956400  0.5214350  0.5283790  0.0000000  0.0000000 
 0.0000000 
 0.0000350 -0.0029870  0.5670990  0.5455400 -0.8676760  0.0000000  0.0000000 
 0.0000000 
-0.0000120  0.0013090  0.3952700  0.0436220 -0.1044560  1.0000000  0.0000000 
 0.0000000 
 0.0000000  0.0000000  0.0000000  0.0000000  0.0000000  0.0000000  1.0000000 
 0.0000000 
 0.0000000  0.0000000  0.0000000  0.0000000  0.0000000  0.0000000  0.0000000 
 1.0000000 

   140.2527000    41.7261000    15.3981000     6.2771000     2.6185000
     1.0526000     0.3916000     0.1262000     5.7882000     2.7127000

 0.0033760 -0.0034950  0.0050520  0.0000000  0.0000000  0.0000000 
 0.0251410 -0.0260150  0.0380870  0.0000000  0.0000000  0.0000000 
 0.0977460 -0.1038760  0.1561130  0.0000000  0.0000000  0.0000000 
 0.2347090 -0.2520700  0.3861560  0.0000000  0.0000000  0.0000000 
 0.3469450 -0.2945800  0.1756050  0.0000000  0.0000000  0.0000000 
 0.3510680  0.0011520 -0.6268070  0.0000000  0.0000000  0.0000000 
 0.2502550  0.4385890 -0.3427750  0.0000000  0.0000000  0.0000000 
 0.1000820  0.5436260  0.7918190  1.0000000  0.0000000  0.0000000 
 0.0000000  0.0000000  0.0000000  0.0000000  1.0000000  0.0000000 
 0.0000000  0.0000000  0.0000000  0.0000000  0.0000000  1.0000000 

     8.0748000     3.1196000     1.1286000

 1.0000000  0.0000000  0.0000000 
 0.0000000  1.0000000  0.0000000 
 0.0000000  0.0000000  1.0000000 

     7.3562000     2.9771000

 1.0000000  0.0000000 
 0.0000000  1.0000000 

CU:cc-pwCVTZ-NR
EMSL BASIS SET LIBRARY

  5
    0    1    2    3    4
    9    8    6    3    2
   22   18   10    3    2

 5430321.00000 813166.500000 185054.400000 52414.6600000 17098.6800000
  6171.9940000  2406.4810000   997.2584000   433.9289000   196.2869000
    91.0428000    41.3842500    19.9327800     9.5818910     4.2345160
     1.9858140     0.8670830     0.1813390     0.0836570     0.0362670
     6.3233000     1.6459000

  .7801E-5 -.44047E-5  .97047E-6 -.19594E-6 -.35322E-6 -.75083E-6  0.0000000 
 0.0000000  0.0000000 
 .60657E-4 -.34248E-4  .75492E-5 -.15235E-5 -.27988E-5  -.5972E-5  0.0000000 
 0.0000000  0.0000000 
 0.0003188 -0.0001801  .39689E-4 -.80148E-5 -.14325E-4 -.30397E-4  0.0000000 
 0.0000000  0.0000000 
 0.0013446 -0.0007600  0.0001677  -.3384E-4 -.62709E-4 -0.0001340  0.0000000 
 0.0000000  0.0000000 
 0.0048690 -0.0027593  0.0006095 -0.0001231 -0.0002179 -0.0004615  0.0000000 
 0.0000000  0.0000000 
 0.0156101 -0.0089009  0.0019788 -0.0003992 -0.0007474 -0.0016010  0.0000000 
 0.0000000  0.0000000 
 0.0445207 -0.0257937  0.0057980 -0.0011719 -0.0020492 -0.0043309  0.0000000 
 0.0000000  0.0000000 
 0.1103111 -0.0662386  0.0153415 -0.0030961 -0.0058852 -0.0126543  0.0000000 
 0.0000000  0.0000000 
 0.2220342 -0.1445927  0.0354048 -0.0071719 -0.0122688 -0.0258686  0.0000000 
 0.0000000  0.0000000 
 0.3133739 -0.2440110  0.0670209 -0.0135662 -0.0268314 -0.0583542  0.0000000 
 0.0000000  0.0000000 
 0.2315121 -0.2504837  0.0802694 -0.0164398 -0.0247926 -0.0513232  0.0000000 
 0.0000000  0.0000000 
 0.0764092  0.0285257 -0.0192723  0.0041076 -0.0059847 -0.0190895  0.0000000 
 0.0000000  0.0000000 
 0.1103818  0.5115874 -0.3160129  0.0669396  0.1557124  0.3586116  0.0000000 
 0.0000000  0.0000000 
 0.1094372  0.4928061 -0.4573162  0.1028221  0.1436683  0.3885818  0.0000000 
 0.0000000  0.0000000 
 0.0183631  0.0878843  0.1550841 -0.0442294  0.0083741 -0.3057106  0.0000000 
 0.0000000  0.0000000 
-0.0006043 -0.0058202  0.7202872 -0.2031191 -0.7460711 -2.0698960  0.0000000 
 0.0000000  0.0000000 
 .50922E-4  0.0002013  0.3885122 -0.2230022  0.1244367  2.4317740  0.0000000 
 0.0000000  0.0000000 
-.55407E-4 -0.0005182  0.0192432  0.2517975  1.5101100 -0.0212197  0.0000000 
 0.0000000  0.0000000 
 .39695E-4  0.0003731 -0.0071038  0.5650091 -0.3477122 -1.8202510  0.0000000 
 0.0000000  0.0000000 
-.12695E-4 -0.0001193  0.0032729  0.3247243 -0.9774169  1.4345850  1.0000000 
 0.0000000  0.0000000 
 0.0000000  0.0000000  0.0000000  0.0000000  0.0000000  0.0000000  0.0000000 
 1.0000000  0.0000000 
 0.0000000  0.0000000  0.0000000  0.0000000  0.0000000  0.0000000  0.0000000 
 0.0000000  1.0000000 

 22760.5700000  5387.6790000  1749.9450000   669.6653000   284.1948000
   129.6077000    62.2541500    30.9296400    15.7582700     8.0942110
     4.0469210     1.9678690     0.9252950     0.3529920     0.1273070
     0.0443560     9.6845000     2.2065000

 0.0000400 -0.0000150  0.0000030  0.0000050  0.0000110  0.0000000  0.0000000 
 0.0000000 
 0.0003610 -0.0001310  0.0000250  0.0000490  0.0000960  0.0000000  0.0000000 
 0.0000000 
 0.0020830 -0.0007550  0.0001470  0.0002780  0.0005900  0.0000000  0.0000000 
 0.0000000 
 0.0091970 -0.0033590  0.0006560  0.0012530  0.0024840  0.0000000  0.0000000 
 0.0000000 
 0.0326600 -0.0120810  0.0023510  0.0044470  0.0094630  0.0000000  0.0000000 
 0.0000000 
 0.0937950 -0.0357030  0.0070040  0.0133700  0.0264530  0.0000000  0.0000000 
 0.0000000 
 0.2082740 -0.0825020  0.0161310  0.0304690  0.0656890  0.0000000  0.0000000 
 0.0000000 
 0.3339930 -0.1398900  0.0277700  0.0534470  0.1027320  0.0000000  0.0000000 
 0.0000000 
 0.3324930 -0.1407290  0.0275670  0.0526390  0.1370410  0.0000000  0.0000000 
 0.0000000 
 0.1547280  0.0387660 -0.0101150 -0.0168810 -0.0709610  0.0000000  0.0000000 
 0.0000000 
 0.0212710  0.3426950 -0.0810090 -0.1794480 -0.5047080  0.0000000  0.0000000 
 0.0000000 
-0.0016900  0.4523100 -0.1104090 -0.2095880 -0.4780560  0.0000000  0.0000000 
 0.0000000 
-0.0015160  0.2770540 -0.0717320 -0.0396330  0.9428920  0.0000000  0.0000000 
 0.0000000 
-0.0002420  0.0438850  0.1879300  0.5021300  0.5446990  0.0000000  0.0000000 
 0.0000000 
 0.0000230 -0.0028020  0.5646290  0.5811110 -0.8327660  0.0000000  0.0000000 
 0.0000000 
-0.0000090  0.0011520  0.4070000  0.0456660 -0.1084160  1.0000000  0.0000000 
 0.0000000 
 0.0000000  0.0000000  0.0000000  0.0000000  0.0000000  0.0000000  1.0000000 
 0.0000000 
 0.0000000  0.0000000  0.0000000  0.0000000  0.0000000  0.0000000  0.0000000 
 1.0000000 

   173.8970000    51.8869000    19.3419000     7.9757200     3.3982300
     1.4093200     0.5488580     0.1901990     6.9242000     3.3410000

 0.0027000 -0.0033630  0.0041330  0.0000000  0.0000000  0.0000000 
 0.0209090 -0.0260790  0.0330850  0.0000000  0.0000000  0.0000000 
 0.0844080 -0.1082310  0.1383360  0.0000000  0.0000000  0.0000000 
 0.2139990 -0.2822170  0.3901660  0.0000000  0.0000000  0.0000000 
 0.3359800 -0.3471900  0.1698420  0.0000000  0.0000000  0.0000000 
 0.3573010  0.0267110 -0.6830180  0.0000000  0.0000000  0.0000000 
 0.2645780  0.4920470 -0.2657970  0.0000000  0.0000000  0.0000000 
 0.1039720  0.4384220  0.8380630  1.0000000  0.0000000  0.0000000 
 0.0000000  0.0000000  0.0000000  0.0000000  1.0000000  0.0000000 
 0.0000000  0.0000000  0.0000000  0.0000000  0.0000000  1.0000000 

     9.2215000     3.5468000     1.2797000

 1.0000000  0.0000000  0.0000000 
 0.0000000  1.0000000  0.0000000 
 0.0000000  0.0000000  1.0000000 

     8.3127000     3.4835000

 1.0000000  0.0000000 
 0.0000000  1.0000000 

ZN:cc-pwCVTZ-NR
EMSL BASIS SET LIBRARY

  5
    0    1    2    3    4
    9    8    6    3    2
   22   18   10    3    2

 5820021.00000 871523.400000 198335.000000 56176.3100000 18325.8200000
  6614.9550000  2579.1990000  1068.8490000   465.1045000   210.4130000
    97.6162900    44.3802000    21.4230800    10.3089100     4.5536450
     2.1328210     0.9296970     0.1921470     0.0875950     0.0377020
     7.0381000     1.8099000

 .85492E-5 -.26401E-5  .99671E-6  .19958E-6 -.54359E-6  .80408E-6  0.0000000 
 0.0000000  0.0000000 
 .66474E-4 -.20527E-4  .77542E-5   .1553E-5 -.43369E-5  .62829E-5  0.0000000 
 0.0000000  0.0000000 
 0.0003494 -0.0001079   .4076E-4  .81613E-5 -.21976E-4  .32819E-4  0.0000000 
 0.0000000  0.0000000 
 0.0014738 -0.0004558  0.0001722  .34507E-4 -.97474E-4  0.0001398  0.0000000 
 0.0000000  0.0000000 
 0.0053383 -0.0016577  0.0006259  0.0001253 -0.0003331  0.0005029  0.0000000 
 0.0000000  0.0000000 
 0.0171270 -0.0053684  0.0020328  0.0004072 -0.0011661  0.0016554  0.0000000 
 0.0000000  0.0000000 
 0.0489408 -0.0157124  0.0059546  0.0011927 -0.0031193  0.0047786  0.0000000 
 0.0000000  0.0000000 
 0.1217934 -0.0412255  0.0157664  0.0031631 -0.0092395  0.0129247  0.0000000 
 0.0000000  0.0000000 
 0.2476589 -0.0940645  0.0363763  0.0073039 -0.0185547  0.0292583  0.0000000 
 0.0000000  0.0000000 
 0.3582431 -0.1719954  0.0689234  0.0139127 -0.0428118  0.0579181  0.0000000 
 0.0000000  0.0000000 
 0.2798174 -0.1958523  0.0823809  0.0167062 -0.0357109  0.0664068  0.0000000 
 0.0000000  0.0000000 
 0.0685749  0.0453290 -0.0201136 -0.0040355 -0.0163835 -0.0073889  0.0000000 
 0.0000000  0.0000000 
-0.0013110  0.5244442 -0.3252526 -0.0696886  0.2644664 -0.3329989  0.0000000 
 0.0000000  0.0000000 
 0.0019140  0.5006142 -0.4602899 -0.1030105  0.2086588 -0.5917865  0.0000000 
 0.0000000  0.0000000 
-0.0008759  0.0894552  0.1635546  0.0447144 -0.0177438  0.9011406  0.0000000 
 0.0000000  0.0000000 
 0.0003740 -0.0021462  0.7297118  0.2150027 -1.3538730  1.5859510  0.0000000 
 0.0000000  0.0000000 
-0.0001401  0.0021121  0.3769751  0.2220163  0.8182926 -2.7880080  0.0000000 
 0.0000000  0.0000000 
 .47571E-4 -0.0004133  0.0143322 -0.3114776  1.6950360  2.0718840  0.0000000 
 0.0000000  0.0000000 
-.36427E-4  0.0003209 -0.0066712 -0.5693429 -1.3886560 -0.6012025  0.0000000 
 0.0000000  0.0000000 
 .11532E-4 -0.0001016  0.0017662 -0.2678440 -0.2188900 -0.5937184  1.0000000 
 0.0000000  0.0000000 
 0.0000000  0.0000000  0.0000000  0.0000000  0.0000000  0.0000000  0.0000000 
 1.0000000  0.0000000 
 0.0000000  0.0000000  0.0000000  0.0000000  0.0000000  0.0000000  0.0000000 
 0.0000000  1.0000000 

 24411.9800000  5778.5180000  1876.8620000   718.2361000   304.8327000
   139.0453000    66.8041700    33.2069900    16.9281600     8.6962290
     4.3505100     2.1165230     0.9953870     0.3781120     0.1345790
     0.0462820    10.1501000     2.3451000

 0.0000410 -0.0000150  0.0000030  0.0000050  0.0000120  0.0000000  0.0000000 
 0.0000000 
 0.0003610 -0.0001350  0.0000250  0.0000420  0.0000960  0.0000000  0.0000000 
 0.0000000 
 0.0020880 -0.0007820  0.0001440  0.0002380  0.0005940  0.0000000  0.0000000 
 0.0000000 
 0.0092210 -0.0034780  0.0006450  0.0010880  0.0024840  0.0000000  0.0000000 
 0.0000000 
 0.0327730 -0.0125200  0.0023110  0.0038210  0.0095370  0.0000000  0.0000000 
 0.0000000 
 0.0941790 -0.0370160  0.0068980  0.0116440  0.0264790  0.0000000  0.0000000 
 0.0000000 
 0.2091320 -0.0855590  0.0158820  0.0261670  0.0663660  0.0000000  0.0000000 
 0.0000000 
 0.3345690 -0.1447180  0.0273500  0.0467500  0.1024580  0.0000000  0.0000000 
 0.0000000 
 0.3303590 -0.1434420  0.0266210  0.0433090  0.1386830  0.0000000  0.0000000 
 0.0000000 
 0.1523470  0.0435950 -0.0108580 -0.0134290 -0.0801400  0.0000000  0.0000000 
 0.0000000 
 0.0229840  0.3488880 -0.0798530 -0.1538970 -0.4960690  0.0000000  0.0000000 
 0.0000000 
 0.0016070  0.4538650 -0.1061270 -0.1674130 -0.4635100  0.0000000  0.0000000 
 0.0000000 
 0.0004680  0.2685940 -0.0688830 -0.0849950  0.8745310  0.0000000  0.0000000 
 0.0000000 
 0.0000660  0.0388680  0.1843850  0.4508130  0.6297900  0.0000000  0.0000000 
 0.0000000 
-0.0000020 -0.0024920  0.5617880  0.6408690 -0.8116860  0.0000000  0.0000000 
 0.0000000 
 0.0000000  0.0010140  0.4144160  0.0541720 -0.1089480  1.0000000  0.0000000 
 0.0000000 
 0.0000000  0.0000000  0.0000000  0.0000000  0.0000000  0.0000000  1.0000000 
 0.0000000 
 0.0000000  0.0000000  0.0000000  0.0000000  0.0000000  0.0000000  0.0000000 
 1.0000000 

   205.6177000    61.4498100    23.0568900     9.5777390     4.1337340
     1.7475180     0.6995600     0.2516080     7.7440000     3.9663000

 0.0023420  0.0032790  0.0037400  0.0000000  0.0000000  0.0000000 
 0.0186060  0.0261760  0.0318250  0.0000000  0.0000000  0.0000000 
 0.0771020  0.1113670  0.1322290  0.0000000  0.0000000  0.0000000 
 0.2020260  0.3045810  0.4245500  0.0000000  0.0000000  0.0000000 
 0.3294540  0.3862990  0.1203700  0.0000000  0.0000000  0.0000000 
 0.3609760 -0.0583750 -0.7626610  0.0000000  0.0000000  0.0000000 
 0.2716570 -0.5388760 -0.1128230  0.0000000  0.0000000  0.0000000 
 0.1049810 -0.3454730  0.8096230  1.0000000  0.0000000  0.0000000 
 0.0000000  0.0000000  0.0000000  0.0000000  1.0000000  0.0000000 
 0.0000000  0.0000000  0.0000000  0.0000000  0.0000000  1.0000000 

    10.3270000     4.0202000     1.4851000

 1.0000000  0.0000000  0.0000000 
 0.0000000  1.0000000  0.0000000 
 0.0000000  0.0000000  1.0000000 

     9.2538000     4.1144000

 1.0000000  0.0000000 
 0.0000000  1.0000000 




