!  cc-pwCVQZ-PP MP2 Fitting  EMSL  Basis Set Exchange Library   3/19/13 4:44 PM
! Elements                             References
! --------                             ----------
! Hf Ta W Re Os Ir Pt: J. Grant Hill, Auxiliary basis sets for density fitting second-order Møller-Plesset perturbation theory: Correlation consistent basis sets for the 5d elements Hf-Pt, J. Chem. Phys. 135, 044105 (2011).
! 



HF:cc-pwCVQZ-PP MP2 Fitting
EMSL BASIS SET LIBRARY

  8
    0    1    2    3    4    5    6    7
   12   12   11    9    9    6    5    3
   12   12   11    9    9    6    5    3

    17.7310000    10.0160000     6.9285200     3.8192200     2.2488500
     1.2561500     0.7417810     0.3834580     0.2117120     0.1440780
     0.1040130     0.0428310

 1.0000000  0.0000000  0.0000000  0.0000000  0.0000000  0.0000000  0.0000000 
 0.0000000  0.0000000  0.0000000  0.0000000  0.0000000 
 0.0000000  1.0000000  0.0000000  0.0000000  0.0000000  0.0000000  0.0000000 
 0.0000000  0.0000000  0.0000000  0.0000000  0.0000000 
 0.0000000  0.0000000  1.0000000  0.0000000  0.0000000  0.0000000  0.0000000 
 0.0000000  0.0000000  0.0000000  0.0000000  0.0000000 
 0.0000000  0.0000000  0.0000000  1.0000000  0.0000000  0.0000000  0.0000000 
 0.0000000  0.0000000  0.0000000  0.0000000  0.0000000 
 0.0000000  0.0000000  0.0000000  0.0000000  1.0000000  0.0000000  0.0000000 
 0.0000000  0.0000000  0.0000000  0.0000000  0.0000000 
 0.0000000  0.0000000  0.0000000  0.0000000  0.0000000  1.0000000  0.0000000 
 0.0000000  0.0000000  0.0000000  0.0000000  0.0000000 
 0.0000000  0.0000000  0.0000000  0.0000000  0.0000000  0.0000000  1.0000000 
 0.0000000  0.0000000  0.0000000  0.0000000  0.0000000 
 0.0000000  0.0000000  0.0000000  0.0000000  0.0000000  0.0000000  0.0000000 
 1.0000000  0.0000000  0.0000000  0.0000000  0.0000000 
 0.0000000  0.0000000  0.0000000  0.0000000  0.0000000  0.0000000  0.0000000 
 0.0000000  1.0000000  0.0000000  0.0000000  0.0000000 
 0.0000000  0.0000000  0.0000000  0.0000000  0.0000000  0.0000000  0.0000000 
 0.0000000  0.0000000  1.0000000  0.0000000  0.0000000 
 0.0000000  0.0000000  0.0000000  0.0000000  0.0000000  0.0000000  0.0000000 
 0.0000000  0.0000000  0.0000000  1.0000000  0.0000000 
 0.0000000  0.0000000  0.0000000  0.0000000  0.0000000  0.0000000  0.0000000 
 0.0000000  0.0000000  0.0000000  0.0000000  1.0000000 

    10.2863000     7.0385400     4.9294100     3.1969700     1.8592800
     1.0617800     0.6669860     0.4151820     0.2313970     0.1205710
     0.0727820     0.0384010

 1.0000000  0.0000000  0.0000000  0.0000000  0.0000000  0.0000000  0.0000000 
 0.0000000  0.0000000  0.0000000  0.0000000  0.0000000 
 0.0000000  1.0000000  0.0000000  0.0000000  0.0000000  0.0000000  0.0000000 
 0.0000000  0.0000000  0.0000000  0.0000000  0.0000000 
 0.0000000  0.0000000  1.0000000  0.0000000  0.0000000  0.0000000  0.0000000 
 0.0000000  0.0000000  0.0000000  0.0000000  0.0000000 
 0.0000000  0.0000000  0.0000000  1.0000000  0.0000000  0.0000000  0.0000000 
 0.0000000  0.0000000  0.0000000  0.0000000  0.0000000 
 0.0000000  0.0000000  0.0000000  0.0000000  1.0000000  0.0000000  0.0000000 
 0.0000000  0.0000000  0.0000000  0.0000000  0.0000000 
 0.0000000  0.0000000  0.0000000  0.0000000  0.0000000  1.0000000  0.0000000 
 0.0000000  0.0000000  0.0000000  0.0000000  0.0000000 
 0.0000000  0.0000000  0.0000000  0.0000000  0.0000000  0.0000000  1.0000000 
 0.0000000  0.0000000  0.0000000  0.0000000  0.0000000 
 0.0000000  0.0000000  0.0000000  0.0000000  0.0000000  0.0000000  0.0000000 
 1.0000000  0.0000000  0.0000000  0.0000000  0.0000000 
 0.0000000  0.0000000  0.0000000  0.0000000  0.0000000  0.0000000  0.0000000 
 0.0000000  1.0000000  0.0000000  0.0000000  0.0000000 
 0.0000000  0.0000000  0.0000000  0.0000000  0.0000000  0.0000000  0.0000000 
 0.0000000  0.0000000  1.0000000  0.0000000  0.0000000 
 0.0000000  0.0000000  0.0000000  0.0000000  0.0000000  0.0000000  0.0000000 
 0.0000000  0.0000000  0.0000000  1.0000000  0.0000000 
 0.0000000  0.0000000  0.0000000  0.0000000  0.0000000  0.0000000  0.0000000 
 0.0000000  0.0000000  0.0000000  0.0000000  1.0000000 

    11.8784000     7.1880400     5.1950100     2.9442700     1.6624200
     0.9280240     0.7019280     0.3483640     0.2199930     0.1112300
     0.0584280

 1.0000000  0.0000000  0.0000000  0.0000000  0.0000000  0.0000000  0.0000000 
 0.0000000  0.0000000  0.0000000  0.0000000 
 0.0000000  1.0000000  0.0000000  0.0000000  0.0000000  0.0000000  0.0000000 
 0.0000000  0.0000000  0.0000000  0.0000000 
 0.0000000  0.0000000  1.0000000  0.0000000  0.0000000  0.0000000  0.0000000 
 0.0000000  0.0000000  0.0000000  0.0000000 
 0.0000000  0.0000000  0.0000000  1.0000000  0.0000000  0.0000000  0.0000000 
 0.0000000  0.0000000  0.0000000  0.0000000 
 0.0000000  0.0000000  0.0000000  0.0000000  1.0000000  0.0000000  0.0000000 
 0.0000000  0.0000000  0.0000000  0.0000000 
 0.0000000  0.0000000  0.0000000  0.0000000  0.0000000  1.0000000  0.0000000 
 0.0000000  0.0000000  0.0000000  0.0000000 
 0.0000000  0.0000000  0.0000000  0.0000000  0.0000000  0.0000000  1.0000000 
 0.0000000  0.0000000  0.0000000  0.0000000 
 0.0000000  0.0000000  0.0000000  0.0000000  0.0000000  0.0000000  0.0000000 
 1.0000000  0.0000000  0.0000000  0.0000000 
 0.0000000  0.0000000  0.0000000  0.0000000  0.0000000  0.0000000  0.0000000 
 0.0000000  1.0000000  0.0000000  0.0000000 
 0.0000000  0.0000000  0.0000000  0.0000000  0.0000000  0.0000000  0.0000000 
 0.0000000  0.0000000  1.0000000  0.0000000 
 0.0000000  0.0000000  0.0000000  0.0000000  0.0000000  0.0000000  0.0000000 
 0.0000000  0.0000000  0.0000000  1.0000000 

     5.8423200     4.8589200     2.4262500     1.4454400     0.8772020
     0.3724150     0.2653380     0.1430800     0.0742740

 1.0000000  0.0000000  0.0000000  0.0000000  0.0000000  0.0000000  0.0000000 
 0.0000000  0.0000000 
 0.0000000  1.0000000  0.0000000  0.0000000  0.0000000  0.0000000  0.0000000 
 0.0000000  0.0000000 
 0.0000000  0.0000000  1.0000000  0.0000000  0.0000000  0.0000000  0.0000000 
 0.0000000  0.0000000 
 0.0000000  0.0000000  0.0000000  1.0000000  0.0000000  0.0000000  0.0000000 
 0.0000000  0.0000000 
 0.0000000  0.0000000  0.0000000  0.0000000  1.0000000  0.0000000  0.0000000 
 0.0000000  0.0000000 
 0.0000000  0.0000000  0.0000000  0.0000000  0.0000000  1.0000000  0.0000000 
 0.0000000  0.0000000 
 0.0000000  0.0000000  0.0000000  0.0000000  0.0000000  0.0000000  1.0000000 
 0.0000000  0.0000000 
 0.0000000  0.0000000  0.0000000  0.0000000  0.0000000  0.0000000  0.0000000 
 1.0000000  0.0000000 
 0.0000000  0.0000000  0.0000000  0.0000000  0.0000000  0.0000000  0.0000000 
 0.0000000  1.0000000 

    11.3974000     4.9539000     2.4336700     1.7603300     0.9856900
     0.5738770     0.2853750     0.1315520     0.0720260

 1.0000000  0.0000000  0.0000000  0.0000000  0.0000000  0.0000000  0.0000000 
 0.0000000  0.0000000 
 0.0000000  1.0000000  0.0000000  0.0000000  0.0000000  0.0000000  0.0000000 
 0.0000000  0.0000000 
 0.0000000  0.0000000  1.0000000  0.0000000  0.0000000  0.0000000  0.0000000 
 0.0000000  0.0000000 
 0.0000000  0.0000000  0.0000000  1.0000000  0.0000000  0.0000000  0.0000000 
 0.0000000  0.0000000 
 0.0000000  0.0000000  0.0000000  0.0000000  1.0000000  0.0000000  0.0000000 
 0.0000000  0.0000000 
 0.0000000  0.0000000  0.0000000  0.0000000  0.0000000  1.0000000  0.0000000 
 0.0000000  0.0000000 
 0.0000000  0.0000000  0.0000000  0.0000000  0.0000000  0.0000000  1.0000000 
 0.0000000  0.0000000 
 0.0000000  0.0000000  0.0000000  0.0000000  0.0000000  0.0000000  0.0000000 
 1.0000000  0.0000000 
 0.0000000  0.0000000  0.0000000  0.0000000  0.0000000  0.0000000  0.0000000 
 0.0000000  1.0000000 

     4.5784300     2.6340400     1.5896100     1.0048200     0.5041530
     0.2018500

 1.0000000  0.0000000  0.0000000  0.0000000  0.0000000  0.0000000 
 0.0000000  1.0000000  0.0000000  0.0000000  0.0000000  0.0000000 
 0.0000000  0.0000000  1.0000000  0.0000000  0.0000000  0.0000000 
 0.0000000  0.0000000  0.0000000  1.0000000  0.0000000  0.0000000 
 0.0000000  0.0000000  0.0000000  0.0000000  1.0000000  0.0000000 
 0.0000000  0.0000000  0.0000000  0.0000000  0.0000000  1.0000000 

     4.3592000     2.2438200     1.2054600     0.8089810     0.3561990

 1.0000000  0.0000000  0.0000000  0.0000000  0.0000000 
 0.0000000  1.0000000  0.0000000  0.0000000  0.0000000 
 0.0000000  0.0000000  1.0000000  0.0000000  0.0000000 
 0.0000000  0.0000000  0.0000000  1.0000000  0.0000000 
 0.0000000  0.0000000  0.0000000  0.0000000  1.0000000 

     1.9752670     1.1203300     0.6007700

 1.0000000  0.0000000  0.0000000 
 0.0000000  1.0000000  0.0000000 
 0.0000000  0.0000000  1.0000000 

TA:cc-pwCVQZ-PP MP2 Fitting
EMSL BASIS SET LIBRARY

  8
    0    1    2    3    4    5    6    7
   12   12   11    9    9    6    5    3
   12   12   11    9    9    6    5    3

    19.7843000    11.2822000     6.9895500     4.0532100     2.5404300
     1.4872700     0.8535320     0.5406500     0.3474450     0.2074130
     0.1223510     0.0565070

 1.0000000  0.0000000  0.0000000  0.0000000  0.0000000  0.0000000  0.0000000 
 0.0000000  0.0000000  0.0000000  0.0000000  0.0000000 
 0.0000000  1.0000000  0.0000000  0.0000000  0.0000000  0.0000000  0.0000000 
 0.0000000  0.0000000  0.0000000  0.0000000  0.0000000 
 0.0000000  0.0000000  1.0000000  0.0000000  0.0000000  0.0000000  0.0000000 
 0.0000000  0.0000000  0.0000000  0.0000000  0.0000000 
 0.0000000  0.0000000  0.0000000  1.0000000  0.0000000  0.0000000  0.0000000 
 0.0000000  0.0000000  0.0000000  0.0000000  0.0000000 
 0.0000000  0.0000000  0.0000000  0.0000000  1.0000000  0.0000000  0.0000000 
 0.0000000  0.0000000  0.0000000  0.0000000  0.0000000 
 0.0000000  0.0000000  0.0000000  0.0000000  0.0000000  1.0000000  0.0000000 
 0.0000000  0.0000000  0.0000000  0.0000000  0.0000000 
 0.0000000  0.0000000  0.0000000  0.0000000  0.0000000  0.0000000  1.0000000 
 0.0000000  0.0000000  0.0000000  0.0000000  0.0000000 
 0.0000000  0.0000000  0.0000000  0.0000000  0.0000000  0.0000000  0.0000000 
 1.0000000  0.0000000  0.0000000  0.0000000  0.0000000 
 0.0000000  0.0000000  0.0000000  0.0000000  0.0000000  0.0000000  0.0000000 
 0.0000000  1.0000000  0.0000000  0.0000000  0.0000000 
 0.0000000  0.0000000  0.0000000  0.0000000  0.0000000  0.0000000  0.0000000 
 0.0000000  0.0000000  1.0000000  0.0000000  0.0000000 
 0.0000000  0.0000000  0.0000000  0.0000000  0.0000000  0.0000000  0.0000000 
 0.0000000  0.0000000  0.0000000  1.0000000  0.0000000 
 0.0000000  0.0000000  0.0000000  0.0000000  0.0000000  0.0000000  0.0000000 
 0.0000000  0.0000000  0.0000000  0.0000000  1.0000000 

    10.4461000     7.1489400     5.0293100     3.4018800     2.2090300
     1.2032800     0.7664600     0.4943990     0.2745460     0.1422690
     0.0882900     0.0416100

 1.0000000  0.0000000  0.0000000  0.0000000  0.0000000  0.0000000  0.0000000 
 0.0000000  0.0000000  0.0000000  0.0000000  0.0000000 
 0.0000000  1.0000000  0.0000000  0.0000000  0.0000000  0.0000000  0.0000000 
 0.0000000  0.0000000  0.0000000  0.0000000  0.0000000 
 0.0000000  0.0000000  1.0000000  0.0000000  0.0000000  0.0000000  0.0000000 
 0.0000000  0.0000000  0.0000000  0.0000000  0.0000000 
 0.0000000  0.0000000  0.0000000  1.0000000  0.0000000  0.0000000  0.0000000 
 0.0000000  0.0000000  0.0000000  0.0000000  0.0000000 
 0.0000000  0.0000000  0.0000000  0.0000000  1.0000000  0.0000000  0.0000000 
 0.0000000  0.0000000  0.0000000  0.0000000  0.0000000 
 0.0000000  0.0000000  0.0000000  0.0000000  0.0000000  1.0000000  0.0000000 
 0.0000000  0.0000000  0.0000000  0.0000000  0.0000000 
 0.0000000  0.0000000  0.0000000  0.0000000  0.0000000  0.0000000  1.0000000 
 0.0000000  0.0000000  0.0000000  0.0000000  0.0000000 
 0.0000000  0.0000000  0.0000000  0.0000000  0.0000000  0.0000000  0.0000000 
 1.0000000  0.0000000  0.0000000  0.0000000  0.0000000 
 0.0000000  0.0000000  0.0000000  0.0000000  0.0000000  0.0000000  0.0000000 
 0.0000000  1.0000000  0.0000000  0.0000000  0.0000000 
 0.0000000  0.0000000  0.0000000  0.0000000  0.0000000  0.0000000  0.0000000 
 0.0000000  0.0000000  1.0000000  0.0000000  0.0000000 
 0.0000000  0.0000000  0.0000000  0.0000000  0.0000000  0.0000000  0.0000000 
 0.0000000  0.0000000  0.0000000  1.0000000  0.0000000 
 0.0000000  0.0000000  0.0000000  0.0000000  0.0000000  0.0000000  0.0000000 
 0.0000000  0.0000000  0.0000000  0.0000000  1.0000000 

    12.6011000     7.3499500     5.2469300     3.3469400     1.7952800
     1.0437400     0.7777990     0.4202430     0.2531440     0.1309460
     0.0724560

 1.0000000  0.0000000  0.0000000  0.0000000  0.0000000  0.0000000  0.0000000 
 0.0000000  0.0000000  0.0000000  0.0000000 
 0.0000000  1.0000000  0.0000000  0.0000000  0.0000000  0.0000000  0.0000000 
 0.0000000  0.0000000  0.0000000  0.0000000 
 0.0000000  0.0000000  1.0000000  0.0000000  0.0000000  0.0000000  0.0000000 
 0.0000000  0.0000000  0.0000000  0.0000000 
 0.0000000  0.0000000  0.0000000  1.0000000  0.0000000  0.0000000  0.0000000 
 0.0000000  0.0000000  0.0000000  0.0000000 
 0.0000000  0.0000000  0.0000000  0.0000000  1.0000000  0.0000000  0.0000000 
 0.0000000  0.0000000  0.0000000  0.0000000 
 0.0000000  0.0000000  0.0000000  0.0000000  0.0000000  1.0000000  0.0000000 
 0.0000000  0.0000000  0.0000000  0.0000000 
 0.0000000  0.0000000  0.0000000  0.0000000  0.0000000  0.0000000  1.0000000 
 0.0000000  0.0000000  0.0000000  0.0000000 
 0.0000000  0.0000000  0.0000000  0.0000000  0.0000000  0.0000000  0.0000000 
 1.0000000  0.0000000  0.0000000  0.0000000 
 0.0000000  0.0000000  0.0000000  0.0000000  0.0000000  0.0000000  0.0000000 
 0.0000000  1.0000000  0.0000000  0.0000000 
 0.0000000  0.0000000  0.0000000  0.0000000  0.0000000  0.0000000  0.0000000 
 0.0000000  0.0000000  1.0000000  0.0000000 
 0.0000000  0.0000000  0.0000000  0.0000000  0.0000000  0.0000000  0.0000000 
 0.0000000  0.0000000  0.0000000  1.0000000 

     6.1107600     4.9850400     3.1171700     1.7132200     1.1041700
     0.6609030     0.4472810     0.2135750     0.1109090

 1.0000000  0.0000000  0.0000000  0.0000000  0.0000000  0.0000000  0.0000000 
 0.0000000  0.0000000 
 0.0000000  1.0000000  0.0000000  0.0000000  0.0000000  0.0000000  0.0000000 
 0.0000000  0.0000000 
 0.0000000  0.0000000  1.0000000  0.0000000  0.0000000  0.0000000  0.0000000 
 0.0000000  0.0000000 
 0.0000000  0.0000000  0.0000000  1.0000000  0.0000000  0.0000000  0.0000000 
 0.0000000  0.0000000 
 0.0000000  0.0000000  0.0000000  0.0000000  1.0000000  0.0000000  0.0000000 
 0.0000000  0.0000000 
 0.0000000  0.0000000  0.0000000  0.0000000  0.0000000  1.0000000  0.0000000 
 0.0000000  0.0000000 
 0.0000000  0.0000000  0.0000000  0.0000000  0.0000000  0.0000000  1.0000000 
 0.0000000  0.0000000 
 0.0000000  0.0000000  0.0000000  0.0000000  0.0000000  0.0000000  0.0000000 
 1.0000000  0.0000000 
 0.0000000  0.0000000  0.0000000  0.0000000  0.0000000  0.0000000  0.0000000 
 0.0000000  1.0000000 

    12.2660000     5.1970100     2.8204800     1.9836000     1.1430000
     0.7420050     0.3695070     0.1969180     0.0935770

 1.0000000  0.0000000  0.0000000  0.0000000  0.0000000  0.0000000  0.0000000 
 0.0000000  0.0000000 
 0.0000000  1.0000000  0.0000000  0.0000000  0.0000000  0.0000000  0.0000000 
 0.0000000  0.0000000 
 0.0000000  0.0000000  1.0000000  0.0000000  0.0000000  0.0000000  0.0000000 
 0.0000000  0.0000000 
 0.0000000  0.0000000  0.0000000  1.0000000  0.0000000  0.0000000  0.0000000 
 0.0000000  0.0000000 
 0.0000000  0.0000000  0.0000000  0.0000000  1.0000000  0.0000000  0.0000000 
 0.0000000  0.0000000 
 0.0000000  0.0000000  0.0000000  0.0000000  0.0000000  1.0000000  0.0000000 
 0.0000000  0.0000000 
 0.0000000  0.0000000  0.0000000  0.0000000  0.0000000  0.0000000  1.0000000 
 0.0000000  0.0000000 
 0.0000000  0.0000000  0.0000000  0.0000000  0.0000000  0.0000000  0.0000000 
 1.0000000  0.0000000 
 0.0000000  0.0000000  0.0000000  0.0000000  0.0000000  0.0000000  0.0000000 
 0.0000000  1.0000000 

     4.6296700     2.9330100     1.7493000     1.1443700     0.6403510
     0.2798380

 1.0000000  0.0000000  0.0000000  0.0000000  0.0000000  0.0000000 
 0.0000000  1.0000000  0.0000000  0.0000000  0.0000000  0.0000000 
 0.0000000  0.0000000  1.0000000  0.0000000  0.0000000  0.0000000 
 0.0000000  0.0000000  0.0000000  1.0000000  0.0000000  0.0000000 
 0.0000000  0.0000000  0.0000000  0.0000000  1.0000000  0.0000000 
 0.0000000  0.0000000  0.0000000  0.0000000  0.0000000  1.0000000 

     5.2781300     2.5452600     1.3565300     0.9283580     0.4748240

 1.0000000  0.0000000  0.0000000  0.0000000  0.0000000 
 0.0000000  1.0000000  0.0000000  0.0000000  0.0000000 
 0.0000000  0.0000000  1.0000000  0.0000000  0.0000000 
 0.0000000  0.0000000  0.0000000  1.0000000  0.0000000 
 0.0000000  0.0000000  0.0000000  0.0000000  1.0000000 

     2.2876920     1.4062610     0.8002990

 1.0000000  0.0000000  0.0000000 
 0.0000000  1.0000000  0.0000000 
 0.0000000  0.0000000  1.0000000 

W:cc-pwCVQZ-PP MP2 Fitting
EMSL BASIS SET LIBRARY

  8
    0    1    2    3    4    5    6    7
   12   12   11    9    9    6    5    3
   12   12   11    9    9    6    5    3

    23.2710000    11.9902000     7.1444500     4.3616300     2.8236100
     1.7122400     0.9154510     0.5727390     0.3473670     0.1943550
     0.1233020     0.0573290

 1.0000000  0.0000000  0.0000000  0.0000000  0.0000000  0.0000000  0.0000000 
 0.0000000  0.0000000  0.0000000  0.0000000  0.0000000 
 0.0000000  1.0000000  0.0000000  0.0000000  0.0000000  0.0000000  0.0000000 
 0.0000000  0.0000000  0.0000000  0.0000000  0.0000000 
 0.0000000  0.0000000  1.0000000  0.0000000  0.0000000  0.0000000  0.0000000 
 0.0000000  0.0000000  0.0000000  0.0000000  0.0000000 
 0.0000000  0.0000000  0.0000000  1.0000000  0.0000000  0.0000000  0.0000000 
 0.0000000  0.0000000  0.0000000  0.0000000  0.0000000 
 0.0000000  0.0000000  0.0000000  0.0000000  1.0000000  0.0000000  0.0000000 
 0.0000000  0.0000000  0.0000000  0.0000000  0.0000000 
 0.0000000  0.0000000  0.0000000  0.0000000  0.0000000  1.0000000  0.0000000 
 0.0000000  0.0000000  0.0000000  0.0000000  0.0000000 
 0.0000000  0.0000000  0.0000000  0.0000000  0.0000000  0.0000000  1.0000000 
 0.0000000  0.0000000  0.0000000  0.0000000  0.0000000 
 0.0000000  0.0000000  0.0000000  0.0000000  0.0000000  0.0000000  0.0000000 
 1.0000000  0.0000000  0.0000000  0.0000000  0.0000000 
 0.0000000  0.0000000  0.0000000  0.0000000  0.0000000  0.0000000  0.0000000 
 0.0000000  1.0000000  0.0000000  0.0000000  0.0000000 
 0.0000000  0.0000000  0.0000000  0.0000000  0.0000000  0.0000000  0.0000000 
 0.0000000  0.0000000  1.0000000  0.0000000  0.0000000 
 0.0000000  0.0000000  0.0000000  0.0000000  0.0000000  0.0000000  0.0000000 
 0.0000000  0.0000000  0.0000000  1.0000000  0.0000000 
 0.0000000  0.0000000  0.0000000  0.0000000  0.0000000  0.0000000  0.0000000 
 0.0000000  0.0000000  0.0000000  0.0000000  1.0000000 

    11.3044000     7.2791100     5.2317700     3.7472100     2.2986200
     1.4219600     0.9264510     0.5500620     0.3004260     0.1494900
     0.0918040     0.0465010

 1.0000000  0.0000000  0.0000000  0.0000000  0.0000000  0.0000000  0.0000000 
 0.0000000  0.0000000  0.0000000  0.0000000  0.0000000 
 0.0000000  1.0000000  0.0000000  0.0000000  0.0000000  0.0000000  0.0000000 
 0.0000000  0.0000000  0.0000000  0.0000000  0.0000000 
 0.0000000  0.0000000  1.0000000  0.0000000  0.0000000  0.0000000  0.0000000 
 0.0000000  0.0000000  0.0000000  0.0000000  0.0000000 
 0.0000000  0.0000000  0.0000000  1.0000000  0.0000000  0.0000000  0.0000000 
 0.0000000  0.0000000  0.0000000  0.0000000  0.0000000 
 0.0000000  0.0000000  0.0000000  0.0000000  1.0000000  0.0000000  0.0000000 
 0.0000000  0.0000000  0.0000000  0.0000000  0.0000000 
 0.0000000  0.0000000  0.0000000  0.0000000  0.0000000  1.0000000  0.0000000 
 0.0000000  0.0000000  0.0000000  0.0000000  0.0000000 
 0.0000000  0.0000000  0.0000000  0.0000000  0.0000000  0.0000000  1.0000000 
 0.0000000  0.0000000  0.0000000  0.0000000  0.0000000 
 0.0000000  0.0000000  0.0000000  0.0000000  0.0000000  0.0000000  0.0000000 
 1.0000000  0.0000000  0.0000000  0.0000000  0.0000000 
 0.0000000  0.0000000  0.0000000  0.0000000  0.0000000  0.0000000  0.0000000 
 0.0000000  1.0000000  0.0000000  0.0000000  0.0000000 
 0.0000000  0.0000000  0.0000000  0.0000000  0.0000000  0.0000000  0.0000000 
 0.0000000  0.0000000  1.0000000  0.0000000  0.0000000 
 0.0000000  0.0000000  0.0000000  0.0000000  0.0000000  0.0000000  0.0000000 
 0.0000000  0.0000000  0.0000000  1.0000000  0.0000000 
 0.0000000  0.0000000  0.0000000  0.0000000  0.0000000  0.0000000  0.0000000 
 0.0000000  0.0000000  0.0000000  0.0000000  1.0000000 

    14.5627000     7.8432400     5.8030500     3.6176200     1.9399500
     1.2065600     0.8552260     0.4840180     0.2895480     0.1420260
     0.0754540

 1.0000000  0.0000000  0.0000000  0.0000000  0.0000000  0.0000000  0.0000000 
 0.0000000  0.0000000  0.0000000  0.0000000 
 0.0000000  1.0000000  0.0000000  0.0000000  0.0000000  0.0000000  0.0000000 
 0.0000000  0.0000000  0.0000000  0.0000000 
 0.0000000  0.0000000  1.0000000  0.0000000  0.0000000  0.0000000  0.0000000 
 0.0000000  0.0000000  0.0000000  0.0000000 
 0.0000000  0.0000000  0.0000000  1.0000000  0.0000000  0.0000000  0.0000000 
 0.0000000  0.0000000  0.0000000  0.0000000 
 0.0000000  0.0000000  0.0000000  0.0000000  1.0000000  0.0000000  0.0000000 
 0.0000000  0.0000000  0.0000000  0.0000000 
 0.0000000  0.0000000  0.0000000  0.0000000  0.0000000  1.0000000  0.0000000 
 0.0000000  0.0000000  0.0000000  0.0000000 
 0.0000000  0.0000000  0.0000000  0.0000000  0.0000000  0.0000000  1.0000000 
 0.0000000  0.0000000  0.0000000  0.0000000 
 0.0000000  0.0000000  0.0000000  0.0000000  0.0000000  0.0000000  0.0000000 
 1.0000000  0.0000000  0.0000000  0.0000000 
 0.0000000  0.0000000  0.0000000  0.0000000  0.0000000  0.0000000  0.0000000 
 0.0000000  1.0000000  0.0000000  0.0000000 
 0.0000000  0.0000000  0.0000000  0.0000000  0.0000000  0.0000000  0.0000000 
 0.0000000  0.0000000  1.0000000  0.0000000 
 0.0000000  0.0000000  0.0000000  0.0000000  0.0000000  0.0000000  0.0000000 
 0.0000000  0.0000000  0.0000000  1.0000000 

     7.1667300     5.1688300     3.3212100     1.8472900     1.1876900
     0.6449250     0.3797280     0.2306790     0.1090220

 1.0000000  0.0000000  0.0000000  0.0000000  0.0000000  0.0000000  0.0000000 
 0.0000000  0.0000000 
 0.0000000  1.0000000  0.0000000  0.0000000  0.0000000  0.0000000  0.0000000 
 0.0000000  0.0000000 
 0.0000000  0.0000000  1.0000000  0.0000000  0.0000000  0.0000000  0.0000000 
 0.0000000  0.0000000 
 0.0000000  0.0000000  0.0000000  1.0000000  0.0000000  0.0000000  0.0000000 
 0.0000000  0.0000000 
 0.0000000  0.0000000  0.0000000  0.0000000  1.0000000  0.0000000  0.0000000 
 0.0000000  0.0000000 
 0.0000000  0.0000000  0.0000000  0.0000000  0.0000000  1.0000000  0.0000000 
 0.0000000  0.0000000 
 0.0000000  0.0000000  0.0000000  0.0000000  0.0000000  0.0000000  1.0000000 
 0.0000000  0.0000000 
 0.0000000  0.0000000  0.0000000  0.0000000  0.0000000  0.0000000  0.0000000 
 1.0000000  0.0000000 
 0.0000000  0.0000000  0.0000000  0.0000000  0.0000000  0.0000000  0.0000000 
 0.0000000  1.0000000 

    13.2374000     5.8097600     3.0353200     2.1872400     1.3097800
     0.7560640     0.4200330     0.1926440     0.1042480

 1.0000000  0.0000000  0.0000000  0.0000000  0.0000000  0.0000000  0.0000000 
 0.0000000  0.0000000 
 0.0000000  1.0000000  0.0000000  0.0000000  0.0000000  0.0000000  0.0000000 
 0.0000000  0.0000000 
 0.0000000  0.0000000  1.0000000  0.0000000  0.0000000  0.0000000  0.0000000 
 0.0000000  0.0000000 
 0.0000000  0.0000000  0.0000000  1.0000000  0.0000000  0.0000000  0.0000000 
 0.0000000  0.0000000 
 0.0000000  0.0000000  0.0000000  0.0000000  1.0000000  0.0000000  0.0000000 
 0.0000000  0.0000000 
 0.0000000  0.0000000  0.0000000  0.0000000  0.0000000  1.0000000  0.0000000 
 0.0000000  0.0000000 
 0.0000000  0.0000000  0.0000000  0.0000000  0.0000000  0.0000000  1.0000000 
 0.0000000  0.0000000 
 0.0000000  0.0000000  0.0000000  0.0000000  0.0000000  0.0000000  0.0000000 
 1.0000000  0.0000000 
 0.0000000  0.0000000  0.0000000  0.0000000  0.0000000  0.0000000  0.0000000 
 0.0000000  1.0000000 

     5.2404900     3.3100400     1.9237100     1.2824200     0.7340570
     0.3120570

 1.0000000  0.0000000  0.0000000  0.0000000  0.0000000  0.0000000 
 0.0000000  1.0000000  0.0000000  0.0000000  0.0000000  0.0000000 
 0.0000000  0.0000000  1.0000000  0.0000000  0.0000000  0.0000000 
 0.0000000  0.0000000  0.0000000  1.0000000  0.0000000  0.0000000 
 0.0000000  0.0000000  0.0000000  0.0000000  1.0000000  0.0000000 
 0.0000000  0.0000000  0.0000000  0.0000000  0.0000000  1.0000000 

     6.6444300     2.8454200     1.6074000     1.0752800     0.5516970

 1.0000000  0.0000000  0.0000000  0.0000000  0.0000000 
 0.0000000  1.0000000  0.0000000  0.0000000  0.0000000 
 0.0000000  0.0000000  1.0000000  0.0000000  0.0000000 
 0.0000000  0.0000000  0.0000000  1.0000000  0.0000000 
 0.0000000  0.0000000  0.0000000  0.0000000  1.0000000 

     2.6101980     1.6173710     0.9387390

 1.0000000  0.0000000  0.0000000 
 0.0000000  1.0000000  0.0000000 
 0.0000000  0.0000000  1.0000000 

RE:cc-pwCVQZ-PP MP2 Fitting
EMSL BASIS SET LIBRARY

  8
    0    1    2    3    4    5    6    7
   12   12   11    9    9    6    5    3
   12   12   11    9    9    6    5    3

    24.6364000    12.6102000     7.4093300     4.7011400     3.0249200
     1.8710400     0.9918220     0.5904440     0.3860170     0.2072350
     0.1289060     0.0608490

 1.0000000  0.0000000  0.0000000  0.0000000  0.0000000  0.0000000  0.0000000 
 0.0000000  0.0000000  0.0000000  0.0000000  0.0000000 
 0.0000000  1.0000000  0.0000000  0.0000000  0.0000000  0.0000000  0.0000000 
 0.0000000  0.0000000  0.0000000  0.0000000  0.0000000 
 0.0000000  0.0000000  1.0000000  0.0000000  0.0000000  0.0000000  0.0000000 
 0.0000000  0.0000000  0.0000000  0.0000000  0.0000000 
 0.0000000  0.0000000  0.0000000  1.0000000  0.0000000  0.0000000  0.0000000 
 0.0000000  0.0000000  0.0000000  0.0000000  0.0000000 
 0.0000000  0.0000000  0.0000000  0.0000000  1.0000000  0.0000000  0.0000000 
 0.0000000  0.0000000  0.0000000  0.0000000  0.0000000 
 0.0000000  0.0000000  0.0000000  0.0000000  0.0000000  1.0000000  0.0000000 
 0.0000000  0.0000000  0.0000000  0.0000000  0.0000000 
 0.0000000  0.0000000  0.0000000  0.0000000  0.0000000  0.0000000  1.0000000 
 0.0000000  0.0000000  0.0000000  0.0000000  0.0000000 
 0.0000000  0.0000000  0.0000000  0.0000000  0.0000000  0.0000000  0.0000000 
 1.0000000  0.0000000  0.0000000  0.0000000  0.0000000 
 0.0000000  0.0000000  0.0000000  0.0000000  0.0000000  0.0000000  0.0000000 
 0.0000000  1.0000000  0.0000000  0.0000000  0.0000000 
 0.0000000  0.0000000  0.0000000  0.0000000  0.0000000  0.0000000  0.0000000 
 0.0000000  0.0000000  1.0000000  0.0000000  0.0000000 
 0.0000000  0.0000000  0.0000000  0.0000000  0.0000000  0.0000000  0.0000000 
 0.0000000  0.0000000  0.0000000  1.0000000  0.0000000 
 0.0000000  0.0000000  0.0000000  0.0000000  0.0000000  0.0000000  0.0000000 
 0.0000000  0.0000000  0.0000000  0.0000000  1.0000000 

    13.7669000     7.3402100     5.7994100     3.8663600     2.6002700
     1.5197400     0.9935080     0.6069010     0.3394210     0.1692380
     0.0916850     0.0556760

 1.0000000  0.0000000  0.0000000  0.0000000  0.0000000  0.0000000  0.0000000 
 0.0000000  0.0000000  0.0000000  0.0000000  0.0000000 
 0.0000000  1.0000000  0.0000000  0.0000000  0.0000000  0.0000000  0.0000000 
 0.0000000  0.0000000  0.0000000  0.0000000  0.0000000 
 0.0000000  0.0000000  1.0000000  0.0000000  0.0000000  0.0000000  0.0000000 
 0.0000000  0.0000000  0.0000000  0.0000000  0.0000000 
 0.0000000  0.0000000  0.0000000  1.0000000  0.0000000  0.0000000  0.0000000 
 0.0000000  0.0000000  0.0000000  0.0000000  0.0000000 
 0.0000000  0.0000000  0.0000000  0.0000000  1.0000000  0.0000000  0.0000000 
 0.0000000  0.0000000  0.0000000  0.0000000  0.0000000 
 0.0000000  0.0000000  0.0000000  0.0000000  0.0000000  1.0000000  0.0000000 
 0.0000000  0.0000000  0.0000000  0.0000000  0.0000000 
 0.0000000  0.0000000  0.0000000  0.0000000  0.0000000  0.0000000  1.0000000 
 0.0000000  0.0000000  0.0000000  0.0000000  0.0000000 
 0.0000000  0.0000000  0.0000000  0.0000000  0.0000000  0.0000000  0.0000000 
 1.0000000  0.0000000  0.0000000  0.0000000  0.0000000 
 0.0000000  0.0000000  0.0000000  0.0000000  0.0000000  0.0000000  0.0000000 
 0.0000000  1.0000000  0.0000000  0.0000000  0.0000000 
 0.0000000  0.0000000  0.0000000  0.0000000  0.0000000  0.0000000  0.0000000 
 0.0000000  0.0000000  1.0000000  0.0000000  0.0000000 
 0.0000000  0.0000000  0.0000000  0.0000000  0.0000000  0.0000000  0.0000000 
 0.0000000  0.0000000  0.0000000  1.0000000  0.0000000 
 0.0000000  0.0000000  0.0000000  0.0000000  0.0000000  0.0000000  0.0000000 
 0.0000000  0.0000000  0.0000000  0.0000000  1.0000000 

    14.9678000     7.9356600     6.0542300     4.0289300     2.0173200
     1.3847100     0.8799690     0.5260240     0.3068350     0.1625860
     0.0881500

 1.0000000  0.0000000  0.0000000  0.0000000  0.0000000  0.0000000  0.0000000 
 0.0000000  0.0000000  0.0000000  0.0000000 
 0.0000000  1.0000000  0.0000000  0.0000000  0.0000000  0.0000000  0.0000000 
 0.0000000  0.0000000  0.0000000  0.0000000 
 0.0000000  0.0000000  1.0000000  0.0000000  0.0000000  0.0000000  0.0000000 
 0.0000000  0.0000000  0.0000000  0.0000000 
 0.0000000  0.0000000  0.0000000  1.0000000  0.0000000  0.0000000  0.0000000 
 0.0000000  0.0000000  0.0000000  0.0000000 
 0.0000000  0.0000000  0.0000000  0.0000000  1.0000000  0.0000000  0.0000000 
 0.0000000  0.0000000  0.0000000  0.0000000 
 0.0000000  0.0000000  0.0000000  0.0000000  0.0000000  1.0000000  0.0000000 
 0.0000000  0.0000000  0.0000000  0.0000000 
 0.0000000  0.0000000  0.0000000  0.0000000  0.0000000  0.0000000  1.0000000 
 0.0000000  0.0000000  0.0000000  0.0000000 
 0.0000000  0.0000000  0.0000000  0.0000000  0.0000000  0.0000000  0.0000000 
 1.0000000  0.0000000  0.0000000  0.0000000 
 0.0000000  0.0000000  0.0000000  0.0000000  0.0000000  0.0000000  0.0000000 
 0.0000000  1.0000000  0.0000000  0.0000000 
 0.0000000  0.0000000  0.0000000  0.0000000  0.0000000  0.0000000  0.0000000 
 0.0000000  0.0000000  1.0000000  0.0000000 
 0.0000000  0.0000000  0.0000000  0.0000000  0.0000000  0.0000000  0.0000000 
 0.0000000  0.0000000  0.0000000  1.0000000 

     7.2294600     5.5132200     3.7007400     1.9784000     1.3524300
     0.8207200     0.5568980     0.2787500     0.1314930

 1.0000000  0.0000000  0.0000000  0.0000000  0.0000000  0.0000000  0.0000000 
 0.0000000  0.0000000 
 0.0000000  1.0000000  0.0000000  0.0000000  0.0000000  0.0000000  0.0000000 
 0.0000000  0.0000000 
 0.0000000  0.0000000  1.0000000  0.0000000  0.0000000  0.0000000  0.0000000 
 0.0000000  0.0000000 
 0.0000000  0.0000000  0.0000000  1.0000000  0.0000000  0.0000000  0.0000000 
 0.0000000  0.0000000 
 0.0000000  0.0000000  0.0000000  0.0000000  1.0000000  0.0000000  0.0000000 
 0.0000000  0.0000000 
 0.0000000  0.0000000  0.0000000  0.0000000  0.0000000  1.0000000  0.0000000 
 0.0000000  0.0000000 
 0.0000000  0.0000000  0.0000000  0.0000000  0.0000000  0.0000000  1.0000000 
 0.0000000  0.0000000 
 0.0000000  0.0000000  0.0000000  0.0000000  0.0000000  0.0000000  0.0000000 
 1.0000000  0.0000000 
 0.0000000  0.0000000  0.0000000  0.0000000  0.0000000  0.0000000  0.0000000 
 0.0000000  1.0000000 

    16.0694000     7.3937000     3.6804200     2.8373600     1.6147500
     1.0136000     0.5336500     0.3011320     0.1710740

 1.0000000  0.0000000  0.0000000  0.0000000  0.0000000  0.0000000  0.0000000 
 0.0000000  0.0000000 
 0.0000000  1.0000000  0.0000000  0.0000000  0.0000000  0.0000000  0.0000000 
 0.0000000  0.0000000 
 0.0000000  0.0000000  1.0000000  0.0000000  0.0000000  0.0000000  0.0000000 
 0.0000000  0.0000000 
 0.0000000  0.0000000  0.0000000  1.0000000  0.0000000  0.0000000  0.0000000 
 0.0000000  0.0000000 
 0.0000000  0.0000000  0.0000000  0.0000000  1.0000000  0.0000000  0.0000000 
 0.0000000  0.0000000 
 0.0000000  0.0000000  0.0000000  0.0000000  0.0000000  1.0000000  0.0000000 
 0.0000000  0.0000000 
 0.0000000  0.0000000  0.0000000  0.0000000  0.0000000  0.0000000  1.0000000 
 0.0000000  0.0000000 
 0.0000000  0.0000000  0.0000000  0.0000000  0.0000000  0.0000000  0.0000000 
 1.0000000  0.0000000 
 0.0000000  0.0000000  0.0000000  0.0000000  0.0000000  0.0000000  0.0000000 
 0.0000000  1.0000000 

     5.7935100     3.4392400     2.2106100     1.4200800     0.8657100
     0.3860540

 1.0000000  0.0000000  0.0000000  0.0000000  0.0000000  0.0000000 
 0.0000000  1.0000000  0.0000000  0.0000000  0.0000000  0.0000000 
 0.0000000  0.0000000  1.0000000  0.0000000  0.0000000  0.0000000 
 0.0000000  0.0000000  0.0000000  1.0000000  0.0000000  0.0000000 
 0.0000000  0.0000000  0.0000000  0.0000000  1.0000000  0.0000000 
 0.0000000  0.0000000  0.0000000  0.0000000  0.0000000  1.0000000 

     6.8630100     3.1291300     1.8336700     1.2299800     0.6701240

 1.0000000  0.0000000  0.0000000  0.0000000  0.0000000 
 0.0000000  1.0000000  0.0000000  0.0000000  0.0000000 
 0.0000000  0.0000000  1.0000000  0.0000000  0.0000000 
 0.0000000  0.0000000  0.0000000  1.0000000  0.0000000 
 0.0000000  0.0000000  0.0000000  0.0000000  1.0000000 

     2.8917790     1.7769000     1.1319070

 1.0000000  0.0000000  0.0000000 
 0.0000000  1.0000000  0.0000000 
 0.0000000  0.0000000  1.0000000 

OS:cc-pwCVQZ-PP MP2 Fitting
EMSL BASIS SET LIBRARY

  8
    0    1    2    3    4    5    6    7
   12   12   11    9    9    6    5    3
   12   12   11    9    9    6    5    3

    25.6142000    13.1524000     7.5839900     5.0934300     3.1151900
     2.0511600     1.2199000     0.7023450     0.4189490     0.2158530
     0.1347960     0.0655940

 1.0000000  0.0000000  0.0000000  0.0000000  0.0000000  0.0000000  0.0000000 
 0.0000000  0.0000000  0.0000000  0.0000000  0.0000000 
 0.0000000  1.0000000  0.0000000  0.0000000  0.0000000  0.0000000  0.0000000 
 0.0000000  0.0000000  0.0000000  0.0000000  0.0000000 
 0.0000000  0.0000000  1.0000000  0.0000000  0.0000000  0.0000000  0.0000000 
 0.0000000  0.0000000  0.0000000  0.0000000  0.0000000 
 0.0000000  0.0000000  0.0000000  1.0000000  0.0000000  0.0000000  0.0000000 
 0.0000000  0.0000000  0.0000000  0.0000000  0.0000000 
 0.0000000  0.0000000  0.0000000  0.0000000  1.0000000  0.0000000  0.0000000 
 0.0000000  0.0000000  0.0000000  0.0000000  0.0000000 
 0.0000000  0.0000000  0.0000000  0.0000000  0.0000000  1.0000000  0.0000000 
 0.0000000  0.0000000  0.0000000  0.0000000  0.0000000 
 0.0000000  0.0000000  0.0000000  0.0000000  0.0000000  0.0000000  1.0000000 
 0.0000000  0.0000000  0.0000000  0.0000000  0.0000000 
 0.0000000  0.0000000  0.0000000  0.0000000  0.0000000  0.0000000  0.0000000 
 1.0000000  0.0000000  0.0000000  0.0000000  0.0000000 
 0.0000000  0.0000000  0.0000000  0.0000000  0.0000000  0.0000000  0.0000000 
 0.0000000  1.0000000  0.0000000  0.0000000  0.0000000 
 0.0000000  0.0000000  0.0000000  0.0000000  0.0000000  0.0000000  0.0000000 
 0.0000000  0.0000000  1.0000000  0.0000000  0.0000000 
 0.0000000  0.0000000  0.0000000  0.0000000  0.0000000  0.0000000  0.0000000 
 0.0000000  0.0000000  0.0000000  1.0000000  0.0000000 
 0.0000000  0.0000000  0.0000000  0.0000000  0.0000000  0.0000000  0.0000000 
 0.0000000  0.0000000  0.0000000  0.0000000  1.0000000 

    14.2749000     8.1877000     5.9664400     4.1162400     2.7521700
     1.8690500     1.0704200     0.6873530     0.3766510     0.2025940
     0.1042850     0.0595530

 1.0000000  0.0000000  0.0000000  0.0000000  0.0000000  0.0000000  0.0000000 
 0.0000000  0.0000000  0.0000000  0.0000000  0.0000000 
 0.0000000  1.0000000  0.0000000  0.0000000  0.0000000  0.0000000  0.0000000 
 0.0000000  0.0000000  0.0000000  0.0000000  0.0000000 
 0.0000000  0.0000000  1.0000000  0.0000000  0.0000000  0.0000000  0.0000000 
 0.0000000  0.0000000  0.0000000  0.0000000  0.0000000 
 0.0000000  0.0000000  0.0000000  1.0000000  0.0000000  0.0000000  0.0000000 
 0.0000000  0.0000000  0.0000000  0.0000000  0.0000000 
 0.0000000  0.0000000  0.0000000  0.0000000  1.0000000  0.0000000  0.0000000 
 0.0000000  0.0000000  0.0000000  0.0000000  0.0000000 
 0.0000000  0.0000000  0.0000000  0.0000000  0.0000000  1.0000000  0.0000000 
 0.0000000  0.0000000  0.0000000  0.0000000  0.0000000 
 0.0000000  0.0000000  0.0000000  0.0000000  0.0000000  0.0000000  1.0000000 
 0.0000000  0.0000000  0.0000000  0.0000000  0.0000000 
 0.0000000  0.0000000  0.0000000  0.0000000  0.0000000  0.0000000  0.0000000 
 1.0000000  0.0000000  0.0000000  0.0000000  0.0000000 
 0.0000000  0.0000000  0.0000000  0.0000000  0.0000000  0.0000000  0.0000000 
 0.0000000  1.0000000  0.0000000  0.0000000  0.0000000 
 0.0000000  0.0000000  0.0000000  0.0000000  0.0000000  0.0000000  0.0000000 
 0.0000000  0.0000000  1.0000000  0.0000000  0.0000000 
 0.0000000  0.0000000  0.0000000  0.0000000  0.0000000  0.0000000  0.0000000 
 0.0000000  0.0000000  0.0000000  1.0000000  0.0000000 
 0.0000000  0.0000000  0.0000000  0.0000000  0.0000000  0.0000000  0.0000000 
 0.0000000  0.0000000  0.0000000  0.0000000  1.0000000 

    15.0870000     7.9880400     6.2430100     4.1077300     2.3978000
     1.5672200     1.0029100     0.5890370     0.3368620     0.1715850
     0.0908100

 1.0000000  0.0000000  0.0000000  0.0000000  0.0000000  0.0000000  0.0000000 
 0.0000000  0.0000000  0.0000000  0.0000000 
 0.0000000  1.0000000  0.0000000  0.0000000  0.0000000  0.0000000  0.0000000 
 0.0000000  0.0000000  0.0000000  0.0000000 
 0.0000000  0.0000000  1.0000000  0.0000000  0.0000000  0.0000000  0.0000000 
 0.0000000  0.0000000  0.0000000  0.0000000 
 0.0000000  0.0000000  0.0000000  1.0000000  0.0000000  0.0000000  0.0000000 
 0.0000000  0.0000000  0.0000000  0.0000000 
 0.0000000  0.0000000  0.0000000  0.0000000  1.0000000  0.0000000  0.0000000 
 0.0000000  0.0000000  0.0000000  0.0000000 
 0.0000000  0.0000000  0.0000000  0.0000000  0.0000000  1.0000000  0.0000000 
 0.0000000  0.0000000  0.0000000  0.0000000 
 0.0000000  0.0000000  0.0000000  0.0000000  0.0000000  0.0000000  1.0000000 
 0.0000000  0.0000000  0.0000000  0.0000000 
 0.0000000  0.0000000  0.0000000  0.0000000  0.0000000  0.0000000  0.0000000 
 1.0000000  0.0000000  0.0000000  0.0000000 
 0.0000000  0.0000000  0.0000000  0.0000000  0.0000000  0.0000000  0.0000000 
 0.0000000  1.0000000  0.0000000  0.0000000 
 0.0000000  0.0000000  0.0000000  0.0000000  0.0000000  0.0000000  0.0000000 
 0.0000000  0.0000000  1.0000000  0.0000000 
 0.0000000  0.0000000  0.0000000  0.0000000  0.0000000  0.0000000  0.0000000 
 0.0000000  0.0000000  0.0000000  1.0000000 

     8.1406400     5.9860800     3.7641700     2.2597400     1.4637800
     0.8826430     0.5895560     0.3223230     0.1383350

 1.0000000  0.0000000  0.0000000  0.0000000  0.0000000  0.0000000  0.0000000 
 0.0000000  0.0000000 
 0.0000000  1.0000000  0.0000000  0.0000000  0.0000000  0.0000000  0.0000000 
 0.0000000  0.0000000 
 0.0000000  0.0000000  1.0000000  0.0000000  0.0000000  0.0000000  0.0000000 
 0.0000000  0.0000000 
 0.0000000  0.0000000  0.0000000  1.0000000  0.0000000  0.0000000  0.0000000 
 0.0000000  0.0000000 
 0.0000000  0.0000000  0.0000000  0.0000000  1.0000000  0.0000000  0.0000000 
 0.0000000  0.0000000 
 0.0000000  0.0000000  0.0000000  0.0000000  0.0000000  1.0000000  0.0000000 
 0.0000000  0.0000000 
 0.0000000  0.0000000  0.0000000  0.0000000  0.0000000  0.0000000  1.0000000 
 0.0000000  0.0000000 
 0.0000000  0.0000000  0.0000000  0.0000000  0.0000000  0.0000000  0.0000000 
 1.0000000  0.0000000 
 0.0000000  0.0000000  0.0000000  0.0000000  0.0000000  0.0000000  0.0000000 
 0.0000000  1.0000000 

    17.1886000     8.5932000     4.6901500     3.1055500     1.9226300
     1.2049600     0.5988880     0.3307540     0.1614680

 1.0000000  0.0000000  0.0000000  0.0000000  0.0000000  0.0000000  0.0000000 
 0.0000000  0.0000000 
 0.0000000  1.0000000  0.0000000  0.0000000  0.0000000  0.0000000  0.0000000 
 0.0000000  0.0000000 
 0.0000000  0.0000000  1.0000000  0.0000000  0.0000000  0.0000000  0.0000000 
 0.0000000  0.0000000 
 0.0000000  0.0000000  0.0000000  1.0000000  0.0000000  0.0000000  0.0000000 
 0.0000000  0.0000000 
 0.0000000  0.0000000  0.0000000  0.0000000  1.0000000  0.0000000  0.0000000 
 0.0000000  0.0000000 
 0.0000000  0.0000000  0.0000000  0.0000000  0.0000000  1.0000000  0.0000000 
 0.0000000  0.0000000 
 0.0000000  0.0000000  0.0000000  0.0000000  0.0000000  0.0000000  1.0000000 
 0.0000000  0.0000000 
 0.0000000  0.0000000  0.0000000  0.0000000  0.0000000  0.0000000  0.0000000 
 1.0000000  0.0000000 
 0.0000000  0.0000000  0.0000000  0.0000000  0.0000000  0.0000000  0.0000000 
 0.0000000  1.0000000 

     6.2397700     3.7043600     2.4124000     1.5647200     0.9786620
     0.4383340

 1.0000000  0.0000000  0.0000000  0.0000000  0.0000000  0.0000000 
 0.0000000  1.0000000  0.0000000  0.0000000  0.0000000  0.0000000 
 0.0000000  0.0000000  1.0000000  0.0000000  0.0000000  0.0000000 
 0.0000000  0.0000000  0.0000000  1.0000000  0.0000000  0.0000000 
 0.0000000  0.0000000  0.0000000  0.0000000  1.0000000  0.0000000 
 0.0000000  0.0000000  0.0000000  0.0000000  0.0000000  1.0000000 

     7.1205500     3.4266900     2.0430300     1.3615800     0.7576140

 1.0000000  0.0000000  0.0000000  0.0000000  0.0000000 
 0.0000000  1.0000000  0.0000000  0.0000000  0.0000000 
 0.0000000  0.0000000  1.0000000  0.0000000  0.0000000 
 0.0000000  0.0000000  0.0000000  1.0000000  0.0000000 
 0.0000000  0.0000000  0.0000000  0.0000000  1.0000000 

     3.1555200     2.0101130     1.2708380

 1.0000000  0.0000000  0.0000000 
 0.0000000  1.0000000  0.0000000 
 0.0000000  0.0000000  1.0000000 

IR:cc-pwCVQZ-PP MP2 Fitting
EMSL BASIS SET LIBRARY

  8
    0    1    2    3    4    5    6    7
   12   12   11    9    9    6    5    3
   12   12   11    9    9    6    5    3

    27.2083000    14.0926000     8.0503100     5.2279900     3.3602600
     2.3973700     1.3074500     0.7287390     0.4981250     0.2369810
     0.1419570     0.0697160

 1.0000000  0.0000000  0.0000000  0.0000000  0.0000000  0.0000000  0.0000000 
 0.0000000  0.0000000  0.0000000  0.0000000  0.0000000 
 0.0000000  1.0000000  0.0000000  0.0000000  0.0000000  0.0000000  0.0000000 
 0.0000000  0.0000000  0.0000000  0.0000000  0.0000000 
 0.0000000  0.0000000  1.0000000  0.0000000  0.0000000  0.0000000  0.0000000 
 0.0000000  0.0000000  0.0000000  0.0000000  0.0000000 
 0.0000000  0.0000000  0.0000000  1.0000000  0.0000000  0.0000000  0.0000000 
 0.0000000  0.0000000  0.0000000  0.0000000  0.0000000 
 0.0000000  0.0000000  0.0000000  0.0000000  1.0000000  0.0000000  0.0000000 
 0.0000000  0.0000000  0.0000000  0.0000000  0.0000000 
 0.0000000  0.0000000  0.0000000  0.0000000  0.0000000  1.0000000  0.0000000 
 0.0000000  0.0000000  0.0000000  0.0000000  0.0000000 
 0.0000000  0.0000000  0.0000000  0.0000000  0.0000000  0.0000000  1.0000000 
 0.0000000  0.0000000  0.0000000  0.0000000  0.0000000 
 0.0000000  0.0000000  0.0000000  0.0000000  0.0000000  0.0000000  0.0000000 
 1.0000000  0.0000000  0.0000000  0.0000000  0.0000000 
 0.0000000  0.0000000  0.0000000  0.0000000  0.0000000  0.0000000  0.0000000 
 0.0000000  1.0000000  0.0000000  0.0000000  0.0000000 
 0.0000000  0.0000000  0.0000000  0.0000000  0.0000000  0.0000000  0.0000000 
 0.0000000  0.0000000  1.0000000  0.0000000  0.0000000 
 0.0000000  0.0000000  0.0000000  0.0000000  0.0000000  0.0000000  0.0000000 
 0.0000000  0.0000000  0.0000000  1.0000000  0.0000000 
 0.0000000  0.0000000  0.0000000  0.0000000  0.0000000  0.0000000  0.0000000 
 0.0000000  0.0000000  0.0000000  0.0000000  1.0000000 

    17.3537000     9.3216700     6.4302800     4.2294000     2.9952000
     2.0639300     1.2695100     0.7774460     0.4404210     0.2574280
     0.1147190     0.0691270

 1.0000000  0.0000000  0.0000000  0.0000000  0.0000000  0.0000000  0.0000000 
 0.0000000  0.0000000  0.0000000  0.0000000  0.0000000 
 0.0000000  1.0000000  0.0000000  0.0000000  0.0000000  0.0000000  0.0000000 
 0.0000000  0.0000000  0.0000000  0.0000000  0.0000000 
 0.0000000  0.0000000  1.0000000  0.0000000  0.0000000  0.0000000  0.0000000 
 0.0000000  0.0000000  0.0000000  0.0000000  0.0000000 
 0.0000000  0.0000000  0.0000000  1.0000000  0.0000000  0.0000000  0.0000000 
 0.0000000  0.0000000  0.0000000  0.0000000  0.0000000 
 0.0000000  0.0000000  0.0000000  0.0000000  1.0000000  0.0000000  0.0000000 
 0.0000000  0.0000000  0.0000000  0.0000000  0.0000000 
 0.0000000  0.0000000  0.0000000  0.0000000  0.0000000  1.0000000  0.0000000 
 0.0000000  0.0000000  0.0000000  0.0000000  0.0000000 
 0.0000000  0.0000000  0.0000000  0.0000000  0.0000000  0.0000000  1.0000000 
 0.0000000  0.0000000  0.0000000  0.0000000  0.0000000 
 0.0000000  0.0000000  0.0000000  0.0000000  0.0000000  0.0000000  0.0000000 
 1.0000000  0.0000000  0.0000000  0.0000000  0.0000000 
 0.0000000  0.0000000  0.0000000  0.0000000  0.0000000  0.0000000  0.0000000 
 0.0000000  1.0000000  0.0000000  0.0000000  0.0000000 
 0.0000000  0.0000000  0.0000000  0.0000000  0.0000000  0.0000000  0.0000000 
 0.0000000  0.0000000  1.0000000  0.0000000  0.0000000 
 0.0000000  0.0000000  0.0000000  0.0000000  0.0000000  0.0000000  0.0000000 
 0.0000000  0.0000000  0.0000000  1.0000000  0.0000000 
 0.0000000  0.0000000  0.0000000  0.0000000  0.0000000  0.0000000  0.0000000 
 0.0000000  0.0000000  0.0000000  0.0000000  1.0000000 

    15.1308000     8.1775000     6.4691500     4.3460200     2.7488100
     1.8303300     1.1334000     0.6278730     0.3935260     0.1846080
     0.1021850

 1.0000000  0.0000000  0.0000000  0.0000000  0.0000000  0.0000000  0.0000000 
 0.0000000  0.0000000  0.0000000  0.0000000 
 0.0000000  1.0000000  0.0000000  0.0000000  0.0000000  0.0000000  0.0000000 
 0.0000000  0.0000000  0.0000000  0.0000000 
 0.0000000  0.0000000  1.0000000  0.0000000  0.0000000  0.0000000  0.0000000 
 0.0000000  0.0000000  0.0000000  0.0000000 
 0.0000000  0.0000000  0.0000000  1.0000000  0.0000000  0.0000000  0.0000000 
 0.0000000  0.0000000  0.0000000  0.0000000 
 0.0000000  0.0000000  0.0000000  0.0000000  1.0000000  0.0000000  0.0000000 
 0.0000000  0.0000000  0.0000000  0.0000000 
 0.0000000  0.0000000  0.0000000  0.0000000  0.0000000  1.0000000  0.0000000 
 0.0000000  0.0000000  0.0000000  0.0000000 
 0.0000000  0.0000000  0.0000000  0.0000000  0.0000000  0.0000000  1.0000000 
 0.0000000  0.0000000  0.0000000  0.0000000 
 0.0000000  0.0000000  0.0000000  0.0000000  0.0000000  0.0000000  0.0000000 
 1.0000000  0.0000000  0.0000000  0.0000000 
 0.0000000  0.0000000  0.0000000  0.0000000  0.0000000  0.0000000  0.0000000 
 0.0000000  1.0000000  0.0000000  0.0000000 
 0.0000000  0.0000000  0.0000000  0.0000000  0.0000000  0.0000000  0.0000000 
 0.0000000  0.0000000  1.0000000  0.0000000 
 0.0000000  0.0000000  0.0000000  0.0000000  0.0000000  0.0000000  0.0000000 
 0.0000000  0.0000000  0.0000000  1.0000000 

     8.2173500     6.0731200     4.3132700     2.3677400     1.6253100
     1.0071400     0.6539980     0.3741540     0.1811760

 1.0000000  0.0000000  0.0000000  0.0000000  0.0000000  0.0000000  0.0000000 
 0.0000000  0.0000000 
 0.0000000  1.0000000  0.0000000  0.0000000  0.0000000  0.0000000  0.0000000 
 0.0000000  0.0000000 
 0.0000000  0.0000000  1.0000000  0.0000000  0.0000000  0.0000000  0.0000000 
 0.0000000  0.0000000 
 0.0000000  0.0000000  0.0000000  1.0000000  0.0000000  0.0000000  0.0000000 
 0.0000000  0.0000000 
 0.0000000  0.0000000  0.0000000  0.0000000  1.0000000  0.0000000  0.0000000 
 0.0000000  0.0000000 
 0.0000000  0.0000000  0.0000000  0.0000000  0.0000000  1.0000000  0.0000000 
 0.0000000  0.0000000 
 0.0000000  0.0000000  0.0000000  0.0000000  0.0000000  0.0000000  1.0000000 
 0.0000000  0.0000000 
 0.0000000  0.0000000  0.0000000  0.0000000  0.0000000  0.0000000  0.0000000 
 1.0000000  0.0000000 
 0.0000000  0.0000000  0.0000000  0.0000000  0.0000000  0.0000000  0.0000000 
 0.0000000  1.0000000 

    19.5930000    10.0037000     5.6293200     3.3916900     2.1295700
     1.3514000     0.6841880     0.3676500     0.2113420

 1.0000000  0.0000000  0.0000000  0.0000000  0.0000000  0.0000000  0.0000000 
 0.0000000  0.0000000 
 0.0000000  1.0000000  0.0000000  0.0000000  0.0000000  0.0000000  0.0000000 
 0.0000000  0.0000000 
 0.0000000  0.0000000  1.0000000  0.0000000  0.0000000  0.0000000  0.0000000 
 0.0000000  0.0000000 
 0.0000000  0.0000000  0.0000000  1.0000000  0.0000000  0.0000000  0.0000000 
 0.0000000  0.0000000 
 0.0000000  0.0000000  0.0000000  0.0000000  1.0000000  0.0000000  0.0000000 
 0.0000000  0.0000000 
 0.0000000  0.0000000  0.0000000  0.0000000  0.0000000  1.0000000  0.0000000 
 0.0000000  0.0000000 
 0.0000000  0.0000000  0.0000000  0.0000000  0.0000000  0.0000000  1.0000000 
 0.0000000  0.0000000 
 0.0000000  0.0000000  0.0000000  0.0000000  0.0000000  0.0000000  0.0000000 
 1.0000000  0.0000000 
 0.0000000  0.0000000  0.0000000  0.0000000  0.0000000  0.0000000  0.0000000 
 0.0000000  1.0000000 

     7.2993000     3.8204200     2.7226500     1.7306200     1.0899100
     0.4958280

 1.0000000  0.0000000  0.0000000  0.0000000  0.0000000  0.0000000 
 0.0000000  1.0000000  0.0000000  0.0000000  0.0000000  0.0000000 
 0.0000000  0.0000000  1.0000000  0.0000000  0.0000000  0.0000000 
 0.0000000  0.0000000  0.0000000  1.0000000  0.0000000  0.0000000 
 0.0000000  0.0000000  0.0000000  0.0000000  1.0000000  0.0000000 
 0.0000000  0.0000000  0.0000000  0.0000000  0.0000000  1.0000000 

     7.7971400     3.6969400     2.1802800     1.3886600     0.8353570

 1.0000000  0.0000000  0.0000000  0.0000000  0.0000000 
 0.0000000  1.0000000  0.0000000  0.0000000  0.0000000 
 0.0000000  0.0000000  1.0000000  0.0000000  0.0000000 
 0.0000000  0.0000000  0.0000000  1.0000000  0.0000000 
 0.0000000  0.0000000  0.0000000  0.0000000  1.0000000 

     3.4314330     2.2965140     1.4318320

 1.0000000  0.0000000  0.0000000 
 0.0000000  1.0000000  0.0000000 
 0.0000000  0.0000000  1.0000000 

PT:cc-pwCVQZ-PP MP2 Fitting
EMSL BASIS SET LIBRARY

  8
    0    1    2    3    4    5    6    7
   12   12   11    9    9    6    5    3
   12   12   11    9    9    6    5    3

    28.6698000    15.6256000     8.4345100     5.5272100     3.4523500
     2.4454000     1.4538100     0.9453610     0.4683400     0.2551040
     0.1338690     0.0784330

 1.0000000  0.0000000  0.0000000  0.0000000  0.0000000  0.0000000  0.0000000 
 0.0000000  0.0000000  0.0000000  0.0000000  0.0000000 
 0.0000000  1.0000000  0.0000000  0.0000000  0.0000000  0.0000000  0.0000000 
 0.0000000  0.0000000  0.0000000  0.0000000  0.0000000 
 0.0000000  0.0000000  1.0000000  0.0000000  0.0000000  0.0000000  0.0000000 
 0.0000000  0.0000000  0.0000000  0.0000000  0.0000000 
 0.0000000  0.0000000  0.0000000  1.0000000  0.0000000  0.0000000  0.0000000 
 0.0000000  0.0000000  0.0000000  0.0000000  0.0000000 
 0.0000000  0.0000000  0.0000000  0.0000000  1.0000000  0.0000000  0.0000000 
 0.0000000  0.0000000  0.0000000  0.0000000  0.0000000 
 0.0000000  0.0000000  0.0000000  0.0000000  0.0000000  1.0000000  0.0000000 
 0.0000000  0.0000000  0.0000000  0.0000000  0.0000000 
 0.0000000  0.0000000  0.0000000  0.0000000  0.0000000  0.0000000  1.0000000 
 0.0000000  0.0000000  0.0000000  0.0000000  0.0000000 
 0.0000000  0.0000000  0.0000000  0.0000000  0.0000000  0.0000000  0.0000000 
 1.0000000  0.0000000  0.0000000  0.0000000  0.0000000 
 0.0000000  0.0000000  0.0000000  0.0000000  0.0000000  0.0000000  0.0000000 
 0.0000000  1.0000000  0.0000000  0.0000000  0.0000000 
 0.0000000  0.0000000  0.0000000  0.0000000  0.0000000  0.0000000  0.0000000 
 0.0000000  0.0000000  1.0000000  0.0000000  0.0000000 
 0.0000000  0.0000000  0.0000000  0.0000000  0.0000000  0.0000000  0.0000000 
 0.0000000  0.0000000  0.0000000  1.0000000  0.0000000 
 0.0000000  0.0000000  0.0000000  0.0000000  0.0000000  0.0000000  0.0000000 
 0.0000000  0.0000000  0.0000000  0.0000000  1.0000000 

    18.7237000    10.6091000     6.9120400     5.2649700     3.6374800
     2.1523900     1.3532600     0.8694490     0.4884930     0.2726370
     0.1201300     0.0737100

 1.0000000  0.0000000  0.0000000  0.0000000  0.0000000  0.0000000  0.0000000 
 0.0000000  0.0000000  0.0000000  0.0000000  0.0000000 
 0.0000000  1.0000000  0.0000000  0.0000000  0.0000000  0.0000000  0.0000000 
 0.0000000  0.0000000  0.0000000  0.0000000  0.0000000 
 0.0000000  0.0000000  1.0000000  0.0000000  0.0000000  0.0000000  0.0000000 
 0.0000000  0.0000000  0.0000000  0.0000000  0.0000000 
 0.0000000  0.0000000  0.0000000  1.0000000  0.0000000  0.0000000  0.0000000 
 0.0000000  0.0000000  0.0000000  0.0000000  0.0000000 
 0.0000000  0.0000000  0.0000000  0.0000000  1.0000000  0.0000000  0.0000000 
 0.0000000  0.0000000  0.0000000  0.0000000  0.0000000 
 0.0000000  0.0000000  0.0000000  0.0000000  0.0000000  1.0000000  0.0000000 
 0.0000000  0.0000000  0.0000000  0.0000000  0.0000000 
 0.0000000  0.0000000  0.0000000  0.0000000  0.0000000  0.0000000  1.0000000 
 0.0000000  0.0000000  0.0000000  0.0000000  0.0000000 
 0.0000000  0.0000000  0.0000000  0.0000000  0.0000000  0.0000000  0.0000000 
 1.0000000  0.0000000  0.0000000  0.0000000  0.0000000 
 0.0000000  0.0000000  0.0000000  0.0000000  0.0000000  0.0000000  0.0000000 
 0.0000000  1.0000000  0.0000000  0.0000000  0.0000000 
 0.0000000  0.0000000  0.0000000  0.0000000  0.0000000  0.0000000  0.0000000 
 0.0000000  0.0000000  1.0000000  0.0000000  0.0000000 
 0.0000000  0.0000000  0.0000000  0.0000000  0.0000000  0.0000000  0.0000000 
 0.0000000  0.0000000  0.0000000  1.0000000  0.0000000 
 0.0000000  0.0000000  0.0000000  0.0000000  0.0000000  0.0000000  0.0000000 
 0.0000000  0.0000000  0.0000000  0.0000000  1.0000000 

    16.0005000     8.2035000     6.5645900     5.5051500     3.9025400
     2.2478600     1.2369400     0.8504840     0.4348430     0.2216810
     0.1136930

 1.0000000  0.0000000  0.0000000  0.0000000  0.0000000  0.0000000  0.0000000 
 0.0000000  0.0000000  0.0000000  0.0000000 
 0.0000000  1.0000000  0.0000000  0.0000000  0.0000000  0.0000000  0.0000000 
 0.0000000  0.0000000  0.0000000  0.0000000 
 0.0000000  0.0000000  1.0000000  0.0000000  0.0000000  0.0000000  0.0000000 
 0.0000000  0.0000000  0.0000000  0.0000000 
 0.0000000  0.0000000  0.0000000  1.0000000  0.0000000  0.0000000  0.0000000 
 0.0000000  0.0000000  0.0000000  0.0000000 
 0.0000000  0.0000000  0.0000000  0.0000000  1.0000000  0.0000000  0.0000000 
 0.0000000  0.0000000  0.0000000  0.0000000 
 0.0000000  0.0000000  0.0000000  0.0000000  0.0000000  1.0000000  0.0000000 
 0.0000000  0.0000000  0.0000000  0.0000000 
 0.0000000  0.0000000  0.0000000  0.0000000  0.0000000  0.0000000  1.0000000 
 0.0000000  0.0000000  0.0000000  0.0000000 
 0.0000000  0.0000000  0.0000000  0.0000000  0.0000000  0.0000000  0.0000000 
 1.0000000  0.0000000  0.0000000  0.0000000 
 0.0000000  0.0000000  0.0000000  0.0000000  0.0000000  0.0000000  0.0000000 
 0.0000000  1.0000000  0.0000000  0.0000000 
 0.0000000  0.0000000  0.0000000  0.0000000  0.0000000  0.0000000  0.0000000 
 0.0000000  0.0000000  1.0000000  0.0000000 
 0.0000000  0.0000000  0.0000000  0.0000000  0.0000000  0.0000000  0.0000000 
 0.0000000  0.0000000  0.0000000  1.0000000 

     9.0796800     6.5939600     4.3898200     2.5946300     1.7132200
     1.0744500     0.6074710     0.3876490     0.1782400

 1.0000000  0.0000000  0.0000000  0.0000000  0.0000000  0.0000000  0.0000000 
 0.0000000  0.0000000 
 0.0000000  1.0000000  0.0000000  0.0000000  0.0000000  0.0000000  0.0000000 
 0.0000000  0.0000000 
 0.0000000  0.0000000  1.0000000  0.0000000  0.0000000  0.0000000  0.0000000 
 0.0000000  0.0000000 
 0.0000000  0.0000000  0.0000000  1.0000000  0.0000000  0.0000000  0.0000000 
 0.0000000  0.0000000 
 0.0000000  0.0000000  0.0000000  0.0000000  1.0000000  0.0000000  0.0000000 
 0.0000000  0.0000000 
 0.0000000  0.0000000  0.0000000  0.0000000  0.0000000  1.0000000  0.0000000 
 0.0000000  0.0000000 
 0.0000000  0.0000000  0.0000000  0.0000000  0.0000000  0.0000000  1.0000000 
 0.0000000  0.0000000 
 0.0000000  0.0000000  0.0000000  0.0000000  0.0000000  0.0000000  0.0000000 
 1.0000000  0.0000000 
 0.0000000  0.0000000  0.0000000  0.0000000  0.0000000  0.0000000  0.0000000 
 0.0000000  1.0000000 

    21.9504000    11.6024000     5.5901700     3.7098600     2.3427200
     1.4158100     0.7483780     0.3500380     0.1914380

 1.0000000  0.0000000  0.0000000  0.0000000  0.0000000  0.0000000  0.0000000 
 0.0000000  0.0000000 
 0.0000000  1.0000000  0.0000000  0.0000000  0.0000000  0.0000000  0.0000000 
 0.0000000  0.0000000 
 0.0000000  0.0000000  1.0000000  0.0000000  0.0000000  0.0000000  0.0000000 
 0.0000000  0.0000000 
 0.0000000  0.0000000  0.0000000  1.0000000  0.0000000  0.0000000  0.0000000 
 0.0000000  0.0000000 
 0.0000000  0.0000000  0.0000000  0.0000000  1.0000000  0.0000000  0.0000000 
 0.0000000  0.0000000 
 0.0000000  0.0000000  0.0000000  0.0000000  0.0000000  1.0000000  0.0000000 
 0.0000000  0.0000000 
 0.0000000  0.0000000  0.0000000  0.0000000  0.0000000  0.0000000  1.0000000 
 0.0000000  0.0000000 
 0.0000000  0.0000000  0.0000000  0.0000000  0.0000000  0.0000000  0.0000000 
 1.0000000  0.0000000 
 0.0000000  0.0000000  0.0000000  0.0000000  0.0000000  0.0000000  0.0000000 
 0.0000000  1.0000000 

     8.0059700     4.0405300     2.9650900     1.8648300     1.1908000
     0.5359130

 1.0000000  0.0000000  0.0000000  0.0000000  0.0000000  0.0000000 
 0.0000000  1.0000000  0.0000000  0.0000000  0.0000000  0.0000000 
 0.0000000  0.0000000  1.0000000  0.0000000  0.0000000  0.0000000 
 0.0000000  0.0000000  0.0000000  1.0000000  0.0000000  0.0000000 
 0.0000000  0.0000000  0.0000000  0.0000000  1.0000000  0.0000000 
 0.0000000  0.0000000  0.0000000  0.0000000  0.0000000  1.0000000 

     8.6939800     4.1163700     3.1397500     1.9567200     0.9706850

 1.0000000  0.0000000  0.0000000  0.0000000  0.0000000 
 0.0000000  1.0000000  0.0000000  0.0000000  0.0000000 
 0.0000000  0.0000000  1.0000000  0.0000000  0.0000000 
 0.0000000  0.0000000  0.0000000  1.0000000  0.0000000 
 0.0000000  0.0000000  0.0000000  0.0000000  1.0000000 

     3.6921810     2.6193600     1.5755600

 1.0000000  0.0000000  0.0000000 
 0.0000000  1.0000000  0.0000000 
 0.0000000  0.0000000  1.0000000 




