!  cc-pVTZ(pt/sf/fw)  EMSL  Basis Set Exchange Library   3/19/13 4:01 PM
! Original cc- basis sets:
! T.H. Dunning, Jr. J. Chem. Phys. 90, 1007 (1989).
! D.E. Woon and T.H. Dunning, Jr. J. Chem. Phys. 100, 2975 (1994).
! T.H. Dunning, Jr. J. Chem. Phys. 90, 1007 (1989).
! D.E. Woon and T.H. Dunning, Jr.  (to be published)
! D.E. Woon and T.H. Dunning, Jr.  J. Chem. Phys. 98, 1358 (1993).
! Recontraction:
! K. G. Dyall, in preparation.
!   


H:cc-pVTZ(pt/sf/fw)
EMSL BASIS SET LIBRARY

  3
    0    1    2
    3    2    1
    5    2    1

 3.3870000E+01 5.0950000E+00 1.1590000E+00 3.2580000E-01 1.0270000E-01

  .6069E-2       .0E0       .0E0 
 .45316E-1       .0E0       .0E0 
  .20283E0       .0E0       .0E0 
   .5039E0       .1E1       .0E0 
   .3834E0       .0E0       .1E1 

 1.4070000E+00 3.8800000E-01

      .1E1       .0E0 
      .0E0       .1E1 

 1.0570000E+00

      .1E1 

HE:cc-pVTZ(pt/sf/fw)
EMSL BASIS SET LIBRARY

  3
    0    1    2
    3    2    1
    6    2    1

 2.3400000E+02 3.5160000E+01 7.9890000E+00 2.2120000E+00 6.6690000E-01
 2.0890000E-01

 .25866E-2       .0E0       .0E0 
  .1955E-1       .0E0       .0E0 
  .9103E-1       .0E0       .0E0 
  .27207E0       .0E0       .0E0 
  .47805E0       .1E1       .0E0 
   .3077E0       .0E0       .1E1 

 3.0440000E+00 7.5800000E-01

      .1E1       .0E0 
      .0E0       .1E1 

 1.9650000E+00

      .1E1 

B:cc-pVTZ(pt/sf/fw)
EMSL BASIS SET LIBRARY

  4
    0    1    2    3
    4    3    2    1
   10    5    2    1

 5.4730000E+03 8.2090000E+02 1.8680000E+02 5.2830000E+01 1.7080000E+01
 5.9990000E+00 2.2080000E+00 5.8790000E-01 2.4150000E-01 8.6100000E-02

 .53119E-3 -.10652E-3       .0E0       .0E0 
 .43151E-2 -.87275E-3       .0E0       .0E0 
 .22062E-1 -.45079E-2       .0E0       .0E0 
 .84654E-1 -.17738E-1       .0E0       .0E0 
  .23876E0 -.53709E-1       .0E0       .0E0 
  .43502E0  -.11907E0       .0E0       .0E0 
  .34166E0  -.16567E0       .0E0       .0E0 
 .36797E-1   .12051E0       .1E1       .0E0 
 -.9531E-2   .59599E0       .0E0       .0E0 
  .2364E-2   .41066E0       .0E0       .1E1 

 1.2050000E+01 2.6130000E+00 7.4750000E-01 2.3850000E-01 7.6980000E-02

 .13137E-1       .0E0       .0E0 
 .79903E-1       .0E0       .0E0 
  .27724E0       .0E0       .0E0 
  .50419E0       .1E1       .0E0 
  .35381E0       .0E0       .1E1 

 6.6100000E-01 1.9900000E-01

      .1E1       .0E0 
      .0E0       .1E1 

 4.9000000E-01

      .1E1 

C:cc-pVTZ(pt/sf/fw)
EMSL BASIS SET LIBRARY

  4
    0    1    2    3
    4    3    2    1
   10    5    2    1

 8.2360000E+03 1.2350000E+03 2.8080000E+02 7.9270000E+01 2.5590000E+01
 8.9970000E+00 3.3190000E+00 9.0590000E-01 3.6430000E-01 1.2850000E-01

 .50604E-3 -.10695E-3       .0E0       .0E0 
 .41397E-2 -.88614E-3       .0E0       .0E0 
 .21248E-1 -.45871E-2       .0E0       .0E0 
 .82164E-1 -.18262E-1       .0E0       .0E0 
  .23513E0 -.56011E-1       .0E0       .0E0 
  .43437E0  -.12734E0       .0E0       .0E0 
   .3457E0  -.17063E0       .0E0       .0E0 
 .39198E-1   .14258E0       .1E1       .0E0 
-.89608E-2   .60078E0       .0E0       .0E0 
  .2382E-2   .39157E0       .0E0       .1E1 

 1.8710000E+01 4.1330000E+00 1.2000000E+00 3.8270000E-01 1.2090000E-01

 .13964E-1       .0E0       .0E0 
 .86444E-1       .0E0       .0E0 
  .28734E0       .0E0       .0E0 
  .48927E0       .1E1       .0E0 
  .36111E0       .0E0       .1E1 

 1.0970000E+00 3.1800000E-01

      .1E1       .0E0 
      .0E0       .1E1 

 7.6100000E-01

      .1E1 

N:cc-pVTZ(pt/sf/fw)
EMSL BASIS SET LIBRARY

  4
    0    1    2    3
    4    3    2    1
   10    5    2    1

 1.1420000E+04 1.7120000E+03 3.8930000E+02 1.1000000E+02 3.5570000E+01
 1.2540000E+01 4.6440000E+00 1.2930000E+00 5.1180000E-01 1.7870000E-01

 .50065E-3 -.10939E-3       .0E0       .0E0 
 .40883E-2  -.9074E-3       .0E0       .0E0 
 .20992E-1 -.46965E-2       .0E0       .0E0 
 .81155E-1 -.18737E-1       .0E0       .0E0 
  .23351E0 -.57786E-1       .0E0       .0E0 
   .4335E0  -.13293E0       .0E0       .0E0 
  .34687E0   -.1732E0       .0E0       .0E0 
 .40946E-1   .15591E0       .1E1       .0E0 
  -.848E-2   .60392E0       .0E0       .0E0 
 .23824E-2   .38026E0       .0E0       .1E1 

 2.6630000E+01 5.9480000E+00 1.7420000E+00 5.5500000E-01 1.7250000E-01

 .14582E-1       .0E0       .0E0 
 .91233E-1       .0E0       .0E0 
  .29447E0       .0E0       .0E0 
  .48026E0       .1E1       .0E0 
  .36446E0       .0E0       .1E1 

 1.6540000E+00 4.6900000E-01

      .1E1       .0E0 
      .0E0       .1E1 

 1.0930000E+00

      .1E1 

O:cc-pVTZ(pt/sf/fw)
EMSL BASIS SET LIBRARY

  4
    0    1    2    3
    4    3    2    1
   10    5    2    1

 1.5330000E+04 2.2990000E+03 5.2240000E+02 1.4730000E+02 4.7550000E+01
 1.6760000E+01 6.2070000E+00 1.7520000E+00 6.8820000E-01 2.3840000E-01

 .49202E-3 -.11003E-3       .0E0       .0E0 
 .39854E-2 -.90756E-3       .0E0       .0E0 
  .2052E-1 -.47087E-2       .0E0       .0E0 
 .79734E-1 -.18911E-1       .0E0       .0E0 
  .23126E0 -.58768E-1       .0E0       .0E0 
  .43303E0  -.13687E0       .0E0       .0E0 
  .34947E0   -.1755E0       .0E0       .0E0 
 .42507E-1   .16293E0       .1E1       .0E0 
-.81227E-2   .60438E0       .0E0       .0E0 
  .2373E-2   .37612E0       .0E0       .1E1 

 3.4460000E+01 7.7490000E+00 2.2800000E+00 7.1560000E-01 2.1400000E-01

 .15982E-1       .0E0       .0E0 
 .99734E-1       .0E0       .0E0 
   .3096E0       .0E0       .0E0 
  .48726E0       .1E1       .0E0 
   .3421E0       .0E0       .1E1 

 2.3140000E+00 6.4500000E-01

      .1E1       .0E0 
      .0E0       .1E1 

 1.4280000E+00

      .1E1 

F:cc-pVTZ(pt/sf/fw)
EMSL BASIS SET LIBRARY

  4
    0    1    2    3
    4    3    2    1
   10    5    2    1

 1.9500000E+04 2.9230000E+03 6.6450000E+02 1.8750000E+02 6.0620000E+01
 2.1420000E+01 7.9500000E+00 2.2570000E+00 8.8150000E-01 3.0410000E-01

 .50134E-3 -.11407E-3       .0E0       .0E0 
 .39983E-2 -.92814E-3       .0E0       .0E0 
  .2055E-1 -.48052E-2       .0E0       .0E0 
 .79709E-1 -.19302E-1       .0E0       .0E0 
  .23117E0 -.59969E-1       .0E0       .0E0 
  .43273E0  -.14033E0       .0E0       .0E0 
  .34895E0  -.17611E0       .0E0       .0E0 
 .43008E-1    .1732E0       .1E1       .0E0 
-.78526E-2   .60503E0       .0E0       .0E0 
 .23722E-2    .3681E0       .0E0       .1E1 

 4.3880000E+01 9.9260000E+00 2.9300000E+00 9.1320000E-01 2.6720000E-01

 .16779E-1       .0E0       .0E0 
  .10463E0       .0E0       .0E0 
  .31729E0       .0E0       .0E0 
  .48717E0       .1E1       .0E0 
  .33467E0       .0E0       .1E1 

 3.1070000E+00 8.5500000E-01

      .1E1       .0E0 
      .0E0       .1E1 

 1.9170000E+00

      .1E1 

NE:cc-pVTZ(pt/sf/fw)
EMSL BASIS SET LIBRARY

  4
    0    1    2    3
    4    3    2    1
   10    5    2    1

 2.4350000E+04 3.6500000E+03 8.2960000E+02 2.3400000E+02 7.5610000E+01
 2.6730000E+01 9.9270000E+00 2.8360000E+00 1.1020000E+00 3.7820000E-01

 .50919E-3 -.11743E-3       .0E0       .0E0 
 .39799E-2 -.93755E-3       .0E0       .0E0 
 .20427E-1 -.48465E-2       .0E0       .0E0 
 .79283E-1 -.19506E-1       .0E0       .0E0 
   .2306E0  -.6077E-1       .0E0       .0E0 
  .43255E0  -.14291E0       .0E0       .0E0 
  .34938E0  -.17685E0       .0E0       .0E0 
 .43629E-1   .17933E0       .1E1       .0E0 
-.75976E-2    .6058E0       .0E0       .0E0 
 .23599E-2   .36335E0       .0E0       .1E1 

 5.4700000E+01 1.2430000E+01 3.6790000E+00 1.1430000E+00 3.3000000E-01

   .173E-1       .0E0       .0E0 
  .10787E0       .0E0       .0E0 
  .32174E0       .0E0       .0E0 
  .48502E0       .1E1       .0E0 
  .33263E0       .0E0       .1E1 

 4.0140000E+00 1.0960000E+00

      .1E1       .0E0 
      .0E0       .1E1 

 2.5440000E+00

      .1E1 

AL:cc-pVTZ(pt/sf/fw)
EMSL BASIS SET LIBRARY

  4
    0    1    2    3
    5    4    2    1
   15    9    2    1

 2.0550000E+05 3.0780000E+04 7.0060000E+03 1.9850000E+03 6.4910000E+02
 2.3500000E+02 9.1620000E+01 3.7670000E+01 1.5910000E+01 5.8500000E+00
 2.5420000E+00 1.0570000E+00 2.9310000E-01 1.4550000E-01 5.6500000E-02

 .96185E-4 -.24342E-4  .56324E-5       .0E0       .0E0 
 .56413E-3 -.14499E-3  .33492E-4       .0E0       .0E0 
 .29053E-2 -.75299E-3  .17405E-3       .0E0       .0E0 
 .11943E-1 -.31442E-2  .72597E-3       .0E0       .0E0 
 .40823E-1 -.10913E-1  .25271E-2       .0E0       .0E0 
   .1165E0 -.32714E-1  .75842E-2       .0E0       .0E0 
  .26196E0 -.81015E-1  .18989E-1       .0E0       .0E0 
  .39564E0  -.15722E0  .37403E-1       .0E0       .0E0 
  .28274E0  -.16677E0   .4151E-1       .0E0       .0E0 
  .4399E-1   .13011E0  -.3627E-1       .0E0       .0E0 
-.48549E-2   .56202E0  -.17598E0       .0E0       .0E0 
 .25859E-2   .43367E0  -.27477E0       .0E0       .0E0 
-.10779E-2  .34828E-1    .1123E0       .1E1       .0E0 
 .71426E-3 -.11066E-1   .65208E0       .0E0       .0E0 
-.17665E-3  .21145E-2   .39228E0       .0E0       .1E1 

 4.4440000E+02 1.0510000E+02 3.3470000E+01 1.2330000E+01 4.8690000E+00
 1.9610000E+00 7.8340000E-01 1.8880000E-01 5.5570000E-02

 .17126E-2 -.30102E-3       .0E0       .0E0 
 .13273E-1 -.24593E-2       .0E0       .0E0 
 .61638E-1 -.10931E-1       .0E0       .0E0 
  .18825E0 -.36474E-1       .0E0       .0E0 
  .36046E0 -.64036E-1       .0E0       .0E0 
  .40806E0 -.97065E-1       .0E0       .0E0 
  .18847E0  .14898E-1       .1E1       .0E0 
 .97907E-2    .5027E0       .0E0       .0E0 
 -.1156E-2   .59864E0       .0E0       .1E1 

 3.3300000E-01 1.0900000E-01

      .1E1       .0E0 
      .0E0       .1E1 

 2.4400000E-01

      .1E1 

SI:cc-pVTZ(pt/sf/fw)
EMSL BASIS SET LIBRARY

  4
    0    1    2    3
    5    4    2    1
   15    9    2    1

 2.5490000E+05 3.8190000E+04 8.6900000E+03 2.4620000E+03 8.0480000E+02
 2.9130000E+02 1.1360000E+02 4.6750000E+01 1.9820000E+01 7.7080000E+00
 3.3400000E+00 1.4020000E+00 4.3870000E-01 2.0700000E-01 7.9440000E-02

 .99389E-4 -.25929E-4  .66721E-5       .0E0       .0E0 
 .54029E-3 -.14198E-3  .36423E-4       .0E0       .0E0 
 .27127E-2  -.7206E-3  .18515E-3       .0E0       .0E0 
 .11104E-1 -.29892E-2  .76692E-3       .0E0       .0E0 
 .37996E-1 -.10411E-1   .2679E-2       .0E0       .0E0 
  .10915E0 -.31241E-1  .80506E-2       .0E0       .0E0 
  .24927E0 -.78575E-1   .2047E-1       .0E0       .0E0 
  .39025E0  -.15477E0  .40964E-1       .0E0       .0E0 
  .29985E0  -.17875E0  .49529E-1       .0E0       .0E0 
 .55257E-1  .83545E-1 -.26081E-1       .0E0       .0E0 
-.39845E-2   .54869E0  -.19186E0       .0E0       .0E0 
 .25481E-2   .47661E0  -.31742E0       .0E0       .0E0 
 -.1025E-2  .46254E-1   .10063E0       .1E1       .0E0 
 .59998E-3 -.10329E-1   .68168E0       .0E0       .0E0 
-.15219E-3  .21147E-2   .39077E0       .0E0       .1E1 

 4.8150000E+02 1.1390000E+02 3.6230000E+01 1.3340000E+01 5.2520000E+00
 2.1200000E+00 8.5610000E-01 2.5280000E-01 7.8890000E-02

 .20312E-2 -.42557E-3       .0E0       .0E0 
 .15624E-1 -.34029E-2       .0E0       .0E0 
 .71922E-1 -.15288E-1       .0E0       .0E0 
  .21351E0 -.48839E-1       .0E0       .0E0 
   .3903E0 -.84638E-1       .0E0       .0E0 
  .39317E0  -.11238E0       .0E0       .0E0 
  .13237E0  .65786E-1       .1E1       .0E0 
 .40618E-2   .53533E0       .0E0       .0E0 
 .44092E-3   .53838E0       .0E0       .1E1 

 4.8100000E-01 1.5900000E-01

      .1E1       .0E0 
      .0E0       .1E1 

 3.3600000E-01

      .1E1 

P:cc-pVTZ(pt/sf/fw)
EMSL BASIS SET LIBRARY

  4
    0    1    2    3
    5    4    2    1
   15    9    2    1

 3.1240000E+05 4.6800000E+04 1.0650000E+04 3.0180000E+03 9.8680000E+02
 3.5740000E+02 1.3960000E+02 5.7630000E+01 2.4600000E+01 1.0120000E+01
 4.2830000E+00 1.8050000E+00 6.1580000E-01 2.7820000E-01 1.0550000E-01

  .1031E-3 -.27628E-4  .76462E-5       .0E0       .0E0 
 .52214E-3 -.13981E-3   .3849E-4       .0E0       .0E0 
 .25446E-2 -.69053E-3  .19074E-3       .0E0       .0E0 
 .10347E-1 -.28377E-2  .78176E-3       .0E0       .0E0 
 .35377E-1 -.98983E-2  .27378E-2       .0E0       .0E0 
  .10209E0 -.29682E-1   .8214E-2       .0E0       .0E0 
  .23599E0 -.75523E-1  .21151E-1       .0E0       .0E0 
  .38188E0  -.15061E0  .42793E-1       .0E0       .0E0 
   .3156E0  -.18796E0  .56071E-1       .0E0       .0E0 
 .69842E-1  .40543E-1 -.14191E-1       .0E0       .0E0 
-.18032E-2   .53106E0  -.19873E0       .0E0       .0E0 
 .21276E-2   .51502E0  -.35367E0       .0E0       .0E0 
-.82144E-3  .58926E-1   .8263E-1       .1E1       .0E0 
 .42548E-3 -.89557E-2   .70297E0       .0E0       .0E0 
-.11276E-3   .2035E-2   .39697E0       .0E0       .1E1 

 5.0490000E+02 1.1940000E+02 3.7960000E+01 1.3950000E+01 5.4570000E+00
 2.1770000E+00 8.0100000E-01 2.8770000E-01 9.7140000E-02

 .24825E-2 -.58618E-3       .0E0       .0E0 
 .18891E-1 -.45206E-2       .0E0       .0E0 
 .85629E-1 -.20673E-1       .0E0       .0E0 
  .24512E0  -.6157E-1       .0E0       .0E0 
  .42254E0  -.10815E0       .0E0       .0E0 
  .36765E0  -.10476E0       .0E0       .0E0 
 .77202E-1   .15911E0       .1E1       .0E0 
-.33431E-2   .54621E0       .0E0       .0E0 
 .19726E-2   .45189E0       .0E0       .1E1 

 6.5200000E-01 2.1600000E-01

      .1E1       .0E0 
      .0E0       .1E1 

 4.5200000E-01

      .1E1 

S:cc-pVTZ(pt/sf/fw)
EMSL BASIS SET LIBRARY

  4
    0    1    2    3
    5    4    2    1
   15    9    2    1

 3.7410000E+05 5.6050000E+04 1.2760000E+04 3.6150000E+03 1.1830000E+03
 4.2880000E+02 1.6780000E+02 6.9470000E+01 2.9840000E+01 1.2720000E+01
 5.2440000E+00 2.2190000E+00 7.7670000E-01 3.4900000E-01 1.3220000E-01

 .10838E-3 -.29721E-4  .86692E-5       .0E0       .0E0 
 .51532E-3 -.14034E-3  .40738E-4       .0E0       .0E0 
 .24358E-2 -.67332E-3  .19607E-3       .0E0       .0E0 
 .98141E-2 -.27353E-2  .79461E-3       .0E0       .0E0 
 .33466E-1 -.95343E-2  .27797E-2       .0E0       .0E0 
 .96777E-1  -.2854E-1    .833E-2       .0E0       .0E0 
  .22554E0 -.73173E-1  .21596E-1       .0E0       .0E0 
  .37397E0  -.14724E0  .44144E-1       .0E0       .0E0 
  .32632E0  -.19372E0  .60846E-1       .0E0       .0E0 
 .83474E-1  .12947E-1 -.52292E-2       .0E0       .0E0 
 .42195E-3   .51969E0  -.20691E0       .0E0       .0E0 
 .16152E-2   .53742E0  -.38015E0       .0E0       .0E0 
-.61075E-3  .66948E-1  .89596E-1       .1E1       .0E0 
 .29491E-3 -.88471E-2   .71447E0       .0E0       .0E0 
-.82727E-4  .21838E-2   .38851E0       .0E0       .1E1 

 5.7440000E+02 1.3580000E+02 4.3190000E+01 1.5870000E+01 6.2080000E+00
 2.4830000E+00 8.6880000E-01 3.2290000E-01 1.0980000E-01

  .2595E-2 -.66411E-3       .0E0       .0E0 
 .19699E-1 -.50457E-2       .0E0       .0E0 
  .8934E-1 -.23476E-1       .0E0       .0E0 
  .25527E0 -.68632E-1       .0E0       .0E0 
  .43372E0   -.1238E0       .0E0       .0E0 
  .35405E0 -.96112E-1       .0E0       .0E0 
 .61802E-1   .22923E0       .1E1       .0E0 
-.47881E-2   .56251E0       .0E0       .0E0 
 .22466E-2   .37318E0       .0E0       .1E1 

 8.1900000E-01 2.6900000E-01

      .1E1       .0E0 
      .0E0       .1E1 

 5.5700000E-01

      .1E1 

CL:cc-pVTZ(pt/sf/fw)
EMSL BASIS SET LIBRARY

  4
    0    1    2    3
    5    4    2    1
   15    9    2    1

 4.5610000E+05 6.8330000E+04 1.5550000E+04 4.4050000E+03 1.4390000E+03
 5.2040000E+02 2.0310000E+02 8.3960000E+01 3.6200000E+01 1.5830000E+01
 6.3340000E+00 2.6940000E+00 9.7680000E-01 4.3130000E-01 1.6250000E-01

 .11115E-3 -.31107E-4  .94523E-5       .0E0       .0E0 
 .49707E-3 -.13741E-3  .41522E-4       .0E0       .0E0 
 .22671E-2 -.63687E-3  .19323E-3       .0E0       .0E0 
 .90508E-2 -.25571E-2  .77348E-3       .0E0       .0E0 
 .30927E-1 -.89462E-2  .27168E-2       .0E0       .0E0 
 .90164E-1 -.26881E-1  .81697E-2       .0E0       .0E0 
  .21372E0 -.69981E-1  .21507E-1       .0E0       .0E0 
  .36516E0  -.14284E0  .44574E-1       .0E0       .0E0 
  .33782E0  -.19807E0  .64731E-1       .0E0       .0E0 
  .10052E0 -.14218E-1  .41617E-2       .0E0       .0E0 
 .30458E-2   .50386E0  -.20937E0       .0E0       .0E0 
 .10279E-2   .55831E0  -.40329E0       .0E0       .0E0 
-.36911E-3  .76778E-1  .82883E-1       .1E1       .0E0 
 .15104E-3  -.8037E-2   .72563E0       .0E0       .0E0 
-.50318E-4   .2236E-2   .38948E0       .0E0       .1E1 

 6.6330000E+02 1.5680000E+02 4.9980000E+01 1.8420000E+01 7.2400000E+00
 2.9220000E+00 1.0220000E+00 3.8180000E-01 1.3010000E-01

 .26022E-2 -.70574E-3       .0E0       .0E0 
 .19702E-1 -.53272E-2       .0E0       .0E0 
 .89455E-1 -.24962E-1       .0E0       .0E0 
  .25679E0 -.73007E-1       .0E0       .0E0 
  .43668E0   -.1339E0       .0E0       .0E0 
  .34929E0 -.94017E-1       .0E0       .0E0 
 .58337E-1   .26279E0       .1E1       .0E0 
-.45526E-2   .56405E0       .0E0       .0E0 
 .22626E-2   .34132E0       .0E0       .1E1 

 1.0460000E+00 3.4400000E-01

      .1E1       .0E0 
      .0E0       .1E1 

 7.0600000E-01

      .1E1 

AR:cc-pVTZ(pt/sf/fw)
EMSL BASIS SET LIBRARY

  4
    0    1    2    3
    5    4    2    1
   15    9    2    1

 5.4500000E+05 8.1640000E+04 1.8580000E+04 5.2610000E+03 1.7170000E+03
 6.1990000E+02 2.4160000E+02 9.9790000E+01 4.3150000E+01 1.9140000E+01
 7.4880000E+00 3.2050000E+00 1.1960000E+00 5.2040000E-01 1.9540000E-01

 .11528E-3 -.32827E-4  .10306E-4       .0E0       .0E0 
 .48865E-3 -.13699E-3  .42749E-4       .0E0       .0E0 
 .21514E-2 -.61301E-3   .1922E-3       .0E0       .0E0 
 .84862E-2 -.24271E-2  .75828E-3       .0E0       .0E0 
 .28993E-1 -.84993E-2  .26666E-2       .0E0       .0E0 
 .84945E-1 -.25585E-1  .80318E-2       .0E0       .0E0 
  .20383E0 -.67305E-1  .21364E-1       .0E0       .0E0 
  .35681E0  -.13909E0  .44817E-1       .0E0       .0E0 
  .34623E0  -.20056E0  .67642E-1       .0E0       .0E0 
  .11624E0 -.35283E-1  .11959E-1       .0E0       .0E0 
 .54682E-2   .48989E0  -.21102E0       .0E0       .0E0 
 .45979E-3    .5731E0  -.42212E0       .0E0       .0E0 
-.14284E-3  .85249E-1  .78437E-1       .1E1       .0E0 
 .26032E-4 -.70066E-2   .73377E0       .0E0       .0E0 
-.22544E-4  .22426E-2   .39032E0       .0E0       .1E1 

 7.6180000E+02 1.8020000E+02 5.7500000E+01 2.1240000E+01 8.3880000E+00
 3.4160000E+00 1.2060000E+00 4.5230000E-01 1.5450000E-01

 .25935E-2 -.73021E-3       .0E0       .0E0 
 .19575E-1 -.54847E-2       .0E0       .0E0 
 .89174E-1 -.25875E-1       .0E0       .0E0 
   .2573E0 -.75966E-1       .0E0       .0E0 
  .43845E0    -.141E0       .0E0       .0E0 
  .34632E0 -.92316E-1       .0E0       .0E0 
 .56407E-1   .28351E0       .1E1       .0E0 
-.52032E-2   .56176E0       .0E0       .0E0 
 .16342E-2   .32501E0       .0E0       .1E1 

 1.2540000E+00 4.1000000E-01

      .1E1       .0E0 
      .0E0       .1E1 

 8.9000000E-01

      .1E1 

GA:cc-pVTZ(pt/sf/fw)
EMSL BASIS SET LIBRARY

  4
    0    1    2    3
    6    5    3    1
   20   13    9    1

 6.5581573E+06 9.8202534E+05 2.2346769E+05 6.3288291E+04 2.0642940E+04
 7.4505224E+03 2.9050744E+03 1.2042100E+03 5.2430454E+02 2.3746563E+02
 1.1057866E+02 5.1374624E+01 2.4440846E+01 1.1768591E+01 5.3421190E+00
 2.4950360E+00 1.0987730E+00 2.6018000E-01 1.2707900E-01 5.4408000E-02

 .10522E-3 -.33645E-4  .12881E-4  -.3019E-5       .0E0       .0E0 
 .30724E-3 -.98168E-4  .37634E-4 -.88368E-5       .0E0       .0E0 
 .86307E-3 -.27476E-3  .10534E-3 -.24663E-4       .0E0       .0E0 
 .24097E-2 -.76666E-3  .29422E-3 -.69097E-4       .0E0       .0E0 
 .69273E-2 -.22135E-2  .84878E-3 -.19871E-3       .0E0       .0E0 
 .19556E-1 -.63228E-2  .24298E-2 -.57079E-3       .0E0       .0E0 
 .51795E-1 -.17183E-1  .66111E-2 -.15484E-2       .0E0       .0E0 
  .12277E0 -.42839E-1  .16619E-1 -.39109E-2       .0E0       .0E0 
  .24287E0 -.94535E-1  .37096E-1 -.87054E-2       .0E0       .0E0 
  .35003E0  -.16887E0  .68479E-1 -.16238E-1       .0E0       .0E0 
   .2816E0  -.19263E0  .81811E-1 -.19307E-1       .0E0       .0E0 
 .76679E-1  .32442E-1 -.15466E-1  .33518E-2       .0E0       .0E0 
 .61271E-3   .50742E0  -.31499E0  .79858E-1       .0E0       .0E0 
 .14874E-2   .51173E0  -.47064E0   .12256E0       .0E0       .0E0 
-.70979E-3   .10115E0   .12098E0 -.37276E-1       .0E0       .0E0 
 .28791E-3 -.53425E-3   .73355E0  -.26234E0       .0E0       .0E0 
-.12226E-3  .19518E-2   .40464E0  -.26829E0       .0E0       .0E0 
  .4725E-4 -.41514E-3   .1693E-1   .34487E0       .0E0       .0E0 
 -.3518E-4  .30649E-3 -.67062E-2   .56888E0       .1E1       .0E0 
 .10018E-4  -.8858E-4   .1521E-2   .26375E0       .0E0       .1E1 

 8.0501674E+03 1.9075361E+03 6.1862746E+02 2.3532417E+02 9.8899646E+01
 4.4248215E+01 2.0617429E+01 9.7805160E+00 4.4412380E+00 1.9640450E+00
 8.3357800E-01 1.9344500E-01 5.6117000E-02

  .5798E-3 -.22095E-3  .36622E-4       .0E0       .0E0 
 .33908E-2 -.12935E-2  .20778E-3       .0E0       .0E0 
 .16783E-1 -.64863E-2  .10775E-2       .0E0       .0E0 
 .63052E-1  -.2479E-1  .39904E-2       .0E0       .0E0 
  .17729E0 -.72784E-1  .12219E-1       .0E0       .0E0 
  .34266E0  -.14766E0  .23675E-1       .0E0       .0E0 
  .38639E0  -.17473E0   .3103E-1       .0E0       .0E0 
  .18009E0  .42763E-1 -.14945E-1       .0E0       .0E0 
 .21249E-1   .42743E0 -.73788E-1       .0E0       .0E0 
 .11113E-2    .4915E0  -.12638E0       .0E0       .0E0 
 .27549E-3   .17514E0  .20259E-1       .0E0       .0E0 
 .10707E-4   .6068E-2   .50702E0       .1E1       .0E0 
-.36361E-5 -.70574E-3    .5992E0       .0E0       .1E1 

 2.4414741E+02 7.3067595E+01 2.7592081E+01 1.1546518E+01 5.0486280E+00
 2.1784650E+00 9.0025300E-01 3.3732700E-01 1.1690000E-01

 .21245E-2       .0E0       .0E0 
  .1666E-1       .0E0       .0E0 
 .70225E-1       .0E0       .0E0 
  .19004E0       .0E0       .0E0 
  .32402E0       .0E0       .0E0 
  .36672E0       .0E0       .0E0 
  .27729E0       .0E0       .0E0 
 .96422E-1       .1E1       .0E0 
 .37653E-2       .0E0       .1E1 

 2.8810000E-01

      .1E1 

GE:cc-pVTZ(pt/sf/fw)
EMSL BASIS SET LIBRARY

  4
    0    1    2    3
    6    5    3    1
   20   13    9    1

 7.4479668E+06 1.1153182E+06 2.5384265E+05 7.1915285E+04 2.3470181E+04
 8.4774918E+03 3.3083908E+03 1.3726054E+03 5.9822007E+02 2.7138602E+02
 1.2697795E+02 6.0222065E+01 2.8018582E+01 1.3517522E+01 6.3094060E+00
 2.9045340E+00 1.2875560E+00 3.3655200E-01 1.6773200E-01 7.1069000E-02

 .10721E-3 -.34479E-4  .13345E-4  -.3447E-5       .0E0       .0E0 
  .3102E-3 -.99614E-4  .38553E-4 -.99693E-5       .0E0       .0E0 
 .85801E-3  -.2751E-3  .10668E-3 -.27531E-4       .0E0       .0E0 
 .23439E-2 -.74956E-3  .29039E-3 -.75097E-4       .0E0       .0E0 
 .66057E-2 -.21241E-2  .82386E-3 -.21258E-3       .0E0       .0E0 
 .18409E-1 -.59747E-2  .23181E-2 -.59977E-3       .0E0       .0E0 
 .48507E-1 -.16158E-1  .62866E-2 -.16228E-2       .0E0       .0E0 
  .11525E0 -.40186E-1   .1573E-1 -.40768E-2       .0E0       .0E0 
  .23077E0 -.89373E-1  .35433E-1 -.91643E-2       .0E0       .0E0 
  .34293E0  -.16188E0  .66032E-1 -.17238E-1       .0E0       .0E0 
  .29415E0  -.19685E0  .84364E-1 -.21968E-1       .0E0       .0E0 
 .93424E-1 -.36214E-2  .92288E-3 -.57048E-3       .0E0       .0E0 
 .37386E-2   .47325E0  -.28766E0  .80128E-1       .0E0       .0E0 
  .9295E-3   .53946E0  -.49068E0   .14138E0       .0E0       .0E0 
-.45672E-3   .12765E0  .44888E-1 -.16775E-1       .0E0       .0E0 
 .16102E-3  .18818E-2   .73142E0  -.28629E0       .0E0       .0E0 
 -.8454E-4  .18884E-2   .45363E0  -.32301E0       .0E0       .0E0 
 .34212E-4 -.41514E-3  .22903E-1   .33022E0       .1E1       .0E0 
-.24352E-4  .28664E-3 -.79768E-2   .60094E0       .0E0       .0E0 
 .65617E-5 -.80367E-4   .1706E-2   .26957E0       .0E0       .1E1 

 6.9795982E+03 1.6541648E+03 5.3602865E+02 2.0353713E+02 8.5237530E+01
 3.7841962E+01 1.7406512E+01 7.8814920E+00 3.5332130E+00 1.5214730E+00
 5.6270400E-01 1.9909300E-01 6.7031000E-02

 .79849E-3 -.30821E-3  .60536E-4       .0E0       .0E0 
 .47867E-2 -.18622E-2   .3639E-3       .0E0       .0E0 
 .23476E-1  -.9213E-2   .1813E-2       .0E0       .0E0 
 .85669E-1 -.34602E-1  .67876E-2       .0E0       .0E0 
  .22653E0 -.95297E-1  .18917E-1       .0E0       .0E0 
  .39079E0  -.17603E0  .34869E-1       .0E0       .0E0 
  .35117E0  -.14222E0  .28361E-1       .0E0       .0E0 
   .1041E0   .19356E0 -.48591E-1       .0E0       .0E0 
 .35856E-2   .52751E0  -.12447E0       .0E0       .0E0 
 .18465E-2   .39062E0  -.11799E0       .0E0       .0E0 
-.39319E-3  .55106E-1    .1446E0       .1E1       .0E0 
 .18117E-3 -.29975E-2   .55351E0       .0E0       .0E0 
-.58375E-4  .12701E-2   .46222E0       .0E0       .1E1 

 2.8223911E+02 8.4549957E+01 3.2073656E+01 1.3497495E+01 5.9585500E+00
 2.6107880E+00 1.1039870E+00 4.2404900E-01 1.5200000E-01

 .19305E-2       .0E0       .0E0 
 .15344E-1       .0E0       .0E0 
 .65994E-1       .0E0       .0E0 
  .18297E0       .0E0       .0E0 
  .32143E0       .0E0       .0E0 
  .37176E0       .0E0       .0E0 
  .27801E0       .0E0       .0E0 
 .89259E-1       .1E1       .0E0 
 .30213E-2       .0E0       .1E1 

 3.4580000E-01

      .1E1 

AS:cc-pVTZ(pt/sf/fw)
EMSL BASIS SET LIBRARY

  4
    0    1    2    3
    6    5    3    1
   20   13    9    1

 8.4823396E+06 1.2701509E+06 2.8905696E+05 8.1879849E+04 2.6716564E+04
 9.6475842E+03 3.7641195E+03 1.5615656E+03 6.8081467E+02 3.0924119E+02
 1.4525736E+02 6.9739048E+01 3.1770325E+01 1.5391757E+01 7.3415260E+00
 3.3237160E+00 1.4858670E+00 4.2108600E-01 2.1150000E-01 8.8974000E-02

 .10876E-3 -.35168E-4   .1376E-4 -.38198E-5       .0E0       .0E0 
   .312E-3 -.10069E-3  .39353E-4 -.10931E-4       .0E0       .0E0 
 .85074E-3 -.27458E-3  .10767E-3 -.29872E-4       .0E0       .0E0 
 .22769E-2 -.73193E-3  .28631E-3 -.79531E-4       .0E0       .0E0 
 .62963E-2 -.20368E-2  .79905E-3  -.2216E-3       .0E0       .0E0 
 .17333E-1  -.5647E-2  .22123E-2 -.61492E-3       .0E0       .0E0 
 .45459E-1 -.15201E-1  .59807E-2 -.16593E-2       .0E0       .0E0 
  .10825E0 -.37736E-1  .14907E-1 -.41497E-2       .0E0       .0E0 
  .21918E0 -.84489E-1  .33844E-1 -.94078E-2       .0E0       .0E0 
  .33488E0  -.15501E0  .63628E-1 -.17837E-1       .0E0       .0E0 
  .30485E0  -.19889E0  .85974E-1 -.24079E-1       .0E0       .0E0 
  .11128E0 -.33644E-1  .14539E-1 -.44218E-2       .0E0       .0E0 
 .73082E-2   .43836E0  -.26253E0  .78424E-1       .0E0       .0E0 
 .25712E-3   .55865E0  -.50207E0   .15584E0       .0E0       .0E0 
-.14508E-3   .15537E0 -.19311E-1  .40099E-2       .0E0       .0E0 
 .14512E-4    .498E-2   .72308E0  -.30369E0       .0E0       .0E0 
-.33166E-4  .16711E-2   .49365E0  -.37076E0       .0E0       .0E0 
 .12253E-4  -.3578E-3   .2893E-1   .31193E0       .1E1       .0E0 
 -.8298E-5  .22755E-3 -.87787E-2   .63086E0       .0E0       .0E0 
  .2194E-5 -.65056E-4  .18336E-2   .27815E0       .0E0       .1E1 

 7.4238614E+03 1.7595166E+03 5.7022916E+02 2.1657997E+02 9.0734252E+01
 4.0308791E+01 1.8555502E+01 8.3965430E+00 3.7673670E+00 1.6297010E+00
 5.6826300E-01 2.2250300E-01 8.0405000E-02

 .82788E-3 -.32434E-3  .71595E-4       .0E0       .0E0 
 .48754E-2 -.19258E-2  .42612E-3       .0E0       .0E0 
 .23789E-1 -.94788E-2   .2096E-2       .0E0       .0E0 
 .86547E-1 -.35514E-1   .7894E-2       .0E0       .0E0 
  .22836E0 -.97627E-1  .21757E-1       .0E0       .0E0 
  .39226E0  -.17978E0  .40575E-1       .0E0       .0E0 
  .34895E0  -.14151E0  .30854E-1       .0E0       .0E0 
  .10175E0   .20447E0 -.56249E-1       .0E0       .0E0 
 .32604E-2   .53774E0  -.15112E0       .0E0       .0E0 
 .17725E-2   .37859E0  -.11898E0       .0E0       .0E0 
-.42519E-3  .45381E-1   .21762E0       .1E1       .0E0 
 .21411E-3 -.46732E-2   .54871E0       .0E0       .0E0 
-.70063E-4  .17053E-2   .39768E0       .0E0       .1E1 

 3.2101961E+02 9.6249305E+01 3.6644963E+01 1.5493965E+01 6.8911380E+00
 3.0548310E+00 1.3142410E+00 5.1343000E-01 1.8770000E-01

 .17929E-2       .0E0       .0E0 
 .14384E-1       .0E0       .0E0 
  .6287E-1       .0E0       .0E0 
  .17765E0       .0E0       .0E0 
  .31964E0       .0E0       .0E0 
  .37611E0       .0E0       .0E0 
  .27785E0       .0E0       .0E0 
 .83517E-1       .1E1       .0E0 
 .25353E-2       .0E0       .1E1 

 4.1580000E-01

      .1E1 

SE:cc-pVTZ(pt/sf/fw)
EMSL BASIS SET LIBRARY

  4
    0    1    2    3
    6    5    3    1
   20   13    9    1

 9.5636000E+06 1.4321000E+06 3.2591000E+05 9.2312000E+04 3.0116000E+04
 1.0872000E+04 4.2401000E+03 1.7584000E+03 7.6659000E+02 3.4843000E+02
 1.6403000E+02 7.9142000E+01 3.5524000E+01 1.7305000E+01 8.3784000E+00
 3.7405000E+00 1.6890000E+00 5.0927000E-01 2.5520000E-01 1.0651000E-01

  .1109E-3 -.36042E-4  .14251E-4  -.4186E-5       .0E0       .0E0 
 .31564E-3 -.10238E-3  .40407E-4 -.11874E-4       .0E0       .0E0 
 .84988E-3 -.27598E-3  .10939E-3 -.32114E-4       .0E0       .0E0 
 .22327E-2 -.72156E-3  .28502E-3 -.83759E-4       .0E0       .0E0 
 .60636E-2 -.19728E-2  .78249E-3 -.22962E-3       .0E0       .0E0 
 .16487E-1  -.5394E-2  .21338E-2 -.62754E-3       .0E0       .0E0 
 .43022E-1 -.14442E-1   .5744E-2 -.16862E-2       .0E0       .0E0 
  .10258E0 -.35784E-1  .14267E-1 -.42017E-2       .0E0       .0E0 
  .20952E0 -.80512E-1  .32579E-1 -.95817E-2       .0E0       .0E0 
  .32735E0  -.14931E0  .61721E-1 -.18305E-1       .0E0       .0E0 
  .31294E0  -.19952E0  .86972E-1 -.25775E-1       .0E0       .0E0 
   .1272E0 -.56133E-1  .24823E-1 -.77601E-2       .0E0       .0E0 
 .10682E-1   .40755E0  -.24213E0  .76541E-1       .0E0       .0E0 
-.37832E-3   .56997E0  -.50743E0   .16676E0       .0E0       .0E0 
  .1498E-3   .18084E0 -.69865E-1  .23002E-1       .0E0       .0E0 
-.11885E-3  .81758E-2   .71285E0  -.31836E0       .0E0       .0E0 
 .19849E-4  .13624E-2   .52387E0   -.4109E0       .0E0       .0E0 
 -.1221E-4 -.26529E-3  .34265E-1   .30337E0       .1E1       .0E0 
  .8125E-5  .14834E-3 -.90666E-2   .65798E0       .0E0       .0E0 
-.19475E-5 -.47185E-4  .19069E-2   .27764E0       .0E0       .1E1 

 8.0043000E+03 1.8969000E+03 6.1471000E+02 2.3350000E+02 9.7856000E+01
 4.3514000E+01 2.0063000E+01 9.1127000E+00 4.1063000E+00 1.7949000E+00
 6.2432000E-01 2.4615000E-01 8.8917000E-02

 .84057E-3 -.33414E-3  .80424E-4       .0E0       .0E0 
 .48489E-2 -.19431E-2  .47035E-3       .0E0       .0E0 
 .23552E-1 -.95235E-2   .2296E-2       .0E0       .0E0 
 .85641E-1 -.35652E-1  .86732E-2       .0E0       .0E0 
   .2266E0 -.98338E-1  .23891E-1       .0E0       .0E0 
  .39101E0  -.18187E0  .45048E-1       .0E0       .0E0 
  .35034E0  -.14473E0  .34031E-1       .0E0       .0E0 
  .10393E0    .2034E0 -.60768E-1       .0E0       .0E0 
  .3569E-2   .54205E0  -.17172E0       .0E0       .0E0 
 .17221E-2   .37604E0  -.12371E0       .0E0       .0E0 
-.42391E-3  .42697E-1   .26989E0       .1E1       .0E0 
 .20568E-3 -.44612E-2   .56738E0       .0E0       .0E0 
-.69162E-4  .17139E-2   .33387E0       .0E0       .1E1 

 3.6185000E+02 1.0855000E+02 4.1433000E+01 1.7579000E+01 7.8627000E+00
 3.5180000E+00 1.5348000E+00 6.0813000E-01 2.2200000E-01

   .168E-2       .0E0       .0E0 
 .13583E-1       .0E0       .0E0 
 .60277E-1       .0E0       .0E0 
  .17327E0       .0E0       .0E0 
  .31825E0       .0E0       .0E0 
  .37989E0       .0E0       .0E0 
  .27732E0       .0E0       .0E0 
 .79135E-1       .1E1       .0E0 
 .22889E-2       .0E0       .1E1 

 4.6200000E-01

      .1E1 

BR:cc-pVTZ(pt/sf/fw)
EMSL BASIS SET LIBRARY

  4
    0    1    2    3
    6    5    3    1
   20   13    9    1

 1.0639000E+07 1.5934000E+06 3.6261000E+05 1.0270000E+05 3.3501000E+04
 1.2093000E+04 4.7159000E+03 1.9556000E+03 8.5261000E+02 3.8767000E+02
 1.8268000E+02 8.8245000E+01 3.9263000E+01 1.9234000E+01 9.4057000E+00
 4.1601000E+00 1.8995000E+00 6.0472000E-01 3.0114000E-01 1.2515000E-01

 .11394E-3 -.37208E-4  .14861E-4 -.45693E-5       .0E0       .0E0 
 .32198E-3 -.10495E-3  .41826E-4 -.12864E-4       .0E0       .0E0 
 .85757E-3 -.28006E-3  .11215E-3 -.34465E-4       .0E0       .0E0 
 .22163E-2 -.72016E-3  .28722E-3 -.88343E-4       .0E0       .0E0 
 .59191E-2 -.19365E-2  .77615E-3 -.23841E-3       .0E0       .0E0 
 .15893E-1 -.52231E-2  .20861E-2 -.64217E-3       .0E0       .0E0 
 .41218E-1 -.13892E-1  .55829E-2 -.17156E-2       .0E0       .0E0 
 .98234E-1  -.3433E-1  .13814E-1 -.42582E-2       .0E0       .0E0 
  .20189E0 -.77464E-1  .31655E-1 -.97446E-2       .0E0       .0E0 
  .32091E0   -.1449E0  .60359E-1 -.18737E-1       .0E0       .0E0 
  .31879E0  -.19948E0  .87681E-1 -.27203E-1       .0E0       .0E0 
  .14026E0 -.72639E-1  .32528E-1 -.10543E-1       .0E0       .0E0 
 .13642E-1   .38174E0  -.22616E0  .74891E-1       .0E0       .0E0 
-.91479E-3    .5763E0  -.50974E0   .17546E0       .0E0       .0E0 
 .39805E-3   .20295E0  -.10997E0  .39732E-1       .0E0       .0E0 
-.23008E-3  .11179E-1   .70229E0  -.33051E0       .0E0       .0E0 
 .68745E-4  .10287E-2   .54727E0  -.44592E0       .0E0       .0E0 
-.35193E-4 -.16655E-3  .39239E-1    .2963E0       .1E1       .0E0 
 .22333E-4  .69418E-4  -.8973E-2   .68084E0       .0E0       .0E0 
-.53749E-5 -.31104E-4  .19434E-2   .27826E0       .0E0       .1E1 

 8.6765000E+03 2.0559000E+03 6.6623000E+02 2.5310000E+02 1.0612000E+02
 4.7242000E+01 2.1825000E+01 9.9684000E+00 4.5171000E+00 1.9982000E+00
 7.0988000E-01 2.8145000E-01 1.0204000E-01

 .84579E-3 -.34094E-3  .87847E-4       .0E0       .0E0 
 .47703E-2 -.19378E-2  .50267E-3       .0E0       .0E0 
 .23062E-1 -.94574E-2  .24408E-2       .0E0       .0E0 
 .83883E-1 -.35389E-1  .92283E-2       .0E0       .0E0 
  .22303E0 -.98152E-1  .25531E-1       .0E0       .0E0 
  .38833E0  -.18299E0  .48649E-1       .0E0       .0E0 
  .35349E0  -.14989E0  .37699E-1       .0E0       .0E0 
  .10844E0   .19612E0 -.63136E-1       .0E0       .0E0 
 .42164E-2   .54345E0  -.18793E0       .0E0       .0E0 
 .16942E-2   .37912E0  -.13185E0       .0E0       .0E0 
-.42846E-3  .43388E-1   .29774E0       .1E1       .0E0 
 .19796E-3  -.4037E-2   .57235E0       .0E0       .0E0 
-.68978E-4  .17126E-2   .30636E0       .0E0       .1E1 

 4.0383000E+02 1.2117000E+02 4.6345000E+01 1.9721000E+01 8.8624000E+00
 3.9962000E+00 1.7636000E+00 7.0619000E-01 2.6390000E-01

 .15938E-2       .0E0       .0E0 
 .12961E-1       .0E0       .0E0 
  .5825E-1       .0E0       .0E0 
  .16985E0       .0E0       .0E0 
  .31728E0       .0E0       .0E0 
  .38312E0       .0E0       .0E0 
  .27641E0       .0E0       .0E0 
 .75356E-1       .1E1       .0E0 
 .20715E-2       .0E0       .1E1 

 5.5150000E-01

      .1E1 

KR:cc-pVTZ(pt/sf/fw)
EMSL BASIS SET LIBRARY

  4
    0    1    2    3
    6    5    3    1
   20   13    9    1

 1.1718113E+07 1.7546044E+06 3.9928132E+05 1.1308457E+05 3.6885925E+04
 1.3312209E+04 5.1899883E+03 2.1516597E+03 9.3803251E+02 4.2655732E+02
 2.0106660E+02 9.7097605E+01 4.2998724E+01 2.1177075E+01 1.0426752E+01
 4.5850080E+00 2.1176030E+00 7.0705700E-01 3.4922500E-01 1.4482100E-01

 .11768E-3  -.3861E-4  .15569E-4 -.49725E-5       .0E0       .0E0 
 .33045E-3 -.10824E-3  .43545E-4  -.1391E-4       .0E0       .0E0 
 .87163E-3 -.28618E-3  .11571E-3 -.36941E-4       .0E0       .0E0 
 .22196E-2 -.72516E-3  .29194E-3 -.93261E-4       .0E0       .0E0 
 .58373E-2 -.19201E-2  .77721E-3   -.248E-3       .0E0       .0E0 
 .15486E-1  -.5113E-2  .20614E-2 -.65907E-3       .0E0       .0E0 
 .39909E-1 -.13508E-1  .54821E-2 -.17499E-2       .0E0       .0E0 
 .94979E-1 -.33278E-1  .13513E-1 -.43261E-2       .0E0       .0E0 
    .196E0 -.75193E-1   .3102E-1 -.99186E-2       .0E0       .0E0 
   .3156E0  -.14158E0  .59442E-1 -.19167E-1       .0E0       .0E0 
  .32294E0   -.1992E0  .88281E-1 -.28452E-1       .0E0       .0E0 
  .15069E0 -.84797E-1  .38351E-1 -.12855E-1       .0E0       .0E0 
 .16173E-1    .3605E0  -.21372E0  .73594E-1       .0E0       .0E0 
 -.1344E-2   .57958E0  -.51076E0   .18274E0       .0E0       .0E0 
 .59544E-3   .22179E0  -.14221E0  .54442E-1       .0E0       .0E0 
-.31983E-3  .13891E-1   .69271E0  -.34122E0       .0E0       .0E0 
 .11181E-3  .70501E-3   .56539E0  -.47671E0       .0E0       .0E0 
 -.5532E-4 -.77921E-4  .43866E-1   .29131E0       .1E1       .0E0 
 .33735E-4  .72282E-6 -.86076E-2   .70013E0       .0E0       .0E0 
-.80425E-5 -.18538E-4   .1956E-2   .27903E0       .0E0       .1E1 

 9.3663090E+03 2.2195543E+03 7.1945288E+02 2.7346446E+02 1.1475225E+02
 5.1155569E+01 2.3682676E+01 1.0875484E+01 4.9551310E+00 2.2172670E+00
 8.0641000E-01 3.2215400E-01 1.1761900E-01

 .85425E-3  -.3491E-3  .94453E-4       .0E0       .0E0 
 .47102E-2  -.1939E-2   .5285E-3       .0E0       .0E0 
 .22642E-1 -.94137E-2  .25513E-2       .0E0       .0E0 
 .82276E-1 -.35168E-1  .96385E-2       .0E0       .0E0 
  .21961E0 -.97972E-1   .2677E-1       .0E0       .0E0 
  .38552E0    -.184E0  .51467E-1       .0E0       .0E0 
  .35637E0  -.15492E0  .40951E-1       .0E0       .0E0 
  .11293E0   .18887E0 -.64466E-1       .0E0       .0E0 
 .49021E-2   .54461E0  -.20121E0       .0E0       .0E0 
 .16617E-2   .38252E0  -.13899E0       .0E0       .0E0 
-.42564E-3  .44193E-1   .31642E0       .1E1       .0E0 
 .20463E-3 -.44386E-2   .57248E0       .0E0       .0E0 
-.62163E-4  .12989E-2   .29215E0       .0E0       .1E1 

 4.4616133E+02 1.3396477E+02 5.1345907E+01 2.1916906E+01 9.8937250E+00
 4.4925270E+00 2.0022930E+00 8.0840900E-01 3.0060000E-01

 .15318E-2       .0E0       .0E0 
 .12491E-1       .0E0       .0E0 
 .56678E-1       .0E0       .0E0 
  .16708E0       .0E0       .0E0 
  .31645E0       .0E0       .0E0 
  .38582E0       .0E0       .0E0 
  .27538E0       .0E0       .0E0 
 .72213E-1       .1E1       .0E0 
 .18982E-2       .0E0       .1E1 

 6.6220000E-01

      .1E1 




