!  cc-pV5Z(fi/sf/fw)  EMSL  Basis Set Exchange Library   3/19/13 3:55 PM
! Original cc- basis sets:
! T.H. Dunning, Jr. J. Chem. Phys. 90, 1007 (1989).
! D.E. Woon and T.H. Dunning, Jr. J. Chem. Phys. 100, 2975 (1994).
! T.H. Dunning, Jr. J. Chem. Phys. 90, 1007 (1989).
! D.E. Woon and T.H. Dunning, Jr.  (to be published)
! D.E. Woon and T.H. Dunning, Jr.  J. Chem. Phys. 98, 1358 (1993).
! Recontraction:
! K. G. Dyall, in preparation.
!   


H:cc-pV5Z(fi/sf/fw)
EMSL BASIS SET LIBRARY

  5
    0    1    2    3    4
    5    4    3    2    1
    8    4    3    2    1

 4.0200000E+02 6.0240000E+01 1.3730000E+01 3.9050000E+00 1.2830000E+00
 4.6550000E-01 1.8110000E-01 7.2790000E-02

 .27661E-3       .0E0       .0E0       .0E0       .0E0 
 .21655E-2       .0E0       .0E0       .0E0       .0E0 
 .11204E-1       .0E0       .0E0       .0E0       .0E0 
 .44885E-1       .0E0       .0E0       .0E0       .0E0 
  .14231E0       .1E1       .0E0       .0E0       .0E0 
  .33098E0       .0E0       .1E1       .0E0       .0E0 
  .43626E0       .0E0       .0E0       .1E1       .0E0 
  .17643E0       .0E0       .0E0       .0E0       .1E1 

 4.5160000E+00 1.7120000E+00 6.4900000E-01 2.4600000E-01

      .1E1       .0E0       .0E0       .0E0 
      .0E0       .1E1       .0E0       .0E0 
      .0E0       .0E0       .1E1       .0E0 
      .0E0       .0E0       .0E0       .1E1 

 2.9500000E+00 1.2060000E+00 4.9300000E-01

      .1E1       .0E0       .0E0 
      .0E0       .1E1       .0E0 
      .0E0       .0E0       .1E1 

 8.7500000E-01 2.5060000E+00

      .1E1       .0E0 
      .0E0       .1E1 

 2.3580000E+00

      .1E1 

HE:cc-pV5Z(fi/sf/fw)
EMSL BASIS SET LIBRARY

  5
    0    1    2    3    4
    5    4    3    2    1
    8    4    3    2    1

 1.1450000E+03 1.7170000E+02 3.9070000E+01 1.1040000E+01 3.5660000E+00
 1.2400000E+00 4.4730000E-01 1.6400000E-01

 .35117E-3       .0E0       .0E0       .0E0       .0E0 
  .2773E-2       .0E0       .0E0       .0E0       .0E0 
 .14264E-1       .0E0       .0E0       .0E0       .0E0 
 .55591E-1       .0E0       .0E0       .0E0       .0E0 
  .16212E0       .1E1       .0E0       .0E0       .0E0 
   .3322E0       .0E0       .1E1       .0E0       .0E0 
  .41959E0       .0E0       .0E0       .1E1       .0E0 
   .1861E0       .0E0       .0E0       .0E0       .1E1 

 1.0153000E+01 3.6270000E+00 1.2960000E+00 4.6300000E-01

      .1E1       .0E0       .0E0       .0E0 
      .0E0       .1E1       .0E0       .0E0 
      .0E0       .0E0       .1E1       .0E0 
      .0E0       .0E0       .0E0       .1E1 

 7.6660000E+00 2.6470000E+00 9.1400000E-01

      .1E1       .0E0       .0E0 
      .0E0       .1E1       .0E0 
      .0E0       .0E0       .1E1 

 5.4110000E+00 1.7070000E+00

      .1E1       .0E0 
      .0E0       .1E1 

 3.4300000E+00

      .1E1 

B:cc-pV5Z(fi/sf/fw)
EMSL BASIS SET LIBRARY

  6
    0    1    2    3    4    5
    6    5    4    3    2    1
   14    8    4    3    2    1

 6.8260000E+04 1.0230000E+04 2.3280000E+03 6.6040000E+02 2.1620000E+02
 7.8600000E+01 3.0980000E+01 1.2960000E+01 5.6590000E+00 2.5560000E+00
 1.1750000E+00 4.2490000E-01 1.7120000E-01 6.9130000E-02

 .13612E-4  -.2497E-5       .0E0       .0E0       .0E0       .0E0 
 .16205E-3 -.32387E-4       .0E0       .0E0       .0E0       .0E0 
 .95813E-3 -.19224E-3       .0E0       .0E0       .0E0       .0E0 
 .40797E-2 -.82897E-3       .0E0       .0E0       .0E0       .0E0 
 .14478E-1 -.29389E-2       .0E0       .0E0       .0E0       .0E0 
 .44045E-1 -.91732E-2       .0E0       .0E0       .0E0       .0E0 
  .11324E0 -.24157E-1       .0E0       .0E0       .0E0       .0E0 
  .23395E0 -.54818E-1       .0E0       .0E0       .0E0       .0E0 
   .3539E0 -.96972E-1       .0E0       .0E0       .0E0       .0E0 
  .30132E0  -.13746E0       .0E0       .0E0       .0E0       .0E0 
 .87409E-1 -.44305E-1       .1E1       .0E0       .0E0       .0E0 
 .28133E-2   .32464E0       .0E0       .1E1       .0E0       .0E0 
 .41893E-4   .57031E0       .0E0       .0E0       .1E1       .0E0 
 .78042E-4   .24314E0       .0E0       .0E0       .0E0       .1E1 

 6.6440000E+01 1.5710000E+01 4.9360000E+00 1.7700000E+00 7.0080000E-01
 2.9010000E-01 1.2110000E-01 4.9730000E-02

 .84433E-3       .0E0       .0E0       .0E0       .0E0 
 .64194E-2       .0E0       .0E0       .0E0       .0E0 
 .28093E-1       .0E0       .0E0       .0E0       .0E0 
 .92152E-1       .0E0       .0E0       .0E0       .0E0 
  .22413E0       .1E1       .0E0       .0E0       .0E0 
  .36985E0       .0E0       .1E1       .0E0       .0E0 
  .37446E0       .0E0       .0E0       .1E1       .0E0 
  .13919E0       .0E0       .0E0       .0E0       .1E1 

 2.0100000E+00 7.9600000E-01 3.1600000E-01 1.2500000E-01

      .1E1       .0E0       .0E0       .0E0 
      .0E0       .1E1       .0E0       .0E0 
      .0E0       .0E0       .1E1       .0E0 
      .0E0       .0E0       .0E0       .1E1 

 1.2150000E+00 5.2500000E-01 2.2700000E-01

      .1E1       .0E0       .0E0 
      .0E0       .1E1       .0E0 
      .0E0       .0E0       .1E1 

 1.1240000E+00 4.6100000E-01

      .1E1       .0E0 
      .0E0       .1E1 

 8.3400000E-01

      .1E1 

C:cc-pV5Z(fi/sf/fw)
EMSL BASIS SET LIBRARY

  6
    0    1    2    3    4    5
    6    5    4    3    2    1
   14    8    4    3    2    1

 9.6770000E+04 1.4500000E+04 3.3000000E+03 9.3580000E+02 3.0620000E+02
 1.1130000E+02 4.3900000E+01 1.8400000E+01 8.0540000E+00 3.6370000E+00
 1.6560000E+00 6.3330000E-01 2.5450000E-01 1.0190000E-01

 .15566E-4 -.30295E-5       .0E0       .0E0       .0E0       .0E0 
 .16574E-3 -.34888E-4       .0E0       .0E0       .0E0       .0E0 
 .98605E-3 -.20914E-3       .0E0       .0E0       .0E0       .0E0 
 .42192E-2 -.90653E-3       .0E0       .0E0       .0E0       .0E0 
 .14977E-1 -.32213E-2       .0E0       .0E0       .0E0       .0E0 
 .45516E-1 -.10042E-1       .0E0       .0E0       .0E0       .0E0 
  .11678E0 -.26528E-1       .0E0       .0E0       .0E0       .0E0 
  .24045E0 -.60258E-1       .0E0       .0E0       .0E0       .0E0 
  .35873E0  -.10719E0       .0E0       .0E0       .0E0       .0E0 
  .29363E0  -.14455E0       .0E0       .0E0       .0E0       .0E0 
 .77445E-1 -.24159E-1       .1E1       .0E0       .0E0       .0E0 
 .22817E-2   .35237E0       .0E0       .1E1       .0E0       .0E0 
 .50197E-3   .55858E0       .0E0       .0E0       .1E1       .0E0 
 .35331E-4   .22488E0       .0E0       .0E0       .0E0       .1E1 

 1.0180000E+02 2.4040000E+01 7.5710000E+00 2.7320000E+00 1.0850000E+00
 4.4960000E-01 1.8760000E-01 7.6060000E-02

 .89367E-3       .0E0       .0E0       .0E0       .0E0 
 .69418E-2       .0E0       .0E0       .0E0       .0E0 
 .31477E-1       .0E0       .0E0       .0E0       .0E0 
  .10353E0       .0E0       .0E0       .0E0       .0E0 
  .23851E0       .1E1       .0E0       .0E0       .0E0 
  .36403E0       .0E0       .1E1       .0E0       .0E0 
  .35409E0       .0E0       .0E0       .1E1       .0E0 
  .14835E0       .0E0       .0E0       .0E0       .1E1 

 3.1340000E+00 1.2330000E+00 4.8500000E-01 1.9100000E-01

      .1E1       .0E0       .0E0       .0E0 
      .0E0       .1E1       .0E0       .0E0 
      .0E0       .0E0       .1E1       .0E0 
      .0E0       .0E0       .0E0       .1E1 

 2.0060000E+00 8.3800000E-01 3.5000000E-01

      .1E1       .0E0       .0E0 
      .0E0       .1E1       .0E0 
      .0E0       .0E0       .1E1 

 1.7530000E+00 6.7800000E-01

      .1E1       .0E0 
      .0E0       .1E1 

 1.2590000E+00

      .1E1 

N:cc-pV5Z(fi/sf/fw)
EMSL BASIS SET LIBRARY

  6
    0    1    2    3    4    5
    6    5    4    3    2    1
   14    8    4    3    2    1

 1.2920000E+05 1.9350000E+04 4.4040000E+03 1.2480000E+03 4.0800000E+02
 1.4820000E+02 5.8500000E+01 2.4590000E+01 1.0810000E+01 4.8820000E+00
 2.1950000E+00 8.7150000E-01 3.5040000E-01 1.3970000E-01

  .1849E-4 -.37712E-5       .0E0       .0E0       .0E0       .0E0 
 .17221E-3  -.3744E-4       .0E0       .0E0       .0E0       .0E0 
 .10194E-2 -.22405E-3       .0E0       .0E0       .0E0       .0E0 
  .4376E-2 -.97434E-3       .0E0       .0E0       .0E0       .0E0 
 .15546E-1 -.34722E-2       .0E0       .0E0       .0E0       .0E0 
 .47169E-1 -.10802E-1       .0E0       .0E0       .0E0       .0E0 
  .12051E0  -.2855E-1       .0E0       .0E0       .0E0       .0E0 
  .24597E0 -.64498E-1       .0E0       .0E0       .0E0       .0E0 
  .36128E0  -.11468E0       .0E0       .0E0       .0E0       .0E0 
  .28686E0  -.14778E0       .0E0       .0E0       .0E0       .0E0 
  .6983E-1 -.62783E-2       .1E1       .0E0       .0E0       .0E0 
 .17374E-2   .37262E0       .0E0       .1E1       .0E0       .0E0 
 .82767E-3   .54726E0       .0E0       .0E0       .1E1       .0E0 
 .48601E-5   .21069E0       .0E0       .0E0       .0E0       .1E1 

 1.4700000E+02 3.4760000E+01 1.1000000E+01 3.9950000E+00 1.5870000E+00
 6.5330000E-01 2.6860000E-01 1.0670000E-01

  .8959E-3       .0E0       .0E0       .0E0       .0E0 
 .70384E-2       .0E0       .0E0       .0E0       .0E0 
 .32569E-1       .0E0       .0E0       .0E0       .0E0 
  .10764E0       .0E0       .0E0       .0E0       .0E0 
  .24338E0       .1E1       .0E0       .0E0       .0E0 
  .36252E0       .0E0       .1E1       .0E0       .0E0 
  .34751E0       .0E0       .0E0       .1E1       .0E0 
  .15511E0       .0E0       .0E0       .0E0       .1E1 

 4.6470000E+00 1.8130000E+00 7.0700000E-01 2.7600000E-01

      .1E1       .0E0       .0E0       .0E0 
      .0E0       .1E1       .0E0       .0E0 
      .0E0       .0E0       .1E1       .0E0 
      .0E0       .0E0       .0E0       .1E1 

 2.9420000E+00 1.2040000E+00 4.9300000E-01

      .1E1       .0E0       .0E0 
      .0E0       .1E1       .0E0 
      .0E0       .0E0       .1E1 

 2.5110000E+00 9.4200000E-01

      .1E1       .0E0 
      .0E0       .1E1 

 1.7680000E+00

      .1E1 

O:cc-pV5Z(fi/sf/fw)
EMSL BASIS SET LIBRARY

  6
    0    1    2    3    4    5
    6    5    4    3    2    1
   14    8    4    3    2    1

 1.6420000E+05 2.4590000E+04 5.5920000E+03 1.5820000E+03 5.1610000E+02
 1.8720000E+02 7.3930000E+01 3.1220000E+01 1.3810000E+01 6.2560000E+00
 2.7760000E+00 1.1380000E+00 4.6000000E-01 1.8290000E-01

  .2237E-4 -.47393E-5       .0E0       .0E0       .0E0       .0E0 
 .18277E-3 -.40642E-4       .0E0       .0E0       .0E0       .0E0 
 .10668E-2 -.24039E-3       .0E0       .0E0       .0E0       .0E0 
 .45933E-2 -.10486E-2       .0E0       .0E0       .0E0       .0E0 
  .1633E-1 -.37469E-2       .0E0       .0E0       .0E0       .0E0 
 .49487E-1 -.11642E-1       .0E0       .0E0       .0E0       .0E0 
  .12536E0 -.30649E-1       .0E0       .0E0       .0E0       .0E0 
  .25201E0 -.68436E-1       .0E0       .0E0       .0E0       .0E0 
   .3622E0  -.12065E0       .0E0       .0E0       .0E0       .0E0 
  .27843E0  -.14822E0       .0E0       .0E0       .0E0       .0E0 
 .63282E-1  .10869E-1       .1E1       .0E0       .0E0       .0E0 
 .10374E-2   .38643E0       .0E0       .1E1       .0E0       .0E0 
 .11377E-2   .53621E0       .0E0       .0E0       .1E1       .0E0 
-.36555E-4   .20061E0       .0E0       .0E0       .0E0       .1E1 

 1.9550000E+02 4.6160000E+01 1.4580000E+01 5.2960000E+00 2.0940000E+00
 8.4710000E-01 3.3680000E-01 1.2850000E-01

 .93568E-3       .0E0       .0E0       .0E0       .0E0 
 .74174E-2       .0E0       .0E0       .0E0       .0E0 
 .34984E-1       .0E0       .0E0       .0E0       .0E0 
  .11539E0       .0E0       .0E0       .0E0       .0E0 
  .25583E0       .1E1       .0E0       .0E0       .0E0 
  .37139E0       .0E0       .1E1       .0E0       .0E0 
  .34338E0       .0E0       .0E0       .1E1       .0E0 
  .13533E0       .0E0       .0E0       .0E0       .1E1 

 5.8790000E+00 2.3070000E+00 9.0500000E-01 3.5500000E-01

      .1E1       .0E0       .0E0       .0E0 
      .0E0       .1E1       .0E0       .0E0 
      .0E0       .0E0       .1E1       .0E0 
      .0E0       .0E0       .0E0       .1E1 

 4.0160000E+00 1.5540000E+00 6.0100000E-01

      .1E1       .0E0       .0E0 
      .0E0       .1E1       .0E0 
      .0E0       .0E0       .1E1 

 3.3500000E+00 1.1890000E+00

      .1E1       .0E0 
      .0E0       .1E1 

 2.3190000E+00

      .1E1 

F:cc-pV5Z(fi/sf/fw)
EMSL BASIS SET LIBRARY

  6
    0    1    2    3    4    5
    6    5    4    3    2    1
   14    8    4    3    2    1

 2.1140000E+05 3.1660000E+04 7.2020000E+03 2.0400000E+03 6.6640000E+02
 2.4200000E+02 9.5530000E+01 4.0230000E+01 1.7720000E+01 8.0050000E+00
 3.5380000E+00 1.4580000E+00 5.8870000E-01 2.3240000E-01

 .25682E-4  -.5602E-5       .0E0       .0E0       .0E0       .0E0 
  .1845E-3  -.4175E-4       .0E0       .0E0       .0E0       .0E0 
 .10527E-2 -.24148E-3       .0E0       .0E0       .0E0       .0E0 
 .45224E-2 -.10519E-2       .0E0       .0E0       .0E0       .0E0 
 .16042E-1 -.37522E-2       .0E0       .0E0       .0E0       .0E0 
 .48615E-1  -.1166E-1       .0E0       .0E0       .0E0       .0E0 
  .12387E0 -.30894E-1       .0E0       .0E0       .0E0       .0E0 
  .25194E0 -.69848E-1       .0E0       .0E0       .0E0       .0E0 
  .36422E0  -.12414E0       .0E0       .0E0       .0E0       .0E0 
  .27896E0  -.14986E0       .0E0       .0E0       .0E0       .0E0 
  .6325E-1  .17561E-1       .1E1       .0E0       .0E0       .0E0 
 .11025E-2   .39344E0       .0E0       .1E1       .0E0       .0E0 
 .12512E-2   .53161E0       .0E0       .0E0       .1E1       .0E0 
-.34714E-4   .19545E0       .0E0       .0E0       .0E0       .1E1 

 2.4190000E+02 5.7170000E+01 1.8130000E+01 6.6240000E+00 2.6220000E+00
 1.0570000E+00 4.1760000E-01 1.5740000E-01

 .10283E-2       .0E0       .0E0       .0E0       .0E0 
 .81156E-2       .0E0       .0E0       .0E0       .0E0 
 .38164E-1       .0E0       .0E0       .0E0       .0E0 
   .1239E0       .0E0       .0E0       .0E0       .0E0 
  .26606E0       .1E1       .0E0       .0E0       .0E0 
  .37168E0       .0E0       .1E1       .0E0       .0E0 
  .33282E0       .0E0       .0E0       .1E1       .0E0 
  .12859E0       .0E0       .0E0       .0E0       .1E1 

 7.7600000E+00 3.0320000E+00 1.1850000E+00 4.6300000E-01

      .1E1       .0E0       .0E0       .0E0 
      .0E0       .1E1       .0E0       .0E0 
      .0E0       .0E0       .1E1       .0E0 
      .0E0       .0E0       .0E0       .1E1 

 5.3980000E+00 2.0780000E+00 8.0000000E-01

      .1E1       .0E0       .0E0 
      .0E0       .1E1       .0E0 
      .0E0       .0E0       .1E1 

 4.3380000E+00 1.5130000E+00

      .1E1       .0E0 
      .0E0       .1E1 

 2.9950000E+00

      .1E1 

NE:cc-pV5Z(fi/sf/fw)
EMSL BASIS SET LIBRARY

  6
    0    1    2    3    4    5
    6    5    4    3    2    1
   14    8    4    3    2    1

 2.6270000E+05 3.9350000E+04 8.9550000E+03 2.5380000E+03 8.2990000E+02
 3.0150000E+02 1.1900000E+02 5.0000000E+01 2.1980000E+01 9.8910000E+00
 4.3270000E+00 1.8040000E+00 7.2880000E-01 2.8670000E-01

 .29801E-4 -.66692E-5       .0E0       .0E0       .0E0       .0E0 
 .19044E-3 -.43688E-4       .0E0       .0E0       .0E0       .0E0 
 .10564E-2 -.24577E-3       .0E0       .0E0       .0E0       .0E0 
 .45127E-2 -.10648E-2       .0E0       .0E0       .0E0       .0E0 
 .15987E-1 -.37977E-2       .0E0       .0E0       .0E0       .0E0 
 .48377E-1 -.11777E-1       .0E0       .0E0       .0E0       .0E0 
  .12374E0 -.31381E-1       .0E0       .0E0       .0E0       .0E0 
  .25301E0 -.71326E-1       .0E0       .0E0       .0E0       .0E0 
  .36592E0  -.12745E0       .0E0       .0E0       .0E0       .0E0 
  .27861E0  -.15074E0       .0E0       .0E0       .0E0       .0E0 
 .61292E-1  .26068E-1       .1E1       .0E0       .0E0       .0E0 
 .92509E-3   .40068E0       .0E0       .1E1       .0E0       .0E0 
 .13584E-2   .52589E0       .0E0       .0E0       .1E1       .0E0 
-.37527E-4   .18953E0       .0E0       .0E0       .0E0       .1E1 

 2.9910000E+02 7.0730000E+01 2.2480000E+01 8.2460000E+00 3.2690000E+00
 1.3150000E+00 5.1580000E-01 1.9180000E-01

 .10726E-2       .0E0       .0E0       .0E0       .0E0 
 .84562E-2       .0E0       .0E0       .0E0       .0E0 
  .3985E-1       .0E0       .0E0       .0E0       .0E0 
  .12822E0       .0E0       .0E0       .0E0       .0E0 
  .27033E0       .1E1       .0E0       .0E0       .0E0 
  .37082E0       .0E0       .1E1       .0E0       .0E0 
  .32841E0       .0E0       .0E0       .1E1       .0E0 
  .12769E0       .0E0       .0E0       .0E0       .1E1 

 9.8370000E+00 3.8440000E+00 1.5020000E+00 5.8700000E-01

      .1E1       .0E0       .0E0       .0E0 
      .0E0       .1E1       .0E0       .0E0 
      .0E0       .0E0       .1E1       .0E0 
      .0E0       .0E0       .0E0       .1E1 

 7.0900000E+00 2.7380000E+00 1.0570000E+00

      .1E1       .0E0       .0E0 
      .0E0       .1E1       .0E0 
      .0E0       .0E0       .1E1 

 5.4600000E+00 1.8800000E+00

      .1E1       .0E0 
      .0E0       .1E1 

 3.7760000E+00

      .1E1 

AL:cc-pV5Z(fi/sf/fw)
EMSL BASIS SET LIBRARY

  6
    0    1    2    3    4    5
    7    6    4    3    2    1
   20   12    4    3    2    1

 3.2690000E+06 4.8940000E+05 1.1140000E+05 3.1560000E+04 1.0320000E+04
 3.7310000E+03 1.4560000E+03 6.0410000E+02 2.6350000E+02 1.1980000E+02
 5.6320000E+01 2.7190000E+01 1.3260000E+01 6.0520000E+00 2.9810000E+00
 1.4760000E+00 7.3340000E-01 2.4470000E-01 1.0880000E-01 4.6720000E-02

 .84388E-5 -.21685E-5  .50432E-6       .0E0       .0E0       .0E0       .0E0 
 .27149E-4 -.68749E-5  .15818E-5       .0E0       .0E0       .0E0       .0E0 
 .99887E-4 -.25137E-4  .58559E-5       .0E0       .0E0       .0E0       .0E0 
 .38561E-3 -.98693E-4  .22717E-4       .0E0       .0E0       .0E0       .0E0 
 .13985E-2 -.36118E-3  .83729E-4       .0E0       .0E0       .0E0       .0E0 
  .4555E-2 -.11907E-2  .27439E-3       .0E0       .0E0       .0E0       .0E0 
 .13364E-1 -.35208E-2  .81584E-3       .0E0       .0E0       .0E0       .0E0 
 .35664E-1 -.95851E-2  .22124E-2       .0E0       .0E0       .0E0       .0E0 
 .85526E-1 -.23742E-1   .5525E-2       .0E0       .0E0       .0E0       .0E0 
  .17701E0 -.52945E-1  .12308E-1       .0E0       .0E0       .0E0       .0E0 
  .29229E0  -.10046E0  .23818E-1       .0E0       .0E0       .0E0       .0E0 
  .32699E0   -.1505E0  .36071E-1       .0E0       .0E0       .0E0       .0E0 
  .18555E0   -.1175E0  .29945E-1       .0E0       .0E0       .0E0       .0E0 
  .3071E-1   .11069E0  -.3174E-1       .0E0       .0E0       .0E0       .0E0 
-.51105E-3   .41224E0   -.1195E0       .0E0       .0E0       .0E0       .0E0 
 .14731E-2   .45569E0  -.21161E0       .0E0       .0E0       .0E0       .0E0 
-.27585E-3   .17388E0  -.15566E0       .1E1       .0E0       .0E0       .0E0 
 .11736E-3  .75342E-2   .34175E0       .0E0       .1E1       .0E0       .0E0 
-.65534E-4 -.16246E-2    .6119E0       .0E0       .0E0       .1E1       .0E0 
 .17388E-4  .43585E-3    .2333E0       .0E0       .0E0       .0E0       .1E1 

 1.4610000E+03 3.4620000E+02 1.1220000E+02 4.2510000E+01 1.7720000E+01
 7.8520000E+00 3.5710000E+00 1.6370000E+00 7.3820000E-01 2.5770000E-01
 9.7730000E-02 3.6900000E-02

 .23583E-3 -.41978E-4       .0E0       .0E0       .0E0       .0E0 
 .18772E-2 -.34055E-3       .0E0       .0E0       .0E0       .0E0 
 .99053E-2 -.17719E-2       .0E0       .0E0       .0E0       .0E0 
 .38121E-1 -.69973E-2       .0E0       .0E0       .0E0       .0E0 
  .11128E0 -.20334E-1       .0E0       .0E0       .0E0       .0E0 
  .23448E0 -.44856E-1       .0E0       .0E0       .0E0       .0E0 
  .34512E0 -.64233E-1       .0E0       .0E0       .0E0       .0E0 
  .33108E0 -.75113E-1       .0E0       .0E0       .0E0       .0E0 
  .14693E0  .75468E-3       .1E1       .0E0       .0E0       .0E0 
 .12167E-1   .28741E0       .0E0       .1E1       .0E0       .0E0 
-.87598E-3   .54253E0       .0E0       .0E0       .1E1       .0E0 
 .43966E-3   .30279E0       .0E0       .0E0       .0E0       .1E1 

 1.3170000E+00 5.2600000E-01 2.1000000E-01 8.4000000E-02

      .1E1       .0E0       .0E0       .0E0 
      .0E0       .1E1       .0E0       .0E0 
      .0E0       .0E0       .1E1       .0E0 
      .0E0       .0E0       .0E0       .1E1 

 5.1300000E-01 2.5800000E-01 1.3000000E-01

      .1E1       .0E0       .0E0 
      .0E0       .1E1       .0E0 
      .0E0       .0E0       .1E1 

 5.4300000E-01 2.5200000E-01

      .1E1       .0E0 
      .0E0       .1E1 

 4.4600000E-01

      .1E1 

SI:cc-pV5Z(fi/sf/fw)
EMSL BASIS SET LIBRARY

  6
    0    1    2    3    4    5
    7    6    4    3    2    1
   20   12    4    3    2    1

 3.9480000E+06 5.9110000E+05 1.3450000E+05 3.8120000E+04 1.2460000E+04
 4.5040000E+03 1.7580000E+03 7.2910000E+02 3.1800000E+02 1.4460000E+02
 6.7970000E+01 3.2820000E+01 1.6030000E+01 7.3960000E+00 3.6610000E+00
 1.8230000E+00 9.1470000E-01 3.3930000E-01 1.5000000E-01 6.4380000E-02

 .95541E-5 -.25281E-5  .65293E-6       .0E0       .0E0       .0E0       .0E0 
 .30096E-4 -.78591E-5  .20103E-5       .0E0       .0E0       .0E0       .0E0 
 .10401E-3 -.26921E-4  .69694E-5       .0E0       .0E0       .0E0       .0E0 
 .38148E-3 -.10001E-3  .25586E-4       .0E0       .0E0       .0E0       .0E0 
 .13546E-2 -.35822E-3  .92317E-4       .0E0       .0E0       .0E0       .0E0 
 .43793E-2 -.11721E-2  .30023E-3       .0E0       .0E0       .0E0       .0E0 
 .12831E-1 -.34626E-2  .89181E-3       .0E0       .0E0       .0E0       .0E0 
 .34267E-1 -.94284E-2  .24197E-2       .0E0       .0E0       .0E0       .0E0 
 .82332E-1 -.23393E-1  .60514E-2       .0E0       .0E0       .0E0       .0E0 
   .1716E0  -.5242E-1  .13557E-1       .0E0       .0E0       .0E0       .0E0 
  .28719E0  -.10054E0  .26515E-1       .0E0       .0E0       .0E0       .0E0 
  .32897E0  -.15272E0  .40818E-1       .0E0       .0E0       .0E0       .0E0 
  .19495E0  -.12565E0  .35689E-1       .0E0       .0E0       .0E0       .0E0 
 .35017E-1  .97815E-1 -.31486E-1       .0E0       .0E0       .0E0       .0E0 
 -.5392E-3    .4155E0  -.13702E0       .0E0       .0E0       .0E0       .0E0 
  .1595E-2   .46605E0  -.25088E0       .0E0       .0E0       .0E0       .0E0 
-.36891E-3   .17152E0  -.15579E0       .1E1       .0E0       .0E0       .0E0 
 .14444E-3  .81976E-2   .37625E0       .0E0       .1E1       .0E0       .0E0 
-.77983E-4 -.97895E-3   .61513E0       .0E0       .0E0       .1E1       .0E0 
  .1893E-4  .35946E-3   .21876E0       .0E0       .0E0       .0E0       .1E1 

 1.7800000E+03 4.2180000E+02 1.3670000E+02 5.1810000E+01 2.1600000E+01
 9.5630000E+00 4.3500000E+00 2.0060000E+00 9.2050000E-01 3.5000000E-01
 1.3810000E-01 5.3380000E-02

 .23315E-3 -.49102E-4       .0E0       .0E0       .0E0       .0E0 
 .18278E-2 -.39151E-3       .0E0       .0E0       .0E0       .0E0 
 .96841E-2 -.20513E-2       .0E0       .0E0       .0E0       .0E0 
 .37589E-1 -.81558E-2       .0E0       .0E0       .0E0       .0E0 
  .11124E0  -.2416E-1       .0E0       .0E0       .0E0       .0E0 
  .23819E0 -.54094E-1       .0E0       .0E0       .0E0       .0E0 
  .35354E0 -.79244E-1       .0E0       .0E0       .0E0       .0E0 
  .32836E0 -.88479E-1       .0E0       .0E0       .0E0       .0E0 
  .13217E0  .20608E-1       .1E1       .0E0       .0E0       .0E0 
 .10389E-1    .3305E0       .0E0       .1E1       .0E0       .0E0 
-.57091E-4   .51641E0       .0E0       .0E0       .1E1       .0E0 
 .32892E-3   .27759E0       .0E0       .0E0       .0E0       .1E1 

 2.0820000E+00 8.1700000E-01 3.2100000E-01 1.2600000E-01

      .1E1       .0E0       .0E0       .0E0 
      .0E0       .1E1       .0E0       .0E0 
      .0E0       .0E0       .1E1       .0E0 
      .0E0       .0E0       .0E0       .1E1 

 6.8800000E-01 3.4100000E-01 1.6900000E-01

      .1E1       .0E0       .0E0 
      .0E0       .1E1       .0E0 
      .0E0       .0E0       .1E1 

 7.0500000E-01 3.2000000E-01

      .1E1       .0E0 
      .0E0       .1E1 

 5.8300000E-01

      .1E1 

P:cc-pV5Z(fi/sf/fw)
EMSL BASIS SET LIBRARY

  6
    0    1    2    3    4    5
    7    6    4    3    2    1
   20   12    4    3    2    1

 4.6660000E+06 6.9860000E+05 1.5900000E+05 4.5040000E+04 1.4720000E+04
 5.3230000E+03 2.0760000E+03 8.6110000E+02 3.7570000E+02 1.7080000E+02
 8.0290000E+01 3.8770000E+01 1.8930000E+01 8.7960000E+00 4.3580000E+00
 2.1740000E+00 1.0950000E+00 4.4000000E-01 1.9450000E-01 8.3760000E-02

 .10754E-4 -.29159E-5  .80803E-6       .0E0       .0E0       .0E0       .0E0 
 .33412E-4 -.89555E-5  .24628E-5       .0E0       .0E0       .0E0       .0E0 
 .10991E-3 -.29151E-4  .80991E-5       .0E0       .0E0       .0E0       .0E0 
 .38512E-3 -.10312E-3  .28357E-4       .0E0       .0E0       .0E0       .0E0 
 .13328E-2 -.35967E-3  .99541E-4       .0E0       .0E0       .0E0       .0E0 
 .42762E-2 -.11678E-2  .32147E-3       .0E0       .0E0       .0E0       .0E0 
 .12507E-1 -.34452E-2  .95288E-3       .0E0       .0E0       .0E0       .0E0 
 .33329E-1 -.93585E-2  .25815E-2       .0E0       .0E0       .0E0       .0E0 
 .80202E-1  -.2325E-1  .64587E-2       .0E0       .0E0       .0E0       .0E0 
  .16798E0 -.52296E-1  .14548E-1       .0E0       .0E0       .0E0       .0E0 
  .28346E0  -.10095E0  .28602E-1       .0E0       .0E0       .0E0       .0E0 
  .33042E0  -.15508E0  .44695E-1       .0E0       .0E0       .0E0       .0E0 
  .20142E0  -.13169E0   .4019E-1       .0E0       .0E0       .0E0       .0E0 
 .37778E-1  .91553E-1 -.31575E-1       .0E0       .0E0       .0E0       .0E0 
-.39239E-3   .42441E0  -.15473E0       .0E0       .0E0       .0E0       .0E0 
 .15642E-2   .47253E0  -.28348E0       .0E0       .0E0       .0E0       .0E0 
-.40822E-3   .16228E0  -.14607E0       .1E1       .0E0       .0E0       .0E0 
 .15093E-3  .81514E-2   .40418E0       .0E0       .1E1       .0E0       .0E0 
-.81394E-4 -.29796E-3   .61279E0       .0E0       .0E0       .1E1       .0E0 
 .17878E-4  .29398E-3   .20938E0       .0E0       .0E0       .0E0       .1E1 

 2.0100000E+03 4.7630000E+02 1.5440000E+02 5.8510000E+01 2.4400000E+01
 1.0800000E+01 4.9130000E+00 2.2690000E+00 1.0430000E+00 4.3130000E-01
 1.7670000E-01 7.0090000E-02

 .25507E-3 -.59977E-4       .0E0       .0E0       .0E0       .0E0 
 .19711E-2 -.46834E-3       .0E0       .0E0       .0E0       .0E0 
 .10422E-1 -.24668E-2       .0E0       .0E0       .0E0       .0E0 
 .40425E-1 -.97451E-2       .0E0       .0E0       .0E0       .0E0 
  .11914E0 -.29052E-1       .0E0       .0E0       .0E0       .0E0 
  .25211E0 -.63808E-1       .0E0       .0E0       .0E0       .0E0 
   .3663E0 -.93865E-1       .0E0       .0E0       .0E0       .0E0 
   .3155E0 -.92665E-1       .0E0       .0E0       .0E0       .0E0 
   .1045E0  .56267E-1       .1E1       .0E0       .0E0       .0E0 
 .63591E-2   .36459E0       .0E0       .1E1       .0E0       .0E0 
 .90073E-3   .48735E0       .0E0       .0E0       .1E1       .0E0 
  .1795E-3    .2509E0       .0E0       .0E0       .0E0       .1E1 

 2.6560000E+00 1.0540000E+00 4.1800000E-01 1.6600000E-01

      .1E1       .0E0       .0E0       .0E0 
      .0E0       .1E1       .0E0       .0E0 
      .0E0       .0E0       .1E1       .0E0 
      .0E0       .0E0       .0E0       .1E1 

 9.2300000E-01 4.5000000E-01 2.1900000E-01

      .1E1       .0E0       .0E0 
      .0E0       .1E1       .0E0 
      .0E0       .0E0       .1E1 

 9.0300000E-01 4.1200000E-01

      .1E1       .0E0 
      .0E0       .1E1 

 7.4500000E-01

      .1E1 

S:cc-pV5Z(fi/sf/fw)
EMSL BASIS SET LIBRARY

  6
    0    1    2    3    4    5
    7    6    4    3    2    1
   20   12    4    3    2    1

 5.4810000E+06 8.2060000E+05 1.8670000E+05 5.2880000E+04 1.7250000E+04
 6.2260000E+03 2.4290000E+03 1.0070000E+03 4.3950000E+02 1.9980000E+02
 9.3920000E+01 4.5340000E+01 2.2150000E+01 1.0340000E+01 5.1190000E+00
 2.5530000E+00 1.2820000E+00 5.4500000E-01 2.4110000E-01 1.0350000E-01

 .11943E-4 -.33058E-5  .96476E-6       .0E0       .0E0       .0E0       .0E0 
 .36716E-4 -.10063E-4  .29181E-5       .0E0       .0E0       .0E0       .0E0 
 .11601E-3 -.31445E-4  .92022E-5       .0E0       .0E0       .0E0       .0E0 
 .38898E-3  -.1061E-3  .30762E-4       .0E0       .0E0       .0E0       .0E0 
 .13194E-2 -.36242E-3   .1057E-3       .0E0       .0E0       .0E0       .0E0 
 .41851E-2 -.11628E-2  .33745E-3       .0E0       .0E0       .0E0       .0E0 
 .12199E-1 -.34203E-2  .99694E-3       .0E0       .0E0       .0E0       .0E0 
 .32482E-1 -.92796E-2   .2699E-2       .0E0       .0E0       .0E0       .0E0 
 .78173E-1 -.23059E-1  .67505E-2       .0E0       .0E0       .0E0       .0E0 
  .16446E0 -.52014E-1  .15264E-1       .0E0       .0E0       .0E0       .0E0 
  .27987E0  -.10112E0  .30204E-1       .0E0       .0E0       .0E0       .0E0 
  .33147E0  -.15682E0  .47763E-1       .0E0       .0E0       .0E0       .0E0 
  .20759E0  -.13732E0  .44204E-1       .0E0       .0E0       .0E0       .0E0 
  .4094E-1   .8532E-1 -.30958E-1       .0E0       .0E0       .0E0       .0E0 
-.46036E-3     .433E0  -.17052E0       .0E0       .0E0       .0E0       .0E0 
 .16614E-2   .47876E0  -.31112E0       .0E0       .0E0       .0E0       .0E0 
-.51069E-3   .15388E0  -.13227E0       .1E1       .0E0       .0E0       .0E0 
 .18552E-3  .76243E-2   .42883E0       .0E0       .1E1       .0E0       .0E0 
 -.9836E-4  .37503E-3   .61088E0       .0E0       .0E0       .1E1       .0E0 
 .20433E-4  .22557E-3   .19694E0       .0E0       .0E0       .0E0       .1E1 

 2.2000000E+03 5.2140000E+02 1.6900000E+02 6.4050000E+01 2.6720000E+01
 1.1830000E+01 5.3780000E+00 2.4820000E+00 1.1160000E+00 4.8480000E-01
 2.0060000E-01 7.9510000E-02

 .28728E-3  -.7307E-4       .0E0       .0E0       .0E0       .0E0 
 .21951E-2 -.56046E-3       .0E0       .0E0       .0E0       .0E0 
 .11543E-1 -.29574E-2       .0E0       .0E0       .0E0       .0E0 
 .44614E-1 -.11579E-1       .0E0       .0E0       .0E0       .0E0 
  .12987E0 -.34454E-1       .0E0       .0E0       .0E0       .0E0 
  .26942E0 -.73601E-1       .0E0       .0E0       .0E0       .0E0 
  .37826E0  -.10766E0       .0E0       .0E0       .0E0       .0E0 
    .296E0 -.87321E-1       .0E0       .0E0       .0E0       .0E0 
 .77784E-1   .10948E0       .1E1       .0E0       .0E0       .0E0 
   .221E-2   .40393E0       .0E0       .1E1       .0E0       .0E0 
 .16163E-2    .4654E0       .0E0       .0E0       .1E1       .0E0 
  .2368E-4   .19229E0       .0E0       .0E0       .0E0       .1E1 

 3.2030000E+00 1.2810000E+00 5.1200000E-01 2.0500000E-01

      .1E1       .0E0       .0E0       .0E0 
      .0E0       .1E1       .0E0       .0E0 
      .0E0       .0E0       .1E1       .0E0 
      .0E0       .0E0       .0E0       .1E1 

 1.0960000E+00 5.2900000E-01 2.5500000E-01

      .1E1       .0E0       .0E0 
      .0E0       .1E1       .0E0 
      .0E0       .0E0       .1E1 

 1.0710000E+00 4.6300000E-01

      .1E1       .0E0 
      .0E0       .1E1 

 8.7200000E-01

      .1E1 

CL:cc-pV5Z(fi/sf/fw)
EMSL BASIS SET LIBRARY

  6
    0    1    2    3    4    5
    7    6    4    3    2    1
   20   12    4    3    2    1

 6.4100000E+06 9.5960000E+05 2.1830000E+05 6.1810000E+04 2.0140000E+04
 7.2640000E+03 2.8320000E+03 1.1750000E+03 5.1260000E+02 2.3300000E+02
 1.0950000E+02 5.2860000E+01 2.5840000E+01 1.2170000E+01 6.0300000E+00
 3.0120000E+00 1.5110000E+00 6.6040000E-01 2.9260000E-01 1.2540000E-01

 .13094E-4 -.36898E-5  .11207E-5       .0E0       .0E0       .0E0       .0E0 
 .39986E-4  -.1117E-4  .33742E-5       .0E0       .0E0       .0E0       .0E0 
 .12195E-3 -.33702E-4  .10266E-4       .0E0       .0E0       .0E0       .0E0 
 .39332E-3 -.10908E-3  .32945E-4       .0E0       .0E0       .0E0       .0E0 
 .12991E-2 -.36243E-3  .11008E-3       .0E0       .0E0       .0E0       .0E0 
 .40815E-2 -.11512E-2  .34797E-3       .0E0       .0E0       .0E0       .0E0 
  .1183E-1  -.3368E-2  .10222E-2       .0E0       .0E0       .0E0       .0E0 
  .3145E-1 -.91195E-2   .2763E-2       .0E0       .0E0       .0E0       .0E0 
 .75856E-1 -.22706E-1  .69216E-2       .0E0       .0E0       .0E0       .0E0 
  .16026E0 -.51347E-1  .15701E-1       .0E0       .0E0       .0E0       .0E0 
  .27545E0  -.10059E0  .31292E-1       .0E0       .0E0       .0E0       .0E0 
  .33225E0  -.15772E0   .5011E-1       .0E0       .0E0       .0E0       .0E0 
  .21501E0  -.14334E0  .48073E-1       .0E0       .0E0       .0E0       .0E0 
 .44921E-1  .74169E-1 -.28048E-1       .0E0       .0E0       .0E0       .0E0 
-.15151E-3   .43299E0  -.18022E0       .0E0       .0E0       .0E0       .0E0 
 .16082E-2   .48739E0  -.33196E0       .0E0       .0E0       .0E0       .0E0 
-.51454E-3     .155E0  -.12664E0       .1E1       .0E0       .0E0       .0E0 
 .17651E-3  .81151E-2    .4448E0       .0E0       .1E1       .0E0       .0E0 
-.98346E-4  .74193E-3   .60924E0       .0E0       .0E0       .1E1       .0E0 
 .18748E-4  .22482E-3   .18984E0       .0E0       .0E0       .0E0       .1E1 

 2.5480000E+03 6.0370000E+02 1.9560000E+02 7.4150000E+01 3.0940000E+01
 1.3690000E+01 6.2290000E+00 2.8780000E+00 1.2820000E+00 5.6410000E-01
 2.3480000E-01 9.3120000E-02

 .29101E-3 -.78399E-4       .0E0       .0E0       .0E0       .0E0 
 .21866E-2 -.58973E-3       .0E0       .0E0       .0E0       .0E0 
 .11508E-1 -.31247E-2       .0E0       .0E0       .0E0       .0E0 
 .44621E-1 -.12242E-1       .0E0       .0E0       .0E0       .0E0 
  .13084E0 -.36873E-1       .0E0       .0E0       .0E0       .0E0 
   .2734E0 -.79163E-1       .0E0       .0E0       .0E0       .0E0 
  .38331E0  -.11724E0       .0E0       .0E0       .0E0       .0E0 
  .29097E0 -.85465E-1       .0E0       .0E0       .0E0       .0E0 
 .70192E-1   .14084E0       .1E1       .0E0       .0E0       .0E0 
 .12983E-2   .42209E0       .0E0       .1E1       .0E0       .0E0 
 .18228E-2   .44597E0       .0E0       .0E0       .1E1       .0E0 
 .21548E-4    .1668E0       .0E0       .0E0       .0E0       .1E1 

 3.7810000E+00 1.5290000E+00 6.1800000E-01 2.5000000E-01

      .1E1       .0E0       .0E0       .0E0 
      .0E0       .1E1       .0E0       .0E0 
      .0E0       .0E0       .1E1       .0E0 
      .0E0       .0E0       .0E0       .1E1 

 1.3450000E+00 6.5600000E-01 3.2000000E-01

      .1E1       .0E0       .0E0 
      .0E0       .1E1       .0E0 
      .0E0       .0E0       .1E1 

 1.3020000E+00 5.5600000E-01

      .1E1       .0E0 
      .0E0       .1E1 

 1.0530000E+00

      .1E1 

AR:cc-pV5Z(fi/sf/fw)
EMSL BASIS SET LIBRARY

  6
    0    1    2    3    4    5
    7    6    4    3    2    1
   20   12    4    3    2    1

 7.4010000E+06 1.1080000E+06 2.5210000E+05 7.1380000E+04 2.3260000E+04
 8.3900000E+03 3.2710000E+03 1.3570000E+03 5.9200000E+02 2.6910000E+02
 1.2650000E+02 6.1030000E+01 2.9860000E+01 1.4170000E+01 7.0220000E+00
 3.5110000E+00 1.7580000E+00 7.8410000E-01 3.4800000E-01 1.4910000E-01

 .14298E-4 -.40917E-5  .12831E-5       .0E0       .0E0       .0E0       .0E0 
 .43471E-4 -.12348E-4  .38542E-5       .0E0       .0E0       .0E0       .0E0 
 .12894E-3 -.36252E-4  .11401E-4       .0E0       .0E0       .0E0       .0E0 
 .40055E-3 -.11275E-3  .35191E-4       .0E0       .0E0       .0E0       .0E0 
 .12883E-2 -.36445E-3  .11434E-3       .0E0       .0E0       .0E0       .0E0 
 .39938E-2 -.11414E-2  .35647E-3       .0E0       .0E0       .0E0       .0E0 
 .11524E-1 -.33258E-2  .10427E-2       .0E0       .0E0       .0E0       .0E0 
 .30576E-1 -.89827E-2  .28121E-2       .0E0       .0E0       .0E0       .0E0 
 .73816E-1 -.22384E-1   .7048E-2       .0E0       .0E0       .0E0       .0E0 
  .15641E0 -.50679E-1  .16016E-1       .0E0       .0E0       .0E0       .0E0 
  .27129E0 -.99996E-1  .32133E-1       .0E0       .0E0       .0E0       .0E0 
  .33291E0  -.15846E0  .52074E-1       .0E0       .0E0       .0E0       .0E0 
  .22141E0  -.14846E0  .51446E-1       .0E0       .0E0       .0E0       .0E0 
 .49026E-1  .63875E-1 -.24946E-1       .0E0       .0E0       .0E0       .0E0 
 .37756E-4   .43251E0  -.18831E0       .0E0       .0E0       .0E0       .0E0 
 .16512E-2   .49517E0  -.34953E0       .0E0       .0E0       .0E0       .0E0 
-.57213E-3   .15644E0  -.12138E0       .1E1       .0E0       .0E0       .0E0 
 .19191E-3  .85065E-2   .45801E0       .0E0       .1E1       .0E0       .0E0 
-.10941E-3  .10921E-2   .60678E0       .0E0       .0E0       .1E1       .0E0 
 .20073E-4   .2213E-3   .18437E0       .0E0       .0E0       .0E0       .1E1 

 2.9270000E+03 6.9350000E+02 2.2470000E+02 8.5170000E+01 3.5530000E+01
 1.5730000E+01 7.1650000E+00 3.3220000E+00 1.4780000E+00 6.5520000E-01
 2.7510000E-01 1.0970000E-01

 .29478E-3 -.82427E-4       .0E0       .0E0       .0E0       .0E0 
 .21759E-2 -.60806E-3       .0E0       .0E0       .0E0       .0E0 
 .11437E-1 -.32245E-2       .0E0       .0E0       .0E0       .0E0 
 .44577E-1 -.12684E-1       .0E0       .0E0       .0E0       .0E0 
  .13135E0 -.38519E-1       .0E0       .0E0       .0E0       .0E0 
  .27629E0 -.83202E-1       .0E0       .0E0       .0E0       .0E0 
   .3872E0  -.12438E0       .0E0       .0E0       .0E0       .0E0 
  .28634E0 -.82485E-1       .0E0       .0E0       .0E0       .0E0 
 .65457E-1   .16464E0       .1E1       .0E0       .0E0       .0E0 
 .15651E-3   .43115E0       .0E0       .1E1       .0E0       .0E0 
 .11342E-2   .42857E0       .0E0       .0E0       .1E1       .0E0 
-.25153E-3   .15408E0       .0E0       .0E0       .0E0       .1E1 

 4.7760000E+00 1.9170000E+00 7.7000000E-01 3.0900000E-01

      .1E1       .0E0       .0E0       .0E0 
      .0E0       .1E1       .0E0       .0E0 
      .0E0       .0E0       .1E1       .0E0 
      .0E0       .0E0       .0E0       .1E1 

 1.6680000E+00 8.2500000E-01 4.0800000E-01

      .1E1       .0E0       .0E0 
      .0E0       .1E1       .0E0 
      .0E0       .0E0       .1E1 

 1.5620000E+00 6.6500000E-01

      .1E1       .0E0 
      .0E0       .1E1 

 1.2640000E+00

      .1E1 

GA:cc-pV5Z(fi/sf/fw)
EMSL BASIS SET LIBRARY

  6
    0    1    2    3    4    5
    8    7    5    3    2    1
   26   17   13    3    2    1

 1.0861522E+08 1.6264540E+07 3.7001116E+06 1.0471691E+06 3.4106757E+05
 1.2277154E+05 4.7659578E+04 1.9633354E+04 8.4887347E+03 3.8231381E+03
 1.7844755E+03 8.6005305E+02 4.2669867E+02 2.1726161E+02 1.1296987E+02
 5.9449441E+01 3.0782256E+01 1.6423212E+01 8.7578890E+00 4.4096290E+00
 2.2494490E+00 1.1261150E+00 5.1548600E-01 2.4257800E-01 1.0708600E-01
 4.6988000E-02

 .97778E-5 -.31303E-5  .11991E-5 -.28139E-6       .0E0       .0E0       .0E0 
      .0E0 
 .38281E-4 -.12241E-4   .4683E-5 -.10992E-5       .0E0       .0E0       .0E0 
      .0E0 
 .93377E-4 -.29877E-4  .11458E-4 -.26881E-5       .0E0       .0E0       .0E0 
      .0E0 
 .21387E-3 -.68267E-4  .26135E-4 -.61333E-5       .0E0       .0E0       .0E0 
      .0E0 
 .46988E-3 -.14982E-3  .57551E-4 -.13496E-4       .0E0       .0E0       .0E0 
      .0E0 
 .10585E-2 -.33639E-3  .12887E-3 -.30237E-4       .0E0       .0E0       .0E0 
      .0E0 
 .24611E-2 -.78343E-3  .30098E-3 -.70575E-4       .0E0       .0E0       .0E0 
      .0E0 
 .58951E-2 -.18827E-2  .72157E-3 -.16932E-3       .0E0       .0E0       .0E0 
      .0E0 
 .14114E-1 -.45566E-2  .17512E-2  -.4108E-3       .0E0       .0E0       .0E0 
      .0E0 
 .32804E-1  -.1077E-1  .41394E-2  -.9718E-3       .0E0       .0E0       .0E0 
      .0E0 
 .71672E-1 -.24343E-1  .94079E-2 -.22086E-2       .0E0       .0E0       .0E0 
      .0E0 
  .14165E0 -.51128E-1  .19883E-1 -.46759E-2       .0E0       .0E0       .0E0 
      .0E0 
  .23786E0 -.96592E-1  .38201E-1 -.89952E-2       .0E0       .0E0       .0E0 
      .0E0 
   .3041E0  -.15186E0  .61673E-1 -.14593E-1       .0E0       .0E0       .0E0 
      .0E0 
  .24451E0  -.16607E0  .70932E-1 -.16861E-1       .0E0       .0E0       .0E0 
      .0E0 
 .91036E-1 -.27558E-1  .11546E-1 -.28046E-2       .0E0       .0E0       .0E0 
      .0E0 
 .90519E-2    .3139E0  -.17357E0  .42913E-1       .0E0       .0E0       .0E0 
      .0E0 
 .52663E-3   .52235E0  -.40528E0   .10477E0       .0E0       .0E0       .0E0 
      .0E0 
-.67977E-4   .28479E0  -.27226E0  .72232E-1       .0E0       .0E0       .0E0 
      .0E0 
 .83317E-5  .41029E-1    .2966E0 -.93943E-1       .0E0       .0E0       .0E0 
      .0E0 
-.62871E-4  .13061E-2   .63535E0  -.22872E0       .0E0       .0E0       .0E0 
      .0E0 
 .15435E-4  .10698E-2    .3502E0  -.24768E0       .0E0       .0E0       .0E0 
      .0E0 
 -.1143E-4 -.14018E-3  .34983E-1 -.12866E-1       .1E1       .0E0       .0E0 
      .0E0 
 .54081E-5  .85198E-4 -.10422E-2   .44507E0       .0E0       .1E1       .0E0 
      .0E0 
-.22324E-5 -.34548E-4  .35934E-3   .56767E0       .0E0       .0E0       .1E1 
      .0E0 
 .55408E-6  .78206E-5 -.34439E-4   .16722E0       .0E0       .0E0       .0E0 
      .1E1 

 3.2152190E+04 7.6093842E+03 2.4714744E+03 9.4606363E+02 4.0194711E+02
 1.8364688E+02 8.8533264E+01 4.4270355E+01 2.2723083E+01 1.1823141E+01
 6.0421350E+00 3.0317540E+00 1.4933660E+00 7.0972700E-01 2.4859300E-01
 9.4395000E-02 3.5887000E-02

 .10894E-3 -.41369E-4   .6712E-5       .0E0       .0E0       .0E0       .0E0 
 .41292E-3  -.1569E-3  .25764E-4       .0E0       .0E0       .0E0       .0E0 
 .19042E-2 -.72744E-3  .11795E-3       .0E0       .0E0       .0E0       .0E0 
 .74933E-2 -.28753E-2  .47217E-3       .0E0       .0E0       .0E0       .0E0 
 .25698E-1 -.99906E-2  .16232E-2       .0E0       .0E0       .0E0       .0E0 
 .73886E-1 -.29345E-1  .48373E-2       .0E0       .0E0       .0E0       .0E0 
  .17097E0 -.70555E-1  .11516E-1       .0E0       .0E0       .0E0       .0E0 
  .29737E0  -.12834E0  .21435E-1       .0E0       .0E0       .0E0       .0E0 
  .34646E0  -.15719E0  .25614E-1       .0E0       .0E0       .0E0       .0E0 
  .21361E0 -.37415E-1   .5715E-2       .0E0       .0E0       .0E0       .0E0 
 .50651E-1   .24915E0 -.51091E-1       .0E0       .0E0       .0E0       .0E0 
 .33032E-2   .44651E0 -.84212E-1       .0E0       .0E0       .0E0       .0E0 
 .96992E-3   .34819E0  -.8933E-1       .0E0       .0E0       .0E0       .0E0 
 .34592E-4   .10194E0   .2204E-1       .1E1       .0E0       .0E0       .0E0 
 .45789E-4  .51691E-2    .3129E0       .0E0       .1E1       .0E0       .0E0 
-.19443E-4 -.12386E-3   .53284E0       .0E0       .0E0       .1E1       .0E0 
 .54384E-5   .1264E-3   .28534E0       .0E0       .0E0       .0E0       .1E1 

 1.0405046E+03 3.1459714E+02 1.2278760E+02 5.4760369E+01 2.6298944E+01
 1.3263445E+01 6.8850650E+00 3.5795250E+00 1.8315640E+00 9.1290900E-01
 4.3534000E-01 1.8851800E-01 7.5800000E-02

 .10385E-3       .0E0       .0E0       .0E0       .0E0 
 .90992E-3       .0E0       .0E0       .0E0       .0E0 
 .51228E-2       .0E0       .0E0       .0E0       .0E0 
 .20054E-1       .0E0       .0E0       .0E0       .0E0 
 .58156E-1       .0E0       .0E0       .0E0       .0E0 
  .13101E0       .0E0       .0E0       .0E0       .0E0 
  .22067E0       .0E0       .0E0       .0E0       .0E0 
  .28139E0       .0E0       .0E0       .0E0       .0E0 
  .28311E0       .0E0       .0E0       .0E0       .0E0 
  .21696E0       .1E1       .0E0       .0E0       .0E0 
  .10805E0       .0E0       .1E1       .0E0       .0E0 
 .21735E-1       .0E0       .0E0       .1E1       .0E0 
  .3022E-3       .0E0       .0E0       .0E0       .1E1 

 5.9600000E-01 2.8260000E-01 1.3400000E-01

      .1E1       .0E0       .0E0 
      .0E0       .1E1       .0E0 
      .0E0       .0E0       .1E1 

 6.1460000E-01 2.7500000E-01

      .1E1       .0E0 
      .0E0       .1E1 

 4.9860000E-01

      .1E1 

GE:cc-pV5Z(fi/sf/fw)
EMSL BASIS SET LIBRARY

  6
    0    1    2    3    4    5
    8    7    5    3    2    1
   26   17   13    3    2    1

 1.2200119E+08 1.8257470E+07 4.1508215E+06 1.1741018E+06 3.8230915E+05
 1.3760796E+05 5.3419242E+04 2.2005756E+04 9.5138479E+03 4.2841756E+03
 1.9991664E+03 9.6324716E+02 4.7780500E+02 2.4331589E+02 1.2663999E+02
 6.6783579E+01 3.4416084E+01 1.8372814E+01 9.8054610E+00 4.9694030E+00
 2.5486230E+00 1.2845940E+00 5.8335300E-01 2.9343900E-01 1.3267200E-01
 5.9239000E-02

 .95872E-5 -.30861E-5  .11945E-5 -.30891E-6       .0E0       .0E0       .0E0 
      .0E0 
 .39333E-4 -.12642E-4   .4887E-5 -.12632E-5       .0E0       .0E0       .0E0 
      .0E0 
 .95765E-4 -.30812E-4  .11939E-4  -.3087E-5       .0E0       .0E0       .0E0 
      .0E0 
 .21862E-3 -.70178E-4  .27148E-4 -.70149E-5       .0E0       .0E0       .0E0 
      .0E0 
 .47526E-3  -.1525E-3  .59184E-4   -.153E-4       .0E0       .0E0       .0E0 
      .0E0 
 .10559E-2 -.33762E-3   .1307E-3 -.33764E-4       .0E0       .0E0       .0E0 
      .0E0 
 .24153E-2 -.77363E-3  .30034E-3 -.77632E-4       .0E0       .0E0       .0E0 
      .0E0 
 .57066E-2 -.18323E-2  .70968E-3 -.18335E-3       .0E0       .0E0       .0E0 
      .0E0 
 .13537E-1 -.43926E-2  .17059E-2 -.44109E-3       .0E0       .0E0       .0E0 
      .0E0 
 .31328E-1 -.10327E-1  .40108E-2 -.10368E-2       .0E0       .0E0       .0E0 
      .0E0 
 .68437E-1 -.23314E-1  .91027E-2 -.23554E-2       .0E0       .0E0       .0E0 
      .0E0 
  .13586E0 -.49043E-1  .19264E-1 -.49878E-2       .0E0       .0E0       .0E0 
      .0E0 
  .23064E0  -.9322E-1  .37215E-1 -.96608E-2       .0E0       .0E0       .0E0 
      .0E0 
   .3015E0   -.1485E0  .60824E-1  -.1584E-1       .0E0       .0E0       .0E0 
      .0E0 
  .25282E0  -.16865E0  .72547E-1 -.19036E-1       .0E0       .0E0       .0E0 
      .0E0 
  .10185E0  -.4407E-1  .19295E-1 -.50696E-2       .0E0       .0E0       .0E0 
      .0E0 
 .11648E-1   .29029E0  -.16067E0  .43632E-1       .0E0       .0E0       .0E0 
      .0E0 
 .33108E-3   .52356E0  -.40174E0   .11485E0       .0E0       .0E0       .0E0 
      .0E0 
 .57621E-4   .30651E0  -.29963E0  .87683E-1       .0E0       .0E0       .0E0 
      .0E0 
-.50531E-4  .48457E-1   .26188E0 -.91038E-1       .0E0       .0E0       .0E0 
      .0E0 
-.32893E-4  .14615E-2   .64337E0    -.259E0       .0E0       .0E0       .0E0 
      .0E0 
-.13655E-5  .11906E-2   .37472E0   -.2898E0       .0E0       .0E0       .0E0 
      .0E0 
-.34828E-5 -.19726E-3  .38673E-1 -.11295E-3       .1E1       .0E0       .0E0 
      .0E0 
 .16804E-5  .11024E-3 -.19083E-2   .48802E0       .0E0       .1E1       .0E0 
      .0E0 
-.63212E-6 -.46764E-4  .66728E-3   .55507E0       .0E0       .0E0       .1E1 
      .0E0 
 .15339E-6  .92926E-5  -.5737E-4   .15015E0       .0E0       .0E0       .0E0 
      .1E1 

 3.2314970E+04 7.6482002E+03 2.4842114E+03 9.5100305E+02 4.0404833E+02
 1.8460354E+02 8.8964128E+01 4.4447742E+01 2.2799075E+01 1.1835928E+01
 6.0112940E+00 2.9957840E+00 1.4695700E+00 6.9068100E-01 2.8616000E-01
 1.1774200E-01 4.7385000E-02

 .12298E-3 -.47416E-4  .92531E-5       .0E0       .0E0       .0E0       .0E0 
 .46493E-3  -.1794E-3  .35173E-4       .0E0       .0E0       .0E0       .0E0 
 .21331E-2  -.8276E-3  .16153E-3       .0E0       .0E0       .0E0       .0E0 
 .83481E-2  -.3255E-2  .63864E-3       .0E0       .0E0       .0E0       .0E0 
  .2844E-1 -.11243E-1  .21991E-2       .0E0       .0E0       .0E0       .0E0 
 .80921E-1 -.32738E-1  .64501E-2       .0E0       .0E0       .0E0       .0E0 
  .18392E0 -.77415E-1  .15237E-1       .0E0       .0E0       .0E0       .0E0 
   .3107E0  -.13716E0  .27348E-1       .0E0       .0E0       .0E0       .0E0 
  .34245E0  -.15695E0  .31046E-1       .0E0       .0E0       .0E0       .0E0 
  .19224E0 -.90931E-2 -.40697E-3       .0E0       .0E0       .0E0       .0E0 
 .39675E-1    .2919E0 -.70442E-1       .0E0       .0E0       .0E0       .0E0 
 .23156E-2   .46207E0  -.11115E0       .0E0       .0E0       .0E0       .0E0 
 .79137E-3   .31131E0 -.96667E-1       .0E0       .0E0       .0E0       .0E0 
-.23052E-4  .66363E-1  .63884E-1       .1E1       .0E0       .0E0       .0E0 
 .42973E-4  .19783E-2   .36691E0       .0E0       .1E1       .0E0       .0E0 
-.20863E-4  .71637E-3   .49559E0       .0E0       .0E0       .1E1       .0E0 
  .4657E-5  -.3024E-4   .23899E0       .0E0       .0E0       .0E0       .1E1 

 1.2267982E+03 3.7123223E+02 1.4489099E+02 6.4604130E+01 3.1039737E+01
 1.5643870E+01 8.1258220E+00 4.2397620E+00 2.1863860E+00 1.1038710E+00
 5.3381100E-01 2.3135500E-01 9.5300000E-02

 .90876E-4       .0E0       .0E0       .0E0       .0E0 
 .79085E-3       .0E0       .0E0       .0E0       .0E0 
  .4499E-2       .0E0       .0E0       .0E0       .0E0 
 .18062E-1       .0E0       .0E0       .0E0       .0E0 
 .53847E-1       .0E0       .0E0       .0E0       .0E0 
  .12515E0       .0E0       .0E0       .0E0       .0E0 
  .21801E0       .0E0       .0E0       .0E0       .0E0 
  .28493E0       .0E0       .0E0       .0E0       .0E0 
   .2895E0       .0E0       .0E0       .0E0       .0E0 
   .2172E0       .1E1       .0E0       .0E0       .0E0 
  .10026E0       .0E0       .1E1       .0E0       .0E0 
 .17462E-1       .0E0       .0E0       .1E1       .0E0 
  .2414E-3       .0E0       .0E0       .0E0       .1E1 

 6.7090000E-01 3.2970000E-01 1.6300000E-01

      .1E1       .0E0       .0E0 
      .0E0       .1E1       .0E0 
      .0E0       .0E0       .1E1 

 7.0340000E-01 3.1600000E-01

      .1E1       .0E0 
      .0E0       .1E1 

 5.8150000E-01

      .1E1 

AS:cc-pV5Z(fi/sf/fw)
EMSL BASIS SET LIBRARY

  6
    0    1    2    3    4    5
    8    7    5    3    2    1
   26   17   13    3    2    1

 1.3750753E+08 2.0515052E+07 4.6487164E+06 1.3112646E+06 4.2618586E+05
 1.5323706E+05 5.9459404E+04 2.4492812E+04 1.0590253E+04 4.7697841E+03
 2.2263698E+03 1.0730862E+03 5.3250059E+02 2.7129755E+02 1.4131195E+02
 7.4584433E+01 3.8298338E+01 2.0469130E+01 1.0939578E+01 5.5903670E+00
 2.8828590E+00 1.4660860E+00 6.7483900E-01 3.4639900E-01 1.5928900E-01
 7.2109000E-02

 .94157E-5 -.30469E-5  .11917E-5 -.33116E-6       .0E0       .0E0       .0E0 
      .0E0 
 .40338E-4 -.13029E-4  .50901E-5 -.14135E-5       .0E0       .0E0       .0E0 
      .0E0 
 .98311E-4 -.31799E-4  .12449E-4 -.34589E-5       .0E0       .0E0       .0E0 
      .0E0 
 .22399E-3 -.72291E-4  .28261E-4 -.78447E-5       .0E0       .0E0       .0E0 
      .0E0 
 .48278E-3 -.15584E-3  .61107E-4 -.16977E-4       .0E0       .0E0       .0E0 
      .0E0 
 .10596E-2 -.34082E-3  .13334E-3 -.37001E-4       .0E0       .0E0       .0E0 
      .0E0 
 .23869E-2 -.76912E-3  .30172E-3 -.83819E-4       .0E0       .0E0       .0E0 
      .0E0 
 .55624E-2 -.17955E-2  .70287E-3 -.19506E-3       .0E0       .0E0       .0E0 
      .0E0 
 .13065E-1 -.42609E-2  .16723E-2 -.46469E-3       .0E0       .0E0       .0E0 
      .0E0 
 .30071E-1 -.99541E-2  .39069E-2 -.10849E-2       .0E0       .0E0       .0E0 
      .0E0 
 .65586E-1 -.22414E-1  .88416E-2 -.24587E-2       .0E0       .0E0       .0E0 
      .0E0 
  .13056E0 -.47158E-1  .18712E-1  -.5204E-2       .0E0       .0E0       .0E0 
      .0E0 
  .22367E0 -.90057E-1  .36296E-1 -.10127E-1       .0E0       .0E0       .0E0 
      .0E0 
  .29836E0  -.14516E0  .59981E-1 -.16774E-1       .0E0       .0E0       .0E0 
      .0E0 
  .26011E0  -.17046E0  .73862E-1 -.20844E-1       .0E0       .0E0       .0E0 
      .0E0 
  .11249E0 -.58724E-1  .26286E-1 -.73981E-2       .0E0       .0E0       .0E0 
      .0E0 
 .14444E-1   .26735E0  -.14837E0  .43214E-1       .0E0       .0E0       .0E0 
      .0E0 
 .14726E-3   .52228E0  -.39699E0   .12222E0       .0E0       .0E0       .0E0 
      .0E0 
 .18728E-3   .32715E0  -.32509E0   .10256E0       .0E0       .0E0       .0E0 
      .0E0 
 -.1136E-3  .56736E-1   .22569E0 -.84184E-1       .0E0       .0E0       .0E0 
      .0E0 
-.13663E-6  .17988E-2   .64803E0  -.28285E0       .0E0       .0E0       .0E0 
      .0E0 
-.20346E-4  .12858E-2   .39972E0  -.32779E0       .0E0       .0E0       .0E0 
      .0E0 
 .65422E-5 -.23464E-3  .44543E-1  .10913E-1       .1E1       .0E0       .0E0 
      .0E0 
-.36085E-5  .11781E-3  -.2119E-2   .51772E0       .0E0       .1E1       .0E0 
      .0E0 
 .14578E-5 -.54727E-4  .89594E-3   .54526E0       .0E0       .0E0       .1E1 
      .0E0 
-.33662E-6  .96125E-5  -.6083E-4   .14009E0       .0E0       .0E0       .0E0 
      .1E1 

 3.4166161E+04 8.0865608E+03 2.6265114E+03 1.0053950E+03 4.2712735E+02
 1.9515113E+02 9.4054308E+01 4.6999880E+01 2.4117457E+01 1.2519982E+01
 6.3573250E+00 3.1680520E+00 1.5534810E+00 7.1032500E-01 3.2095500E-01
 1.3935700E-01 5.8410000E-02

 .13109E-3 -.51298E-4  .11319E-4       .0E0       .0E0       .0E0       .0E0 
 .48525E-3 -.19009E-3  .41958E-4       .0E0       .0E0       .0E0       .0E0 
 .22023E-2 -.86738E-3  .19152E-3       .0E0       .0E0       .0E0       .0E0 
 .85611E-2 -.33898E-2  .74905E-3       .0E0       .0E0       .0E0       .0E0 
 .29074E-1 -.11672E-1   .2583E-2       .0E0       .0E0       .0E0       .0E0 
 .82486E-1 -.33915E-1   .7527E-2       .0E0       .0E0       .0E0       .0E0 
   .1868E0 -.79938E-1  .17822E-1       .0E0       .0E0       .0E0       .0E0 
  .31368E0  -.14098E0  .31638E-1       .0E0       .0E0       .0E0       .0E0 
  .34118E0  -.15825E0  .35656E-1       .0E0       .0E0       .0E0       .0E0 
  .18729E0  -.1167E-2 -.33665E-2       .0E0       .0E0       .0E0       .0E0 
 .37446E-1   .30612E0 -.82954E-1       .0E0       .0E0       .0E0       .0E0 
 .21387E-2   .47028E0  -.13387E0       .0E0       .0E0       .0E0       .0E0 
 .71383E-3    .2971E0   -.1002E0       .0E0       .0E0       .0E0       .0E0 
-.48643E-4  .52543E-1   .10848E0       .1E1       .0E0       .0E0       .0E0 
 .43309E-4  .11532E-3   .39758E0       .0E0       .1E1       .0E0       .0E0 
-.24125E-4  .12164E-2   .45989E0       .0E0       .0E0       .1E1       .0E0 
 .42695E-5 -.80944E-4   .20684E0       .0E0       .0E0       .0E0       .1E1 

 1.4244506E+03 4.3106676E+02 1.6812864E+02 7.4866724E+01 3.5945855E+01
 1.8098474E+01 9.4057800E+00 4.9239040E+00 2.5564930E+00 1.3042330E+00
 6.3711800E-01 2.7579500E-01 1.1530000E-01

 .81351E-4       .0E0       .0E0       .0E0       .0E0 
 .70313E-3       .0E0       .0E0       .0E0       .0E0 
 .40364E-2       .0E0       .0E0       .0E0       .0E0 
 .16569E-1       .0E0       .0E0       .0E0       .0E0 
 .50626E-1       .0E0       .0E0       .0E0       .0E0 
  .12064E0       .0E0       .0E0       .0E0       .0E0 
  .21573E0       .0E0       .0E0       .0E0       .0E0 
   .2876E0       .0E0       .0E0       .0E0       .0E0 
  .29458E0       .0E0       .0E0       .0E0       .0E0 
   .2169E0       .1E1       .0E0       .0E0       .0E0 
 .94212E-1       .0E0       .1E1       .0E0       .0E0 
 .14775E-1       .0E0       .0E0       .1E1       .0E0 
 .21996E-3       .0E0       .0E0       .0E0       .1E1 

 7.5990000E-01 3.8590000E-01 1.9600000E-01

      .1E1       .0E0       .0E0 
      .0E0       .1E1       .0E0 
      .0E0       .0E0       .1E1 

 8.0920000E-01 3.7000000E-01

      .1E1       .0E0 
      .0E0       .1E1 

 6.7730000E-01

      .1E1 

SE:cc-pV5Z(fi/sf/fw)
EMSL BASIS SET LIBRARY

  6
    0    1    2    3    4    5
    8    7    5    3    2    1
   26   17   13    3    2    1

 1.5443225E+08 2.3129212E+07 5.2617929E+06 1.4888167E+06 4.8465656E+05
 1.7427063E+05 6.7529090E+04 2.7750837E+04 1.1964216E+04 5.3707148E+03
 2.4973194E+03 1.1987679E+03 5.9258026E+02 3.0097708E+02 1.5646024E+02
 8.2476086E+01 4.2270887E+01 2.2630220E+01 1.2122374E+01 6.2491700E+00
 3.2426780E+00 1.6663620E+00 7.8726400E-01 4.0297200E-01 1.8709600E-01
 8.4706000E-02

 .90681E-5 -.29497E-5  .11657E-5 -.34264E-6       .0E0       .0E0       .0E0 
      .0E0 
   .409E-4 -.13274E-4  .52396E-5 -.15393E-5       .0E0       .0E0       .0E0 
      .0E0 
  .9938E-4 -.32308E-4  .12778E-4 -.37554E-5       .0E0       .0E0       .0E0 
      .0E0 
 .22534E-3 -.73109E-4  .28875E-4   -.848E-5       .0E0       .0E0       .0E0 
      .0E0 
 .48083E-3  -.1561E-3  .61834E-4 -.18171E-4       .0E0       .0E0       .0E0 
      .0E0 
 .10427E-2 -.33731E-3  .13335E-3 -.39148E-4       .0E0       .0E0       .0E0 
      .0E0 
 .23163E-2 -.75068E-3  .29754E-3 -.87433E-4       .0E0       .0E0       .0E0 
      .0E0 
 .53356E-2 -.17312E-2  .68478E-3 -.20105E-3       .0E0       .0E0       .0E0 
      .0E0 
 .12445E-1 -.40775E-2  .16169E-2 -.47527E-3       .0E0       .0E0       .0E0 
      .0E0 
 .28609E-1 -.95063E-2  .37697E-2 -.11074E-2       .0E0       .0E0       .0E0 
      .0E0 
 .62639E-1 -.21462E-1  .85515E-2 -.25154E-2       .0E0       .0E0       .0E0 
      .0E0 
  .12568E0 -.45407E-1  .18196E-1 -.53535E-2       .0E0       .0E0       .0E0 
      .0E0 
  .21795E0 -.87417E-1  .35562E-1 -.10497E-1       .0E0       .0E0       .0E0 
      .0E0 
  .29633E0  -.14267E0  .59474E-1 -.17595E-1       .0E0       .0E0       .0E0 
      .0E0 
  .26676E0  -.17209E0  .75133E-1 -.22432E-1       .0E0       .0E0       .0E0 
      .0E0 
  .12182E0 -.70457E-1  .32006E-1 -.95469E-2       .0E0       .0E0       .0E0 
      .0E0 
 .17046E-1    .2478E0   -.1382E0  .42581E-1       .0E0       .0E0       .0E0 
      .0E0 
 .19907E-4   .51896E0  -.39223E0   .12789E0       .0E0       .0E0       .0E0 
      .0E0 
 .29418E-3   .34449E0  -.34608E0   .11606E0       .0E0       .0E0       .0E0 
      .0E0 
-.16745E-3  .65079E-1   .19182E0 -.75927E-1       .0E0       .0E0       .0E0 
      .0E0 
 .28117E-4  .22406E-2   .64909E0   -.3012E0       .0E0       .0E0       .0E0 
      .0E0 
 -.3763E-4  .13745E-2   .42273E0  -.36261E0       .0E0       .0E0       .0E0 
      .0E0 
 .15675E-4 -.26599E-3  .51739E-1  .18318E-1       .1E1       .0E0       .0E0 
      .0E0 
-.80671E-5  .11438E-3  -.1589E-2   .53957E0       .0E0       .1E1       .0E0 
      .0E0 
 .32448E-5 -.60214E-4  .10029E-2   .54256E0       .0E0       .0E0       .1E1 
      .0E0 
-.73217E-6   .9212E-5 -.38073E-4   .13064E0       .0E0       .0E0       .0E0 
      .1E1 

 3.6511337E+04 8.6405510E+03 2.8056911E+03 1.0734961E+03 4.5577475E+02
 2.0809432E+02 1.0023111E+02 5.0073522E+01 2.5700262E+01 1.3346792E+01
 6.7870510E+00 3.3916540E+00 1.6703270E+00 7.5259900E-01 3.4681300E-01
 1.5185500E-01 6.3856000E-02

 .13776E-3 -.54684E-4  .13196E-4       .0E0       .0E0       .0E0       .0E0 
  .4977E-3 -.19783E-3   .4766E-4       .0E0       .0E0       .0E0       .0E0 
 .22323E-2 -.89195E-3  .21546E-3       .0E0       .0E0       .0E0       .0E0 
 .86217E-2 -.34645E-2  .83577E-3       .0E0       .0E0       .0E0       .0E0 
 .29239E-1 -.11912E-1  .28843E-2       .0E0       .0E0       .0E0       .0E0 
 .82952E-1 -.34628E-1  .83917E-2       .0E0       .0E0       .0E0       .0E0 
  .18789E0 -.81646E-1  .19933E-1       .0E0       .0E0       .0E0       .0E0 
  .31506E0  -.14396E0  .35275E-1       .0E0       .0E0       .0E0       .0E0 
  .34072E0     -.16E0  .39597E-1       .0E0       .0E0       .0E0       .0E0 
  .18521E0  .28243E-2 -.54668E-2       .0E0       .0E0       .0E0       .0E0 
  .3658E-1   .31487E0 -.93439E-1       .0E0       .0E0       .0E0       .0E0 
 .20702E-2   .47582E0  -.15339E0       .0E0       .0E0       .0E0       .0E0 
  .6528E-3   .28631E0  -.10101E0       .0E0       .0E0       .0E0       .0E0 
-.57718E-4  .44997E-1   .15791E0       .1E1       .0E0       .0E0       .0E0 
 .36709E-4 -.47948E-3   .43219E0       .0E0       .1E1       .0E0       .0E0 
-.24622E-4  .13693E-2   .43531E0       .0E0       .0E0       .1E1       .0E0 
 .34378E-5 -.82849E-4   .15428E0       .0E0       .0E0       .0E0       .1E1 

 1.6350663E+03 4.9467266E+02 1.9284388E+02 8.5782195E+01 4.1149966E+01
 2.0678170E+01 1.0726386E+01 5.6124540E+00 2.9203760E+00 1.4981840E+00
 7.3599900E-01 3.1600400E-01 1.3310000E-01

 .74007E-4       .0E0       .0E0       .0E0       .0E0 
 .63458E-3       .0E0       .0E0       .0E0       .0E0 
 .36654E-2       .0E0       .0E0       .0E0       .0E0 
 .15324E-1       .0E0       .0E0       .0E0       .0E0 
 .47916E-1       .0E0       .0E0       .0E0       .0E0 
  .11706E0       .0E0       .0E0       .0E0       .0E0 
  .21485E0       .0E0       .0E0       .0E0       .0E0 
  .29171E0       .0E0       .0E0       .0E0       .0E0 
  .29984E0       .0E0       .0E0       .0E0       .0E0 
  .21497E0       .1E1       .0E0       .0E0       .0E0 
 .87455E-1       .0E0       .1E1       .0E0       .0E0 
 .12342E-1       .0E0       .0E0       .1E1       .0E0 
 .16063E-3       .0E0       .0E0       .0E0       .1E1 

 8.4420000E-01 4.2110000E-01 2.1000000E-01

      .1E1       .0E0       .0E0 
      .0E0       .1E1       .0E0 
      .0E0       .0E0       .1E1 

 8.6590000E-01 3.8500000E-01

      .1E1       .0E0 
      .0E0       .1E1 

 7.2350000E-01

      .1E1 

BR:cc-pV5Z(fi/sf/fw)
EMSL BASIS SET LIBRARY

  6
    0    1    2    3    4    5
    8    7    5    3    2    1
   26   17   13    3    2    1

 1.6573515E+08 2.4774379E+07 5.6282020E+06 1.5918997E+06 5.1826380E+05
 1.8649092E+05 7.2332493E+04 2.9761135E+04 1.2851712E+04 5.7809430E+03
 2.6950098E+03 1.2976604E+03 6.4363493E+02 3.2795194E+02 1.7092262E+02
 9.0250141E+01 4.6292467E+01 2.4848661E+01 1.3347137E+01 6.9482580E+00
 3.6250750E+00 1.8821530E+00 9.1082200E-01 4.6395700E-01 2.1693300E-01
 9.8406000E-02

 .93444E-5 -.30545E-5  .12191E-5 -.37502E-6       .0E0       .0E0       .0E0 
      .0E0 
 .43177E-4  -.1408E-4  .56136E-5 -.17262E-5       .0E0       .0E0       .0E0 
      .0E0 
 .10487E-3  -.3426E-4  .13683E-4 -.42086E-5       .0E0       .0E0       .0E0 
      .0E0 
 .23708E-3 -.77312E-4  .30843E-4  -.9482E-5       .0E0       .0E0       .0E0 
      .0E0 
 .50262E-3 -.16405E-3  .65618E-4 -.20181E-4       .0E0       .0E0       .0E0 
      .0E0 
 .10797E-2 -.35128E-3  .14028E-3 -.43112E-4       .0E0       .0E0       .0E0 
      .0E0 
 .23705E-2 -.77262E-3  .30927E-3 -.95112E-4       .0E0       .0E0       .0E0 
      .0E0 
 .53932E-2 -.17595E-2  .70308E-3 -.21608E-3       .0E0       .0E0       .0E0 
      .0E0 
 .12441E-1 -.40979E-2  .16412E-2 -.50492E-3       .0E0       .0E0       .0E0 
      .0E0 
  .2835E-1 -.94669E-2  .37923E-2 -.11661E-2       .0E0       .0E0       .0E0 
      .0E0 
 .61646E-1 -.21217E-1  .85386E-2 -.26288E-2       .0E0       .0E0       .0E0 
      .0E0 
  .12314E0 -.44637E-1  .18067E-1 -.55637E-2       .0E0       .0E0       .0E0 
      .0E0 
  .21352E0 -.85712E-1  .35206E-1 -.10878E-1       .0E0       .0E0       .0E0 
      .0E0 
   .2928E0  -.14035E0  .59054E-1 -.18287E-1       .0E0       .0E0       .0E0 
      .0E0 
  .26968E0  -.17219E0  .75799E-1 -.23694E-1       .0E0       .0E0       .0E0 
      .0E0 
  .12873E0 -.78734E-1  .36188E-1  -.1131E-1       .0E0       .0E0       .0E0 
      .0E0 
 .19382E-1   .23125E0  -.12985E0  .41885E-1       .0E0       .0E0       .0E0 
      .0E0 
-.84291E-4    .5144E0  -.38765E0   .13247E0       .0E0       .0E0       .0E0 
      .0E0 
 .39546E-3   .35879E0  -.36353E0   .12812E0       .0E0       .0E0       .0E0 
      .0E0 
-.22185E-3  .73114E-1   .16091E0 -.66828E-1       .0E0       .0E0       .0E0 
      .0E0 
 .57313E-4  .29614E-2   .64798E0  -.31618E0       .0E0       .0E0       .0E0 
      .0E0 
-.56129E-4  .13653E-2   .44357E0   -.3938E0       .0E0       .0E0       .0E0 
      .0E0 
 .25359E-4 -.25075E-3  .59563E-1  .21464E-1       .1E1       .0E0       .0E0 
      .0E0 
-.12398E-4  .84071E-4 -.87571E-3   .55661E0       .0E0       .1E1       .0E0 
      .0E0 
 .50055E-5 -.56901E-4  .11038E-2   .54142E0       .0E0       .0E0       .1E1 
      .0E0 
-.11111E-5  .66596E-5 -.13147E-4   .12536E0       .0E0       .0E0       .0E0 
      .1E1 

 3.9391530E+04 9.3252225E+03 3.0289943E+03 1.1595145E+03 4.9268131E+02
 2.2517451E+02 1.0859326E+02 5.4336079E+01 2.7936650E+01 1.4539626E+01
 7.4213070E+00 3.7303890E+00 1.8541270E+00 8.4533700E-01 3.9215200E-01
 1.7276700E-01 7.2908000E-02

 .14297E-3 -.57536E-4  .14875E-4       .0E0       .0E0       .0E0       .0E0 
  .5021E-3 -.20236E-3  .52201E-4       .0E0       .0E0       .0E0       .0E0 
 .22196E-2 -.89918E-3  .23274E-3       .0E0       .0E0       .0E0       .0E0 
  .8493E-2 -.34607E-2  .89397E-3       .0E0       .0E0       .0E0       .0E0 
 .28703E-1 -.11856E-1  .30762E-2       .0E0       .0E0       .0E0       .0E0 
 .81376E-1  -.3444E-1  .89389E-2       .0E0       .0E0       .0E0       .0E0 
  .18488E0 -.81434E-1  .21316E-1       .0E0       .0E0       .0E0       .0E0 
  .31208E0  -.14459E0  .37958E-1       .0E0       .0E0       .0E0       .0E0 
  .34165E0   -.1629E0  .43297E-1       .0E0       .0E0       .0E0       .0E0 
  .18981E0 -.29805E-2 -.45472E-2       .0E0       .0E0       .0E0       .0E0 
 .38869E-1   .31133E0 -.99689E-1       .0E0       .0E0       .0E0       .0E0 
  .2184E-2   .47947E0  -.16896E0       .0E0       .0E0       .0E0       .0E0 
 .66493E-3    .2873E0  -.10662E0       .0E0       .0E0       .0E0       .0E0 
 -.7697E-4   .4493E-1   .18294E0       .1E1       .0E0       .0E0       .0E0 
  .3844E-4 -.17549E-3   .44869E0       .0E0       .1E1       .0E0       .0E0 
-.29067E-4  .14251E-2   .41881E0       .0E0       .0E0       .1E1       .0E0 
  .3416E-5  -.4197E-4   .13446E0       .0E0       .0E0       .0E0       .1E1 

 1.8506354E+03 5.5707125E+02 2.1648687E+02 9.6138850E+01 4.6126380E+01
 2.3201164E+01 1.2055926E+01 6.3255450E+00 3.3049220E+00 1.7042530E+00
 8.3994000E-01 3.5695300E-01 1.5200000E-01

 .69053E-4       .0E0       .0E0       .0E0       .0E0 
  .5929E-3       .0E0       .0E0       .0E0       .0E0 
 .34503E-2       .0E0       .0E0       .0E0       .0E0 
 .14599E-1       .0E0       .0E0       .0E0       .0E0 
 .46251E-1       .0E0       .0E0       .0E0       .0E0 
  .11449E0       .0E0       .0E0       .0E0       .0E0 
  .21352E0       .0E0       .0E0       .0E0       .0E0 
  .29407E0       .0E0       .0E0       .0E0       .0E0 
  .30379E0       .0E0       .0E0       .0E0       .0E0 
  .21345E0       .1E1       .0E0       .0E0       .0E0 
 .82217E-1       .0E0       .1E1       .0E0       .0E0 
 .10602E-1       .0E0       .0E0       .1E1       .0E0 
 .11847E-3       .0E0       .0E0       .0E0       .1E1 

 9.6270000E-01 4.9550000E-01 2.5500000E-01

      .1E1       .0E0       .0E0 
      .0E0       .1E1       .0E0 
      .0E0       .0E0       .1E1 

 9.7680000E-01 4.3900000E-01

      .1E1       .0E0 
      .0E0       .1E1 

 8.1930000E-01

      .1E1 

KR:cc-pV5Z(fi/sf/fw)
EMSL BASIS SET LIBRARY

  6
    0    1    2    3    4    5
    8    7    5    3    2    1
   26   17   13    3    2    1

 1.8282209E+08 2.7356156E+07 6.2211704E+06 1.7602779E+06 5.7319382E+05
 2.0625845E+05 8.0026669E+04 3.2939084E+04 1.4222633E+04 6.3930707E+03
 2.9764538E+03 1.4305254E+03 7.0792621E+02 3.5984847E+02 1.8714965E+02
 9.8634523E+01 5.0547869E+01 2.7167004E+01 1.4615098E+01 7.6513520E+00
 3.9972630E+00 2.0858530E+00 1.0147970E+00 5.1978800E-01 2.4510300E-01
 1.1189600E-01

 .90824E-5 -.29837E-5  .12023E-5  -.3842E-6       .0E0       .0E0       .0E0 
      .0E0 
 .44235E-4 -.14491E-4  .58333E-5  -.1863E-5       .0E0       .0E0       .0E0 
      .0E0 
 .10763E-3 -.35328E-4  .14243E-4 -.45508E-5       .0E0       .0E0       .0E0 
      .0E0 
 .24266E-3 -.79524E-4  .32031E-4 -.10227E-4       .0E0       .0E0       .0E0 
      .0E0 
 .51078E-3 -.16759E-3  .67668E-4  -.2162E-4       .0E0       .0E0       .0E0 
      .0E0 
  .1086E-2 -.35527E-3  .14324E-3 -.45719E-4       .0E0       .0E0       .0E0 
      .0E0 
 .23512E-2 -.77057E-3  .31141E-3  -.9949E-4       .0E0       .0E0       .0E0 
      .0E0 
 .52793E-2 -.17313E-2  .69855E-3 -.22295E-3       .0E0       .0E0       .0E0 
      .0E0 
 .12062E-1 -.39921E-2  .16142E-2  -.5159E-3       .0E0       .0E0       .0E0 
      .0E0 
 .27357E-1 -.91729E-2  .37101E-2 -.11848E-2       .0E0       .0E0       .0E0 
      .0E0 
 .59479E-1 -.20536E-1  .83423E-2 -.26681E-2       .0E0       .0E0       .0E0 
      .0E0 
  .11931E0 -.43307E-1  .17694E-1 -.56583E-2       .0E0       .0E0       .0E0 
      .0E0 
  .20876E0 -.83638E-1  .34658E-1 -.11125E-1       .0E0       .0E0       .0E0 
      .0E0 
  .29067E0  -.13833E0  .58703E-1 -.18875E-1       .0E0       .0E0       .0E0 
      .0E0 
  .27452E0  -.17313E0  .76778E-1 -.24943E-1       .0E0       .0E0       .0E0 
      .0E0 
  .13641E0 -.87212E-1  .40522E-1  -.1314E-1       .0E0       .0E0       .0E0 
      .0E0 
 .21834E-1     .216E0  -.12218E0  .40883E-1       .0E0       .0E0       .0E0 
      .0E0 
 -.1581E-3   .51012E0  -.38374E0   .13649E0       .0E0       .0E0       .0E0 
      .0E0 
 .48341E-3   .37174E0   -.3792E0   .13905E0       .0E0       .0E0       .0E0 
      .0E0 
-.26895E-3  .80615E-1   .13717E0 -.58745E-1       .0E0       .0E0       .0E0 
      .0E0 
 .81773E-4  .35233E-2   .65215E0  -.33457E0       .0E0       .0E0       .0E0 
      .0E0 
 -.7147E-4  .13769E-2   .45686E0  -.42023E0       .0E0       .0E0       .0E0 
      .0E0 
 .33904E-4 -.27357E-3  .62981E-1  .37634E-1       .1E1       .0E0       .0E0 
      .0E0 
-.16423E-4  .75673E-4   -.651E-3   .57488E0       .0E0       .1E1       .0E0 
      .0E0 
 .66627E-5 -.61823E-4  .12744E-2   .53189E0       .0E0       .0E0       .1E1 
      .0E0 
-.14634E-5  .62541E-5 -.78833E-5   .11734E0       .0E0       .0E0       .0E0 
      .1E1 

 4.2993056E+04 1.0173723E+04 3.3031057E+03 1.2635400E+03 5.3636546E+02
 2.4487617E+02 1.1799117E+02 5.9021248E+01 3.0356067E+01 1.5819977E+01
 8.1045800E+00 4.0979640E+00 2.0560610E+00 9.5214500E-01 4.4477400E-01
 1.9749600E-01 8.3823000E-02

 .14633E-3 -.59679E-4  .16208E-4       .0E0       .0E0       .0E0       .0E0 
 .49851E-3 -.20365E-3   .5517E-4       .0E0       .0E0       .0E0       .0E0 
  .2171E-2 -.89139E-3   .2424E-3       .0E0       .0E0       .0E0       .0E0 
 .82454E-2 -.34055E-2  .92394E-3       .0E0       .0E0       .0E0       .0E0 
 .27872E-1 -.11666E-1  .31805E-2       .0E0       .0E0       .0E0       .0E0 
 .79319E-1 -.34012E-1  .92734E-2       .0E0       .0E0       .0E0       .0E0 
  .18148E0 -.80975E-1  .22279E-1       .0E0       .0E0       .0E0       .0E0 
  .30923E0  -.14518E0  .40057E-1       .0E0       .0E0       .0E0       .0E0 
  .34317E0   -.1661E0  .46468E-1       .0E0       .0E0       .0E0       .0E0 
  .19483E0 -.93422E-2  -.3162E-2       .0E0       .0E0       .0E0       .0E0 
 .41337E-1   .30712E0  -.10424E0       .0E0       .0E0       .0E0       .0E0 
 .23313E-2   .48275E0  -.18198E0       .0E0       .0E0       .0E0       .0E0 
 .67289E-3   .28925E0  -.11147E0       .0E0       .0E0       .0E0       .0E0 
-.88061E-4  .45556E-1    .2002E0       .1E1       .0E0       .0E0       .0E0 
 .49911E-4 -.40831E-3   .45757E0       .0E0       .1E1       .0E0       .0E0 
-.23301E-4  .88329E-3   .40666E0       .0E0       .0E0       .1E1       .0E0 
 .61834E-5 -.17574E-3    .1252E0       .0E0       .0E0       .0E0       .1E1 

 2.0674360E+03 6.2569371E+02 2.4394679E+02 1.0842373E+02 5.2005216E+01
 2.6115405E+01 1.3546748E+01 7.1058100E+00 3.7215540E+00 1.9291200E+00
 9.5582600E-01 4.0519700E-01 1.7410000E-01

   .653E-4       .0E0       .0E0       .0E0       .0E0 
 .54834E-3       .0E0       .0E0       .0E0       .0E0 
 .31822E-2       .0E0       .0E0       .0E0       .0E0 
  .1362E-1       .0E0       .0E0       .0E0       .0E0 
 .43991E-1       .0E0       .0E0       .0E0       .0E0 
  .11123E0       .0E0       .0E0       .0E0       .0E0 
  .21207E0       .0E0       .0E0       .0E0       .0E0 
  .29665E0       .0E0       .0E0       .0E0       .0E0 
   .3076E0       .0E0       .0E0       .0E0       .0E0 
  .21238E0       .1E1       .0E0       .0E0       .0E0 
 .78718E-1       .0E0       .1E1       .0E0       .0E0 
 .96536E-2       .0E0       .0E0       .1E1       .0E0 
 .11416E-3       .0E0       .0E0       .0E0       .1E1 

 1.0940000E+00 5.8700000E-01 3.1500000E-01

      .1E1       .0E0       .0E0 
      .0E0       .1E1       .0E0 
      .0E0       .0E0       .1E1 

 1.1040000E+00 5.0100000E-01

      .1E1       .0E0 
      .0E0       .1E1 

 9.3030000E-01

      .1E1 




