!  cc-pV(D+d)Z-RI  EMSL  Basis Set Exchange Library   3/18/13 10:17 PM
! Elements                             References
! --------                             ----------
! Al Si P S Cl Ar : F. Weigend, A. Kohn, C. Hattig, Efficient use of the correlation consistent basis sets in resolution of the identity MP2 calculations, The Journal of Chemical Physics 116, 3175 (2002).
! 



AL:cc-pV(D+d)Z-RI
EMSL BASIS SET LIBRARY

  4
    0    1    2    3
    9    7    5    3
    9    7    5    3

  245.60839249  55.634051938  15.060990339  7.9382204107  3.2850615462
  1.0424317001 0.56210560676 0.27738188089 0.13766430535

 1.0000000  0.0000000  0.0000000  0.0000000  0.0000000  0.0000000  0.0000000 
 0.0000000  0.0000000 
 0.0000000  1.0000000  0.0000000  0.0000000  0.0000000  0.0000000  0.0000000 
 0.0000000  0.0000000 
 0.0000000  0.0000000  1.0000000  0.0000000  0.0000000  0.0000000  0.0000000 
 0.0000000  0.0000000 
 0.0000000  0.0000000  0.0000000  1.0000000  0.0000000  0.0000000  0.0000000 
 0.0000000  0.0000000 
 0.0000000  0.0000000  0.0000000  0.0000000  1.0000000  0.0000000  0.0000000 
 0.0000000  0.0000000 
 0.0000000  0.0000000  0.0000000  0.0000000  0.0000000  1.0000000  0.0000000 
 0.0000000  0.0000000 
 0.0000000  0.0000000  0.0000000  0.0000000  0.0000000  0.0000000  1.0000000 
 0.0000000  0.0000000 
 0.0000000  0.0000000  0.0000000  0.0000000  0.0000000  0.0000000  0.0000000 
 1.0000000  0.0000000 
 0.0000000  0.0000000  0.0000000  0.0000000  0.0000000  0.0000000  0.0000000 
 0.0000000  1.0000000 

  98.889261408  15.737432035  5.6535137040  2.7689528952  1.0284118437
 0.34074358632 0.14209103742

 1.0000000  0.0000000  0.0000000  0.0000000  0.0000000  0.0000000  0.0000000 
 0.0000000  1.0000000  0.0000000  0.0000000  0.0000000  0.0000000  0.0000000 
 0.0000000  0.0000000  1.0000000  0.0000000  0.0000000  0.0000000  0.0000000 
 0.0000000  0.0000000  0.0000000  1.0000000  0.0000000  0.0000000  0.0000000 
 0.0000000  0.0000000  0.0000000  0.0000000  1.0000000  0.0000000  0.0000000 
 0.0000000  0.0000000  0.0000000  0.0000000  0.0000000  1.0000000  0.0000000 
 0.0000000  0.0000000  0.0000000  0.0000000  0.0000000  0.0000000  1.0000000 

  14.045035945  3.0566562950  1.3059296932 0.37529390861 0.25006386280

 1.0000000  0.0000000  0.0000000  0.0000000  0.0000000 
 0.0000000  1.0000000  0.0000000  0.0000000  0.0000000 
 0.0000000  0.0000000  1.0000000  0.0000000  0.0000000 
 0.0000000  0.0000000  0.0000000  1.0000000  0.0000000 
 0.0000000  0.0000000  0.0000000  0.0000000  1.0000000 

  4.3915595248  1.9345241181 0.31492198418

 1.0000000  0.0000000  0.0000000 
 0.0000000  1.0000000  0.0000000 
 0.0000000  0.0000000  1.0000000 

SI:cc-pV(D+d)Z-RI
EMSL BASIS SET LIBRARY

  4
    0    1    2    3
    9    7    5    3
    9    7    5    3

  233.63387496  55.265786282  15.571327138  7.6728176147  3.5599233516
  1.0457336832 0.68909286408 0.36076082576 0.17940013768

 1.0000000  0.0000000  0.0000000  0.0000000  0.0000000  0.0000000  0.0000000 
 0.0000000  0.0000000 
 0.0000000  1.0000000  0.0000000  0.0000000  0.0000000  0.0000000  0.0000000 
 0.0000000  0.0000000 
 0.0000000  0.0000000  1.0000000  0.0000000  0.0000000  0.0000000  0.0000000 
 0.0000000  0.0000000 
 0.0000000  0.0000000  0.0000000  1.0000000  0.0000000  0.0000000  0.0000000 
 0.0000000  0.0000000 
 0.0000000  0.0000000  0.0000000  0.0000000  1.0000000  0.0000000  0.0000000 
 0.0000000  0.0000000 
 0.0000000  0.0000000  0.0000000  0.0000000  0.0000000  1.0000000  0.0000000 
 0.0000000  0.0000000 
 0.0000000  0.0000000  0.0000000  0.0000000  0.0000000  0.0000000  1.0000000 
 0.0000000  0.0000000 
 0.0000000  0.0000000  0.0000000  0.0000000  0.0000000  0.0000000  0.0000000 
 1.0000000  0.0000000 
 0.0000000  0.0000000  0.0000000  0.0000000  0.0000000  0.0000000  0.0000000 
 0.0000000  1.0000000 

  102.85819146  15.591019840  5.8403128434  2.1561978384  1.0071317517
 0.42036187212 0.20961416030

 1.0000000  0.0000000  0.0000000  0.0000000  0.0000000  0.0000000  0.0000000 
 0.0000000  1.0000000  0.0000000  0.0000000  0.0000000  0.0000000  0.0000000 
 0.0000000  0.0000000  1.0000000  0.0000000  0.0000000  0.0000000  0.0000000 
 0.0000000  0.0000000  0.0000000  1.0000000  0.0000000  0.0000000  0.0000000 
 0.0000000  0.0000000  0.0000000  0.0000000  1.0000000  0.0000000  0.0000000 
 0.0000000  0.0000000  0.0000000  0.0000000  0.0000000  1.0000000  0.0000000 
 0.0000000  0.0000000  0.0000000  0.0000000  0.0000000  0.0000000  1.0000000 

  18.561398527  4.3196471992  2.0699608344 0.47250592517 0.22348411115

 1.0000000  0.0000000  0.0000000  0.0000000  0.0000000 
 0.0000000  1.0000000  0.0000000  0.0000000  0.0000000 
 0.0000000  0.0000000  1.0000000  0.0000000  0.0000000 
 0.0000000  0.0000000  0.0000000  1.0000000  0.0000000 
 0.0000000  0.0000000  0.0000000  0.0000000  1.0000000 

  5.6987225127  2.3071227842 0.46076780257

 1.0000000  0.0000000  0.0000000 
 0.0000000  1.0000000  0.0000000 
 0.0000000  0.0000000  1.0000000 

P:cc-pV(D+d)Z-RI
EMSL BASIS SET LIBRARY

  4
    0    1    2    3
    9    7    5    3
    9    7    5    3

  228.63267785  54.506057893  15.762252958  7.5544221607  3.6842930301
  1.0949031685 0.67469715351 0.34651912955 0.14114680678

 1.0000000  0.0000000  0.0000000  0.0000000  0.0000000  0.0000000  0.0000000 
 0.0000000  0.0000000 
 0.0000000  1.0000000  0.0000000  0.0000000  0.0000000  0.0000000  0.0000000 
 0.0000000  0.0000000 
 0.0000000  0.0000000  1.0000000  0.0000000  0.0000000  0.0000000  0.0000000 
 0.0000000  0.0000000 
 0.0000000  0.0000000  0.0000000  1.0000000  0.0000000  0.0000000  0.0000000 
 0.0000000  0.0000000 
 0.0000000  0.0000000  0.0000000  0.0000000  1.0000000  0.0000000  0.0000000 
 0.0000000  0.0000000 
 0.0000000  0.0000000  0.0000000  0.0000000  0.0000000  1.0000000  0.0000000 
 0.0000000  0.0000000 
 0.0000000  0.0000000  0.0000000  0.0000000  0.0000000  0.0000000  1.0000000 
 0.0000000  0.0000000 
 0.0000000  0.0000000  0.0000000  0.0000000  0.0000000  0.0000000  0.0000000 
 1.0000000  0.0000000 
 0.0000000  0.0000000  0.0000000  0.0000000  0.0000000  0.0000000  0.0000000 
 0.0000000  1.0000000 

  100.33075294  15.254506996  6.5403548222  2.5835737300  1.1093869645
 0.56990264499 0.26882922177

 1.0000000  0.0000000  0.0000000  0.0000000  0.0000000  0.0000000  0.0000000 
 0.0000000  1.0000000  0.0000000  0.0000000  0.0000000  0.0000000  0.0000000 
 0.0000000  0.0000000  1.0000000  0.0000000  0.0000000  0.0000000  0.0000000 
 0.0000000  0.0000000  0.0000000  1.0000000  0.0000000  0.0000000  0.0000000 
 0.0000000  0.0000000  0.0000000  0.0000000  1.0000000  0.0000000  0.0000000 
 0.0000000  0.0000000  0.0000000  0.0000000  0.0000000  1.0000000  0.0000000 
 0.0000000  0.0000000  0.0000000  0.0000000  0.0000000  0.0000000  1.0000000 

  23.088072722  5.5651868450  2.8020823738 0.63499496425 0.28880689308

 1.0000000  0.0000000  0.0000000  0.0000000  0.0000000 
 0.0000000  1.0000000  0.0000000  0.0000000  0.0000000 
 0.0000000  0.0000000  1.0000000  0.0000000  0.0000000 
 0.0000000  0.0000000  0.0000000  1.0000000  0.0000000 
 0.0000000  0.0000000  0.0000000  0.0000000  1.0000000 

  7.5116747966  3.0543024504 0.63129177803

 1.0000000  0.0000000  0.0000000 
 0.0000000  1.0000000  0.0000000 
 0.0000000  0.0000000  1.0000000 

S:cc-pV(D+d)Z-RI
EMSL BASIS SET LIBRARY

  4
    0    1    2    3
    9    7    5    3
    9    7    5    3

  227.60646032  54.508181284  15.451153681  7.5007056080  3.6362479527
  1.1980042928 0.71990131761 0.39226646706 0.16764088728

 1.0000000  0.0000000  0.0000000  0.0000000  0.0000000  0.0000000  0.0000000 
 0.0000000  0.0000000 
 0.0000000  1.0000000  0.0000000  0.0000000  0.0000000  0.0000000  0.0000000 
 0.0000000  0.0000000 
 0.0000000  0.0000000  1.0000000  0.0000000  0.0000000  0.0000000  0.0000000 
 0.0000000  0.0000000 
 0.0000000  0.0000000  0.0000000  1.0000000  0.0000000  0.0000000  0.0000000 
 0.0000000  0.0000000 
 0.0000000  0.0000000  0.0000000  0.0000000  1.0000000  0.0000000  0.0000000 
 0.0000000  0.0000000 
 0.0000000  0.0000000  0.0000000  0.0000000  0.0000000  1.0000000  0.0000000 
 0.0000000  0.0000000 
 0.0000000  0.0000000  0.0000000  0.0000000  0.0000000  0.0000000  1.0000000 
 0.0000000  0.0000000 
 0.0000000  0.0000000  0.0000000  0.0000000  0.0000000  0.0000000  0.0000000 
 1.0000000  0.0000000 
 0.0000000  0.0000000  0.0000000  0.0000000  0.0000000  0.0000000  0.0000000 
 0.0000000  1.0000000 

  100.47953874  15.326806835  6.8173521903  2.7058319273  1.1299976805
 0.70680651766 0.29477453339

 1.0000000  0.0000000  0.0000000  0.0000000  0.0000000  0.0000000  0.0000000 
 0.0000000  1.0000000  0.0000000  0.0000000  0.0000000  0.0000000  0.0000000 
 0.0000000  0.0000000  1.0000000  0.0000000  0.0000000  0.0000000  0.0000000 
 0.0000000  0.0000000  0.0000000  1.0000000  0.0000000  0.0000000  0.0000000 
 0.0000000  0.0000000  0.0000000  0.0000000  1.0000000  0.0000000  0.0000000 
 0.0000000  0.0000000  0.0000000  0.0000000  0.0000000  1.0000000  0.0000000 
 0.0000000  0.0000000  0.0000000  0.0000000  0.0000000  0.0000000  1.0000000 

  26.396605608  6.3311048407  3.3963555444 0.84273413903 0.32730964913

 1.0000000  0.0000000  0.0000000  0.0000000  0.0000000 
 0.0000000  1.0000000  0.0000000  0.0000000  0.0000000 
 0.0000000  0.0000000  1.0000000  0.0000000  0.0000000 
 0.0000000  0.0000000  0.0000000  1.0000000  0.0000000 
 0.0000000  0.0000000  0.0000000  0.0000000  1.0000000 

  9.0052797251  3.7488657108 0.80415427800

 1.0000000  0.0000000  0.0000000 
 0.0000000  1.0000000  0.0000000 
 0.0000000  0.0000000  1.0000000 

CL:cc-pV(D+d)Z-RI
EMSL BASIS SET LIBRARY

  4
    0    1    2    3
    9    7    5    3
    9    7    5    3

  311.64177476  65.182737347  18.153269106  12.125602394  4.6510526510
  1.6157282583 0.93271689962 0.49547096661 0.21829547719

 1.0000000  0.0000000  0.0000000  0.0000000  0.0000000  0.0000000  0.0000000 
 0.0000000  0.0000000 
 0.0000000  1.0000000  0.0000000  0.0000000  0.0000000  0.0000000  0.0000000 
 0.0000000  0.0000000 
 0.0000000  0.0000000  1.0000000  0.0000000  0.0000000  0.0000000  0.0000000 
 0.0000000  0.0000000 
 0.0000000  0.0000000  0.0000000  1.0000000  0.0000000  0.0000000  0.0000000 
 0.0000000  0.0000000 
 0.0000000  0.0000000  0.0000000  0.0000000  1.0000000  0.0000000  0.0000000 
 0.0000000  0.0000000 
 0.0000000  0.0000000  0.0000000  0.0000000  0.0000000  1.0000000  0.0000000 
 0.0000000  0.0000000 
 0.0000000  0.0000000  0.0000000  0.0000000  0.0000000  0.0000000  1.0000000 
 0.0000000  0.0000000 
 0.0000000  0.0000000  0.0000000  0.0000000  0.0000000  0.0000000  0.0000000 
 1.0000000  0.0000000 
 0.0000000  0.0000000  0.0000000  0.0000000  0.0000000  0.0000000  0.0000000 
 0.0000000  1.0000000 

  115.95644967  16.546125381  7.7655964349  3.2956311199  1.6048366187
 0.85148698302 0.37352289392

 1.0000000  0.0000000  0.0000000  0.0000000  0.0000000  0.0000000  0.0000000 
 0.0000000  1.0000000  0.0000000  0.0000000  0.0000000  0.0000000  0.0000000 
 0.0000000  0.0000000  1.0000000  0.0000000  0.0000000  0.0000000  0.0000000 
 0.0000000  0.0000000  0.0000000  1.0000000  0.0000000  0.0000000  0.0000000 
 0.0000000  0.0000000  0.0000000  0.0000000  1.0000000  0.0000000  0.0000000 
 0.0000000  0.0000000  0.0000000  0.0000000  0.0000000  1.0000000  0.0000000 
 0.0000000  0.0000000  0.0000000  0.0000000  0.0000000  0.0000000  1.0000000 

  31.014314525  7.4349973702  3.9982512008  1.0547814893 0.37722809913

 1.0000000  0.0000000  0.0000000  0.0000000  0.0000000 
 0.0000000  1.0000000  0.0000000  0.0000000  0.0000000 
 0.0000000  0.0000000  1.0000000  0.0000000  0.0000000 
 0.0000000  0.0000000  0.0000000  1.0000000  0.0000000 
 0.0000000  0.0000000  0.0000000  0.0000000  1.0000000 

  10.863355500  4.5384930599  1.0059613587

 1.0000000  0.0000000  0.0000000 
 0.0000000  1.0000000  0.0000000 
 0.0000000  0.0000000  1.0000000 

AR:cc-pV(D+d)Z-RI
EMSL BASIS SET LIBRARY

  4
    0    1    2    3
    9    7    5    3
    9    7    5    3

  378.66434876  70.670080873  25.843103323  10.785164286  5.6249779041
  2.5479064229  1.2671593110 0.56633577681 0.26605484967

 1.0000000  0.0000000  0.0000000  0.0000000  0.0000000  0.0000000  0.0000000 
 0.0000000  0.0000000 
 0.0000000  1.0000000  0.0000000  0.0000000  0.0000000  0.0000000  0.0000000 
 0.0000000  0.0000000 
 0.0000000  0.0000000  1.0000000  0.0000000  0.0000000  0.0000000  0.0000000 
 0.0000000  0.0000000 
 0.0000000  0.0000000  0.0000000  1.0000000  0.0000000  0.0000000  0.0000000 
 0.0000000  0.0000000 
 0.0000000  0.0000000  0.0000000  0.0000000  1.0000000  0.0000000  0.0000000 
 0.0000000  0.0000000 
 0.0000000  0.0000000  0.0000000  0.0000000  0.0000000  1.0000000  0.0000000 
 0.0000000  0.0000000 
 0.0000000  0.0000000  0.0000000  0.0000000  0.0000000  0.0000000  1.0000000 
 0.0000000  0.0000000 
 0.0000000  0.0000000  0.0000000  0.0000000  0.0000000  0.0000000  0.0000000 
 1.0000000  0.0000000 
 0.0000000  0.0000000  0.0000000  0.0000000  0.0000000  0.0000000  0.0000000 
 0.0000000  1.0000000 

  228.79690746  12.956277791  7.9337123588  3.3338952941  1.0705004857
 0.66636036510 0.26912704043

 1.0000000  0.0000000  0.0000000  0.0000000  0.0000000  0.0000000  0.0000000 
 0.0000000  1.0000000  0.0000000  0.0000000  0.0000000  0.0000000  0.0000000 
 0.0000000  0.0000000  1.0000000  0.0000000  0.0000000  0.0000000  0.0000000 
 0.0000000  0.0000000  0.0000000  1.0000000  0.0000000  0.0000000  0.0000000 
 0.0000000  0.0000000  0.0000000  0.0000000  1.0000000  0.0000000  0.0000000 
 0.0000000  0.0000000  0.0000000  0.0000000  0.0000000  1.0000000  0.0000000 
 0.0000000  0.0000000  0.0000000  0.0000000  0.0000000  0.0000000  1.0000000 

  34.064919042  8.9940417514  4.3963711570  1.2809077455 0.43291740989

 1.0000000  0.0000000  0.0000000  0.0000000  0.0000000 
 0.0000000  1.0000000  0.0000000  0.0000000  0.0000000 
 0.0000000  0.0000000  1.0000000  0.0000000  0.0000000 
 0.0000000  0.0000000  0.0000000  1.0000000  0.0000000 
 0.0000000  0.0000000  0.0000000  0.0000000  1.0000000 

  12.882820892  5.3016322810  1.2299876404

 1.0000000  0.0000000  0.0000000 
 0.0000000  1.0000000  0.0000000 
 0.0000000  0.0000000  1.0000000 




