!  cc-pVDZ-F12_OPTRI  EMSL  Basis Set Exchange Library   3/19/13 4:25 PM
! Elements                             References
! --------                             ----------
! H B C N O F Ne Al Si P S Cl Ar: K.E. Yousaf and K.A. Peterson, Optimized auxiliary basis sets for explicitly correlated methods, Journal of Chemical Physics 129, 184108 (2008).
! Li Be Na Mg: J. Grant Hill and Kirk A. Peterson, Correlation consistent basis sets for explicitly correlated wavefunctions: valence and core?valence basis sets for Li, Be, Na, and Mg, Physical Chemistry Chemical Physics 12, 10460 (2010).
! 



H:cc-pVDZ-F12_OPTRI
EMSL BASIS SET LIBRARY

  3
    0    1    2
    3    3    2
    3    3    2

     2.2968060     0.7866850     0.1569520

 1.0000000  0.0000000  0.0000000 
 0.0000000  1.0000000  0.0000000 
 0.0000000  0.0000000  1.0000000 

     5.3139520     1.6549420     0.7362720

 1.0000000  0.0000000  0.0000000 
 0.0000000  1.0000000  0.0000000 
 0.0000000  0.0000000  1.0000000 

     1.6617710     0.4585010

 1.0000000  0.0000000 
 0.0000000  1.0000000 

LI:cc-pVDZ-F12_OPTRI
EMSL BASIS SET LIBRARY

  5
    0    1    2    3    4
    4    4    4    3    1
    4    4    4    3    1

     0.3537126     0.2125887     0.0574747     0.0210272

 1.0000000  0.0000000  0.0000000  0.0000000 
 0.0000000  1.0000000  0.0000000  0.0000000 
 0.0000000  0.0000000  1.0000000  0.0000000 
 0.0000000  0.0000000  0.0000000  1.0000000 

     0.3997171     0.1075101     0.0379347     0.0140919

 1.0000000  0.0000000  0.0000000  0.0000000 
 0.0000000  1.0000000  0.0000000  0.0000000 
 0.0000000  0.0000000  1.0000000  0.0000000 
 0.0000000  0.0000000  0.0000000  1.0000000 

     0.5642437     0.2119040     0.0917688     0.0349915

 1.0000000  0.0000000  0.0000000  0.0000000 
 0.0000000  1.0000000  0.0000000  0.0000000 
 0.0000000  0.0000000  1.0000000  0.0000000 
 0.0000000  0.0000000  0.0000000  1.0000000 

     0.5538977     0.2955732     0.0851734

 1.0000000  0.0000000  0.0000000 
 0.0000000  1.0000000  0.0000000 
 0.0000000  0.0000000  1.0000000 

     0.2690192

 1.0000000 

BE:cc-pVDZ-F12_OPTRI
EMSL BASIS SET LIBRARY

  5
    0    1    2    3    4
    4    4    4    3    1
    4    4    4    3    1

     0.8779700     0.4595400     0.1143600     0.0291500

 1.0000000  0.0000000  0.0000000  0.0000000 
 0.0000000  1.0000000  0.0000000  0.0000000 
 0.0000000  0.0000000  1.0000000  0.0000000 
 0.0000000  0.0000000  0.0000000  1.0000000 

     0.9745900     0.2901600     0.0941200     0.0323000

 1.0000000  0.0000000  0.0000000  0.0000000 
 0.0000000  1.0000000  0.0000000  0.0000000 
 0.0000000  0.0000000  1.0000000  0.0000000 
 0.0000000  0.0000000  0.0000000  1.0000000 

     0.8795200     0.4741100     0.1989800     0.0890974

 1.0000000  0.0000000  0.0000000  0.0000000 
 0.0000000  1.0000000  0.0000000  0.0000000 
 0.0000000  0.0000000  1.0000000  0.0000000 
 0.0000000  0.0000000  0.0000000  1.0000000 

     1.1952457     0.3501042     0.0889893

 1.0000000  0.0000000  0.0000000 
 0.0000000  1.0000000  0.0000000 
 0.0000000  0.0000000  1.0000000 

     0.5609638

 1.0000000 

B:cc-pVDZ-F12_OPTRI
EMSL BASIS SET LIBRARY

  5
    0    1    2    3    4
    4    4    4    3    1
    4    4    4    3    1

     3.8353110     1.4183190     0.2322750     0.0513020

 1.0000000  0.0000000  0.0000000  0.0000000 
 0.0000000  1.0000000  0.0000000  0.0000000 
 0.0000000  0.0000000  1.0000000  0.0000000 
 0.0000000  0.0000000  0.0000000  1.0000000 

     2.1069020     0.4453150     0.1375550     0.0395590

 1.0000000  0.0000000  0.0000000  0.0000000 
 0.0000000  1.0000000  0.0000000  0.0000000 
 0.0000000  0.0000000  1.0000000  0.0000000 
 0.0000000  0.0000000  0.0000000  1.0000000 

     2.4102970     1.2621790     0.4481530     0.1545640

 1.0000000  0.0000000  0.0000000  0.0000000 
 0.0000000  1.0000000  0.0000000  0.0000000 
 0.0000000  0.0000000  1.0000000  0.0000000 
 0.0000000  0.0000000  0.0000000  1.0000000 

     1.8285000     0.7431010     0.3022620

 1.0000000  0.0000000  0.0000000 
 0.0000000  1.0000000  0.0000000 
 0.0000000  0.0000000  1.0000000 

     0.6940200

 1.0000000 

C:cc-pVDZ-F12_OPTRI
EMSL BASIS SET LIBRARY

  5
    0    1    2    3    4
    4    4    4    3    1
    4    4    4    3    1

     5.2227300     2.1604430     0.4870730     0.0743250

 1.0000000  0.0000000  0.0000000  0.0000000 
 0.0000000  1.0000000  0.0000000  0.0000000 
 0.0000000  0.0000000  1.0000000  0.0000000 
 0.0000000  0.0000000  0.0000000  1.0000000 

     2.0822920     0.5742880     0.2558890     0.0809460

 1.0000000  0.0000000  0.0000000  0.0000000 
 0.0000000  1.0000000  0.0000000  0.0000000 
 0.0000000  0.0000000  1.0000000  0.0000000 
 0.0000000  0.0000000  0.0000000  1.0000000 

     4.7315090     1.7535170     0.6666000     0.1554830

 1.0000000  0.0000000  0.0000000  0.0000000 
 0.0000000  1.0000000  0.0000000  0.0000000 
 0.0000000  0.0000000  1.0000000  0.0000000 
 0.0000000  0.0000000  0.0000000  1.0000000 

     3.0823400     1.0780910     0.4004620

 1.0000000  0.0000000  0.0000000 
 0.0000000  1.0000000  0.0000000 
 0.0000000  0.0000000  1.0000000 

     1.0423780

 1.0000000 

N:cc-pVDZ-F12_OPTRI
EMSL BASIS SET LIBRARY

  5
    0    1    2    3    4
    4    4    4    3    1
    4    4    4    3    1

     8.2376460     1.9352750     0.5917690     0.1194030

 1.0000000  0.0000000  0.0000000  0.0000000 
 0.0000000  1.0000000  0.0000000  0.0000000 
 0.0000000  0.0000000  1.0000000  0.0000000 
 0.0000000  0.0000000  0.0000000  1.0000000 

     3.1698080     0.8312940     0.2581230     0.1059480

 1.0000000  0.0000000  0.0000000  0.0000000 
 0.0000000  1.0000000  0.0000000  0.0000000 
 0.0000000  0.0000000  1.0000000  0.0000000 
 0.0000000  0.0000000  0.0000000  1.0000000 

     7.5816680     2.6919460     0.8931830     0.2423120

 1.0000000  0.0000000  0.0000000  0.0000000 
 0.0000000  1.0000000  0.0000000  0.0000000 
 0.0000000  0.0000000  1.0000000  0.0000000 
 0.0000000  0.0000000  0.0000000  1.0000000 

     3.9596360     1.3253520     0.4693150

 1.0000000  0.0000000  0.0000000 
 0.0000000  1.0000000  0.0000000 
 0.0000000  0.0000000  1.0000000 

     1.4040600

 1.0000000 

O:cc-pVDZ-F12_OPTRI
EMSL BASIS SET LIBRARY

  5
    0    1    2    3    4
    4    4    4    3    1
    4    4    4    3    1

    13.7568170     2.6464580     1.0249230     0.1261390

 1.0000000  0.0000000  0.0000000  0.0000000 
 0.0000000  1.0000000  0.0000000  0.0000000 
 0.0000000  0.0000000  1.0000000  0.0000000 
 0.0000000  0.0000000  0.0000000  1.0000000 

     5.8694740     1.0705700     0.3279170     0.1054650

 1.0000000  0.0000000  0.0000000  0.0000000 
 0.0000000  1.0000000  0.0000000  0.0000000 
 0.0000000  0.0000000  1.0000000  0.0000000 
 0.0000000  0.0000000  0.0000000  1.0000000 

    10.3389760     3.4868050     0.8377060     0.2354000

 1.0000000  0.0000000  0.0000000  0.0000000 
 0.0000000  1.0000000  0.0000000  0.0000000 
 0.0000000  0.0000000  1.0000000  0.0000000 
 0.0000000  0.0000000  0.0000000  1.0000000 

     5.3860760     1.7902360     0.6282820

 1.0000000  0.0000000  0.0000000 
 0.0000000  1.0000000  0.0000000 
 0.0000000  0.0000000  1.0000000 

     1.8374740

 1.0000000 

F:cc-pVDZ-F12_OPTRI
EMSL BASIS SET LIBRARY

  5
    0    1    2    3    4
    4    4    4    3    1
    4    4    4    3    1

    14.7205750     4.8313210     0.8797100     0.1364430

 1.0000000  0.0000000  0.0000000  0.0000000 
 0.0000000  1.0000000  0.0000000  0.0000000 
 0.0000000  0.0000000  1.0000000  0.0000000 
 0.0000000  0.0000000  0.0000000  1.0000000 

     5.1686680     1.3548020     0.5023380     0.1094860

 1.0000000  0.0000000  0.0000000  0.0000000 
 0.0000000  1.0000000  0.0000000  0.0000000 
 0.0000000  0.0000000  1.0000000  0.0000000 
 0.0000000  0.0000000  0.0000000  1.0000000 

     8.8138190     3.8697160     0.8671250     0.3827710

 1.0000000  0.0000000  0.0000000  0.0000000 
 0.0000000  1.0000000  0.0000000  0.0000000 
 0.0000000  0.0000000  1.0000000  0.0000000 
 0.0000000  0.0000000  0.0000000  1.0000000 

     6.7988970     2.2255270     0.7644030

 1.0000000  0.0000000  0.0000000 
 0.0000000  1.0000000  0.0000000 
 0.0000000  0.0000000  1.0000000 

     2.3745340

 1.0000000 

NE:cc-pVDZ-F12_OPTRI
EMSL BASIS SET LIBRARY

  5
    0    1    2    3    4
    4    4    4    3    1
    4    4    4    3    1

    22.3144360     9.0164000     1.1546580     0.2463810

 1.0000000  0.0000000  0.0000000  0.0000000 
 0.0000000  1.0000000  0.0000000  0.0000000 
 0.0000000  0.0000000  1.0000000  0.0000000 
 0.0000000  0.0000000  0.0000000  1.0000000 

     6.9987980     1.7108040     0.7085190     0.1779220

 1.0000000  0.0000000  0.0000000  0.0000000 
 0.0000000  1.0000000  0.0000000  0.0000000 
 0.0000000  0.0000000  1.0000000  0.0000000 
 0.0000000  0.0000000  0.0000000  1.0000000 

    11.0931630     4.3792440     1.5595310     0.4773390

 1.0000000  0.0000000  0.0000000  0.0000000 
 0.0000000  1.0000000  0.0000000  0.0000000 
 0.0000000  0.0000000  1.0000000  0.0000000 
 0.0000000  0.0000000  0.0000000  1.0000000 

     8.4302390     2.7517740     0.9299590

 1.0000000  0.0000000  0.0000000 
 0.0000000  1.0000000  0.0000000 
 0.0000000  0.0000000  1.0000000 

     2.8677250

 1.0000000 

NA:cc-pVDZ-F12_OPTRI
EMSL BASIS SET LIBRARY

  5
    0    1    2    3    4
    4    5    4    3    1
    4    5    4    3    1

     2.9347410     0.3486070     0.0926760     0.0118550

 1.0000000  0.0000000  0.0000000  0.0000000 
 0.0000000  1.0000000  0.0000000  0.0000000 
 0.0000000  0.0000000  1.0000000  0.0000000 
 0.0000000  0.0000000  0.0000000  1.0000000 

    10.8919930     1.2007960     0.3334490     0.0686190     0.0115070

 1.0000000  0.0000000  0.0000000  0.0000000  0.0000000 
 0.0000000  1.0000000  0.0000000  0.0000000  0.0000000 
 0.0000000  0.0000000  1.0000000  0.0000000  0.0000000 
 0.0000000  0.0000000  0.0000000  1.0000000  0.0000000 
 0.0000000  0.0000000  0.0000000  0.0000000  1.0000000 

     5.5315440     0.3157640     0.1445770     0.0849870

 1.0000000  0.0000000  0.0000000  0.0000000 
 0.0000000  1.0000000  0.0000000  0.0000000 
 0.0000000  0.0000000  1.0000000  0.0000000 
 0.0000000  0.0000000  0.0000000  1.0000000 

     0.7110334     0.2653676     0.0461348

 1.0000000  0.0000000  0.0000000 
 0.0000000  1.0000000  0.0000000 
 0.0000000  0.0000000  1.0000000 

     2.3826961

 1.0000000 

MG:cc-pVDZ-F12_OPTRI
EMSL BASIS SET LIBRARY

  5
    0    1    2    3    4
    4    5    4    3    1
    4    5    4    3    1

     3.5039530     0.2288600     0.0586040     0.0254650

 1.0000000  0.0000000  0.0000000  0.0000000 
 0.0000000  1.0000000  0.0000000  0.0000000 
 0.0000000  0.0000000  1.0000000  0.0000000 
 0.0000000  0.0000000  0.0000000  1.0000000 

     7.2210930     1.5043990     0.4797700     0.1288007     0.0476970

 1.0000000  0.0000000  0.0000000  0.0000000  0.0000000 
 0.0000000  1.0000000  0.0000000  0.0000000  0.0000000 
 0.0000000  0.0000000  1.0000000  0.0000000  0.0000000 
 0.0000000  0.0000000  0.0000000  1.0000000  0.0000000 
 0.0000000  0.0000000  0.0000000  0.0000000  1.0000000 

     5.7466450     0.8879130     0.5971400     0.1335350

 1.0000000  0.0000000  0.0000000  0.0000000 
 0.0000000  1.0000000  0.0000000  0.0000000 
 0.0000000  0.0000000  1.0000000  0.0000000 
 0.0000000  0.0000000  0.0000000  1.0000000 

     0.9318021     0.5929790     0.2338778

 1.0000000  0.0000000  0.0000000 
 0.0000000  1.0000000  0.0000000 
 0.0000000  0.0000000  1.0000000 

     0.2660970

 1.0000000 

AL:cc-pVDZ-F12_OPTRI
EMSL BASIS SET LIBRARY

  5
    0    1    2    3    4
    4    4    4    3    1
    4    4    4    3    1

     4.6195510     0.6582230     0.1750170     0.0368290

 1.0000000  0.0000000  0.0000000  0.0000000 
 0.0000000  1.0000000  0.0000000  0.0000000 
 0.0000000  0.0000000  1.0000000  0.0000000 
 0.0000000  0.0000000  0.0000000  1.0000000 

     6.4999870     1.3871930     0.2287210     0.0294870

 1.0000000  0.0000000  0.0000000  0.0000000 
 0.0000000  1.0000000  0.0000000  0.0000000 
 0.0000000  0.0000000  1.0000000  0.0000000 
 0.0000000  0.0000000  0.0000000  1.0000000 

     5.9939440     3.0462770     0.7056360     0.2042110

 1.0000000  0.0000000  0.0000000  0.0000000 
 0.0000000  1.0000000  0.0000000  0.0000000 
 0.0000000  0.0000000  1.0000000  0.0000000 
 0.0000000  0.0000000  0.0000000  1.0000000 

     1.1099680     0.4376860     0.1814200

 1.0000000  0.0000000  0.0000000 
 0.0000000  1.0000000  0.0000000 
 0.0000000  0.0000000  1.0000000 

     0.3255080

 1.0000000 

SI:cc-pVDZ-F12_OPTRI
EMSL BASIS SET LIBRARY

  5
    0    1    2    3    4
    4    4    4    3    1
    4    4    4    3    1

     6.6811890     0.6600330     0.1609560     0.0500420

 1.0000000  0.0000000  0.0000000  0.0000000 
 0.0000000  1.0000000  0.0000000  0.0000000 
 0.0000000  0.0000000  1.0000000  0.0000000 
 0.0000000  0.0000000  0.0000000  1.0000000 

     6.9064700     1.0218240     0.1427110     0.0407240

 1.0000000  0.0000000  0.0000000  0.0000000 
 0.0000000  1.0000000  0.0000000  0.0000000 
 0.0000000  0.0000000  1.0000000  0.0000000 
 0.0000000  0.0000000  0.0000000  1.0000000 

     7.5055050     4.9210230     1.1546700     0.3693730

 1.0000000  0.0000000  0.0000000  0.0000000 
 0.0000000  1.0000000  0.0000000  0.0000000 
 0.0000000  0.0000000  1.0000000  0.0000000 
 0.0000000  0.0000000  0.0000000  1.0000000 

     3.3800740     0.5671640     0.2418750

 1.0000000  0.0000000  0.0000000 
 0.0000000  1.0000000  0.0000000 
 0.0000000  0.0000000  1.0000000 

     0.4564510

 1.0000000 

P:cc-pVDZ-F12_OPTRI
EMSL BASIS SET LIBRARY

  5
    0    1    2    3    4
    4    4    4    3    1
    4    4    4    3    1

     6.0884850     1.0982720     0.2569160     0.0621100

 1.0000000  0.0000000  0.0000000  0.0000000 
 0.0000000  1.0000000  0.0000000  0.0000000 
 0.0000000  0.0000000  1.0000000  0.0000000 
 0.0000000  0.0000000  0.0000000  1.0000000 

    12.0829970     1.2019850     0.3012610     0.0635680

 1.0000000  0.0000000  0.0000000  0.0000000 
 0.0000000  1.0000000  0.0000000  0.0000000 
 0.0000000  0.0000000  1.0000000  0.0000000 
 0.0000000  0.0000000  0.0000000  1.0000000 

    11.9104400     5.4138310     1.4110740     0.4400530

 1.0000000  0.0000000  0.0000000  0.0000000 
 0.0000000  1.0000000  0.0000000  0.0000000 
 0.0000000  0.0000000  1.0000000  0.0000000 
 0.0000000  0.0000000  0.0000000  1.0000000 

     4.2592250     0.6983490     0.2881710

 1.0000000  0.0000000  0.0000000 
 0.0000000  1.0000000  0.0000000 
 0.0000000  0.0000000  1.0000000 

     0.5961850

 1.0000000 

S:cc-pVDZ-F12_OPTRI
EMSL BASIS SET LIBRARY

  5
    0    1    2    3    4
    4    4    4    3    1
    4    4    4    3    1

     7.5028510     1.5487110     0.3694970     0.0767690

 1.0000000  0.0000000  0.0000000  0.0000000 
 0.0000000  1.0000000  0.0000000  0.0000000 
 0.0000000  0.0000000  1.0000000  0.0000000 
 0.0000000  0.0000000  0.0000000  1.0000000 

    12.7539930     1.7882320     0.2969830     0.0732060

 1.0000000  0.0000000  0.0000000  0.0000000 
 0.0000000  1.0000000  0.0000000  0.0000000 
 0.0000000  0.0000000  1.0000000  0.0000000 
 0.0000000  0.0000000  0.0000000  1.0000000 

    17.2562730     6.7239500     1.5600430     0.4978020

 1.0000000  0.0000000  0.0000000  0.0000000 
 0.0000000  1.0000000  0.0000000  0.0000000 
 0.0000000  0.0000000  1.0000000  0.0000000 
 0.0000000  0.0000000  0.0000000  1.0000000 

     4.8461710     0.8983480     0.3612870

 1.0000000  0.0000000  0.0000000 
 0.0000000  1.0000000  0.0000000 
 0.0000000  0.0000000  1.0000000 

     0.7478690

 1.0000000 

CL:cc-pVDZ-F12_OPTRI
EMSL BASIS SET LIBRARY

  5
    0    1    2    3    4
    4    4    4    3    1
    4    4    4    3    1

     9.4600060     2.0100350     0.4406760     0.1054030

 1.0000000  0.0000000  0.0000000  0.0000000 
 0.0000000  1.0000000  0.0000000  0.0000000 
 0.0000000  0.0000000  1.0000000  0.0000000 
 0.0000000  0.0000000  0.0000000  1.0000000 

    15.1031670     2.1148780     0.3597420     0.0731310

 1.0000000  0.0000000  0.0000000  0.0000000 
 0.0000000  1.0000000  0.0000000  0.0000000 
 0.0000000  0.0000000  1.0000000  0.0000000 
 0.0000000  0.0000000  0.0000000  1.0000000 

    35.0064610    10.3520360     4.1476210     0.5612310

 1.0000000  0.0000000  0.0000000  0.0000000 
 0.0000000  1.0000000  0.0000000  0.0000000 
 0.0000000  0.0000000  1.0000000  0.0000000 
 0.0000000  0.0000000  0.0000000  1.0000000 

     6.0226350     1.0693640     0.4213250

 1.0000000  0.0000000  0.0000000 
 0.0000000  1.0000000  0.0000000 
 0.0000000  0.0000000  1.0000000 

     0.9124370

 1.0000000 

AR:cc-pVDZ-F12_OPTRI
EMSL BASIS SET LIBRARY

  5
    0    1    2    3    4
    4    4    4    3    1
    4    4    4    3    1

    10.1446990     1.9880680     0.4934280     0.1119110

 1.0000000  0.0000000  0.0000000  0.0000000 
 0.0000000  1.0000000  0.0000000  0.0000000 
 0.0000000  0.0000000  1.0000000  0.0000000 
 0.0000000  0.0000000  0.0000000  1.0000000 

    16.5912180     2.2053140     0.4765140     0.0951490

 1.0000000  0.0000000  0.0000000  0.0000000 
 0.0000000  1.0000000  0.0000000  0.0000000 
 0.0000000  0.0000000  1.0000000  0.0000000 
 0.0000000  0.0000000  0.0000000  1.0000000 

    38.0624690    13.4087730     5.2467850     0.6438550

 1.0000000  0.0000000  0.0000000  0.0000000 
 0.0000000  1.0000000  0.0000000  0.0000000 
 0.0000000  0.0000000  1.0000000  0.0000000 
 0.0000000  0.0000000  0.0000000  1.0000000 

     7.1799230     1.2607890     0.4917180

 1.0000000  0.0000000  0.0000000 
 0.0000000  1.0000000  0.0000000 
 0.0000000  0.0000000  1.0000000 

     1.0839200

 1.0000000 




