!  cc-pVTZ(pt/sf/sc)  EMSL  Basis Set Exchange Library   3/19/13 4:04 PM
! Original cc- basis sets:
! T.H. Dunning, Jr. J. Chem. Phys. 90, 1007 (1989).
! D.E. Woon and T.H. Dunning, Jr. J. Chem. Phys. 100, 2975 (1994).
! T.H. Dunning, Jr. J. Chem. Phys. 90, 1007 (1989).
! D.E. Woon and T.H. Dunning, Jr.  (to be published)
! D.E. Woon and T.H. Dunning, Jr.  J. Chem. Phys. 98, 1358 (1993).
! Recontraction:
! K. G. Dyall, in preparation.
!   


H:cc-pVTZ(pt/sf/sc)
EMSL BASIS SET LIBRARY

  3
    0    1    2
    3    2    1
    5    2    1

 3.3870000E+01 5.0950000E+00 1.1590000E+00 3.2580000E-01 1.0270000E-01

 .60686E-2       .0E0       .0E0 
  .4531E-1       .0E0       .0E0 
  .20283E0       .0E0       .0E0 
   .5039E0   .99993E0       .0E0 
  .38341E0       .0E0   .99998E0 

 1.4070000E+00 3.8800000E-01

  .99996E0       .0E0 
      .0E0   .99986E0 

 1.0570000E+00

  .99985E0 

HE:cc-pVTZ(pt/sf/sc)
EMSL BASIS SET LIBRARY

  3
    0    1    2
    3    2    1
    6    2    1

 2.3400000E+02 3.5160000E+01 7.9890000E+00 2.2120000E+00 6.6690000E-01
 2.0890000E-01

 .25882E-2       .0E0       .0E0 
 .19537E-1       .0E0       .0E0 
 .91007E-1       .0E0       .0E0 
  .27206E0       .0E0       .0E0 
  .47805E0   .99987E0       .0E0 
  .30771E0       .0E0   .99996E0 

 3.0440000E+00 7.5800000E-01

  .99992E0       .0E0 
      .0E0    .9997E0 

 1.9650000E+00

  .99973E0 

B:cc-pVTZ(pt/sf/sc)
EMSL BASIS SET LIBRARY

  4
    0    1    2    3
    4    3    2    1
   10    5    2    1

 5.4730000E+03 8.2090000E+02 1.8680000E+02 5.2830000E+01 1.7080000E+01
 5.9990000E+00 2.2080000E+00 5.8790000E-01 2.4150000E-01 8.6100000E-02

 .55685E-3 -.11258E-3       .0E0       .0E0 
 .42992E-2  -.8704E-3       .0E0       .0E0 
 .21979E-1 -.44915E-2       .0E0       .0E0 
 .84508E-1 -.17705E-1       .0E0       .0E0 
  .23862E0 -.53669E-1       .0E0       .0E0 
    .435E0  -.11904E0       .0E0       .0E0 
  .34174E0  -.16566E0       .0E0       .0E0 
 .36811E-1    .1205E0   .99987E0       .0E0 
-.95319E-2   .59599E0       .0E0       .0E0 
 .23644E-2   .41066E0       .0E0   .99999E0 

 1.2050000E+01 2.6130000E+00 7.4750000E-01 2.3850000E-01 7.6980000E-02

  .1312E-1       .0E0       .0E0 
 .79884E-1       .0E0       .0E0 
  .27721E0       .0E0       .0E0 
  .50418E0   .99993E0       .0E0 
   .3538E0       .0E0   .99998E0 

 6.6100000E-01 1.9900000E-01

  .99997E0       .0E0 
      .0E0   .99991E0 

 4.9000000E-01

  .99991E0 

C:cc-pVTZ(pt/sf/sc)
EMSL BASIS SET LIBRARY

  4
    0    1    2    3
    4    3    2    1
   10    5    2    1

 8.2360000E+03 1.2350000E+03 2.8080000E+02 7.9270000E+01 2.5590000E+01
 8.9970000E+00 3.3190000E+00 9.0590000E-01 3.6430000E-01 1.2850000E-01

 .53328E-3 -.11399E-3       .0E0       .0E0 
 .41195E-2 -.88315E-3       .0E0       .0E0 
  .2113E-1 -.45626E-2       .0E0       .0E0 
 .81954E-1 -.18211E-1       .0E0       .0E0 
  .23492E0 -.55948E-1       .0E0       .0E0 
  .43434E0  -.12728E0       .0E0       .0E0 
  .34581E0  -.17063E0       .0E0       .0E0 
  .3922E-1   .14255E0    .9998E0       .0E0 
-.89621E-2   .60078E0       .0E0       .0E0 
 .23826E-2   .39157E0       .0E0   .99998E0 

 1.8710000E+01 4.1330000E+00 1.2000000E+00 3.8270000E-01 1.2090000E-01

 .13936E-1       .0E0       .0E0 
 .86411E-1       .0E0       .0E0 
   .2873E0       .0E0       .0E0 
  .48926E0   .99988E0       .0E0 
   .3611E0       .0E0   .99996E0 

 1.0970000E+00 3.1800000E-01

  .99996E0       .0E0 
      .0E0   .99985E0 

 7.6100000E-01

  .99986E0 

N:cc-pVTZ(pt/sf/sc)
EMSL BASIS SET LIBRARY

  4
    0    1    2    3
    4    3    2    1
   10    5    2    1

 1.1420000E+04 1.7120000E+03 3.8930000E+02 1.1000000E+02 3.5570000E+01
 1.2540000E+01 4.6440000E+00 1.2930000E+00 5.1180000E-01 1.7870000E-01

 .52569E-3 -.11647E-3       .0E0       .0E0 
  .4061E-2 -.90319E-3       .0E0       .0E0 
 .20834E-1 -.46623E-2       .0E0       .0E0 
 .80869E-1 -.18665E-1       .0E0       .0E0 
  .23323E0 -.57694E-1       .0E0       .0E0 
  .43345E0  -.13285E0       .0E0       .0E0 
  .34703E0  -.17319E0       .0E0       .0E0 
 .40978E-1   .15587E0   .99972E0       .0E0 
-.84817E-2   .60393E0       .0E0       .0E0 
 .23832E-2   .38027E0       .0E0   .99997E0 

 2.6630000E+01 5.9480000E+00 1.7420000E+00 5.5500000E-01 1.7250000E-01

 .14541E-1       .0E0       .0E0 
 .91182E-1       .0E0       .0E0 
  .29441E0       .0E0       .0E0 
  .48024E0   .99983E0       .0E0 
  .36444E0       .0E0   .99994E0 

 1.6540000E+00 4.6900000E-01

  .99993E0       .0E0 
      .0E0   .99977E0 

 1.0930000E+00

   .9998E0 

O:cc-pVTZ(pt/sf/sc)
EMSL BASIS SET LIBRARY

  4
    0    1    2    3
    4    3    2    1
   10    5    2    1

 1.5330000E+04 2.2990000E+03 5.2240000E+02 1.4730000E+02 4.7550000E+01
 1.6760000E+01 6.2070000E+00 1.7520000E+00 6.8820000E-01 2.3840000E-01

 .51148E-3 -.11627E-3       .0E0       .0E0 
 .39496E-2 -.90179E-3       .0E0       .0E0 
 .20317E-1 -.46637E-2       .0E0       .0E0 
 .79359E-1 -.18815E-1       .0E0       .0E0 
  .23089E0 -.58642E-1       .0E0       .0E0 
  .43296E0  -.13676E0       .0E0       .0E0 
  .34967E0  -.17549E0       .0E0       .0E0 
  .4255E-1   .16288E0   .99963E0       .0E0 
-.81247E-2   .60438E0       .0E0       .0E0 
  .2374E-2   .37613E0       .0E0   .99996E0 

 3.4460000E+01 7.7490000E+00 2.2800000E+00 7.1560000E-01 2.1400000E-01

 .15924E-1       .0E0       .0E0 
 .99661E-1       .0E0       .0E0 
  .30952E0       .0E0       .0E0 
  .48723E0   .99977E0       .0E0 
  .34208E0       .0E0   .99993E0 

 2.3140000E+00 6.4500000E-01

  .99991E0       .0E0 
      .0E0   .99968E0 

 1.4280000E+00

  .99974E0 

F:cc-pVTZ(pt/sf/sc)
EMSL BASIS SET LIBRARY

  4
    0    1    2    3
    4    3    2    1
   10    5    2    1

 1.9500000E+04 2.9230000E+03 6.6450000E+02 1.8750000E+02 6.0620000E+01
 2.1420000E+01 7.9500000E+00 2.2570000E+00 8.8150000E-01 3.0410000E-01

 .51147E-3  -.1185E-3       .0E0       .0E0 
 .39484E-2 -.91945E-3       .0E0       .0E0 
 .20294E-1 -.47473E-2       .0E0       .0E0 
 .79234E-1 -.19177E-1       .0E0       .0E0 
  .23069E0 -.59803E-1       .0E0       .0E0 
  .43265E0  -.14018E0       .0E0       .0E0 
  .34921E0  -.17611E0       .0E0       .0E0 
 .43064E-1   .17314E0   .99952E0       .0E0 
-.78549E-2   .60503E0       .0E0       .0E0 
 .23735E-2   .36812E0       .0E0   .99995E0 

 4.3880000E+01 9.9260000E+00 2.9300000E+00 9.1320000E-01 2.6720000E-01

   .167E-1       .0E0       .0E0 
  .10453E0       .0E0       .0E0 
  .31719E0       .0E0       .0E0 
  .48713E0   .99971E0       .0E0 
  .33464E0       .0E0   .99991E0 

 3.1070000E+00 8.5500000E-01

  .99988E0       .0E0 
      .0E0   .99957E0 

 1.9170000E+00

  .99966E0 

NE:cc-pVTZ(pt/sf/sc)
EMSL BASIS SET LIBRARY

  4
    0    1    2    3
    4    3    2    1
   10    5    2    1

 2.4350000E+04 3.6500000E+03 8.2960000E+02 2.3400000E+02 7.5610000E+01
 2.6730000E+01 9.9270000E+00 2.8360000E+00 1.1020000E+00 3.7820000E-01

 .50686E-3 -.11918E-3       .0E0       .0E0 
 .39125E-2 -.92507E-3       .0E0       .0E0 
 .20113E-1 -.47746E-2       .0E0       .0E0 
 .78696E-1 -.19349E-1       .0E0       .0E0 
  .22999E0  -.6056E-1       .0E0       .0E0 
  .43244E0  -.14272E0       .0E0       .0E0 
  .34971E0  -.17685E0       .0E0       .0E0 
   .437E-1   .17925E0   .99941E0       .0E0 
-.76003E-2    .6058E0       .0E0       .0E0 
 .23615E-2   .36336E0       .0E0   .99993E0 

 5.4700000E+01 1.2430000E+01 3.6790000E+00 1.1430000E+00 3.3000000E-01

 .17199E-1       .0E0       .0E0 
  .10774E0       .0E0       .0E0 
  .32161E0       .0E0       .0E0 
  .48497E0   .99963E0       .0E0 
  .33259E0       .0E0   .99989E0 

 4.0140000E+00 1.0960000E+00

  .99985E0       .0E0 
      .0E0   .99944E0 

 2.5440000E+00

  .99954E0 

AL:cc-pVTZ(pt/sf/sc)
EMSL BASIS SET LIBRARY

  4
    0    1    2    3
    5    4    2    1
   15    9    2    1

 2.0550000E+05 3.0780000E+04 7.0060000E+03 1.9850000E+03 6.4910000E+02
 2.3500000E+02 9.1620000E+01 3.7670000E+01 1.5910000E+01 5.8500000E+00
 2.5420000E+00 1.0570000E+00 2.9310000E-01 1.4550000E-01 5.6500000E-02

 .69349E-4 -.18082E-4   .4176E-5       .0E0       .0E0 
 .53659E-3 -.14016E-3  .32347E-4       .0E0       .0E0 
 .28014E-2 -.73175E-3  .16908E-3       .0E0       .0E0 
 .11598E-1 -.30559E-2  .70542E-3       .0E0       .0E0 
 .40122E-1  -.1072E-1  .24825E-2       .0E0       .0E0 
  .11554E0 -.32398E-1  .75095E-2       .0E0       .0E0 
  .26121E0 -.80651E-1  .18901E-1       .0E0       .0E0 
  .39567E0  -.15693E0   .3733E-1       .0E0       .0E0 
  .28323E0  -.16679E0  .41509E-1       .0E0       .0E0 
 .44113E-1   .12995E0 -.36225E-1       .0E0       .0E0 
-.48511E-2   .56199E0  -.17595E0       .0E0       .0E0 
 .25881E-2   .43373E0  -.27477E0       .0E0       .0E0 
-.10781E-2  .34842E-1   .11229E0   .99994E0       .0E0 
 .71469E-3 -.11071E-1   .65208E0       .0E0       .0E0 
-.17665E-3  .21166E-2   .39228E0       .0E0   .99999E0 

 4.4440000E+02 1.0510000E+02 3.3470000E+01 1.2330000E+01 4.8690000E+00
 1.9610000E+00 7.8340000E-01 1.8880000E-01 5.5570000E-02

 .16494E-2 -.29002E-3       .0E0       .0E0 
 .13153E-1 -.24366E-2       .0E0       .0E0 
 .61413E-1  -.1089E-1       .0E0       .0E0 
  .18802E0 -.36427E-1       .0E0       .0E0 
  .36027E0 -.64003E-1       .0E0       .0E0 
    .408E0 -.97045E-1       .0E0       .0E0 
   .1884E0  .14902E-1    .9998E0       .0E0 
 .97239E-2   .50269E0       .0E0       .0E0 
 -.1206E-2   .59865E0       .0E0   .99998E0 

 3.3300000E-01 1.0900000E-01

  .99998E0       .0E0 
      .0E0   .99995E0 

 2.4400000E-01

  .99996E0 

SI:cc-pVTZ(pt/sf/sc)
EMSL BASIS SET LIBRARY

  4
    0    1    2    3
    5    4    2    1
   15    9    2    1

 2.5490000E+05 3.8190000E+04 8.6900000E+03 2.4620000E+03 8.0480000E+02
 2.9130000E+02 1.1360000E+02 4.6750000E+01 1.9820000E+01 7.7080000E+00
 3.3400000E+00 1.4020000E+00 4.3870000E-01 2.0700000E-01 7.9440000E-02

 .64091E-4 -.17128E-4  .43955E-5       .0E0       .0E0 
 .49575E-3 -.13259E-3  .34004E-4       .0E0       .0E0 
 .25878E-2  -.6931E-3  .17795E-3       .0E0       .0E0 
 .10724E-1 -.28905E-2  .74152E-3       .0E0       .0E0 
 .37214E-1  -.1019E-1  .26218E-2       .0E0       .0E0 
  .10805E0 -.30876E-1  .79551E-2       .0E0       .0E0 
  .24836E0 -.78137E-1  .20352E-1       .0E0       .0E0 
  .39021E0  -.15442E0  .40864E-1       .0E0       .0E0 
  .30042E0  -.17873E0  .49516E-1       .0E0       .0E0 
 .55436E-1  .83356E-1 -.26021E-1       .0E0       .0E0 
-.39796E-2   .54863E0  -.19181E0       .0E0       .0E0 
 .25523E-2   .47668E0  -.31741E0       .0E0       .0E0 
-.10257E-2  .46272E-1   .10061E0   .99992E0       .0E0 
 .60082E-3 -.10333E-1   .68168E0       .0E0       .0E0 
-.15226E-3  .21163E-2   .39078E0       .0E0   .99999E0 

 4.8150000E+02 1.1390000E+02 3.6230000E+01 1.3340000E+01 5.2520000E+00
 2.1200000E+00 8.5610000E-01 2.5280000E-01 7.8890000E-02

 .19493E-2 -.40856E-3       .0E0       .0E0 
 .15468E-1 -.33686E-2       .0E0       .0E0 
 .71637E-1 -.15226E-1       .0E0       .0E0 
  .21322E0 -.48771E-1       .0E0       .0E0 
  .39009E0  -.8459E-1       .0E0       .0E0 
  .39311E0  -.11236E0       .0E0       .0E0 
   .1323E0  .65787E-1   .99979E0       .0E0 
 .39933E-2   .53533E0       .0E0       .0E0 
  .3711E-3   .53839E0       .0E0   .99997E0 

 4.8100000E-01 1.5900000E-01

  .99998E0       .0E0 
      .0E0   .99993E0 

 3.3600000E-01

  .99994E0 

P:cc-pVTZ(pt/sf/sc)
EMSL BASIS SET LIBRARY

  4
    0    1    2    3
    5    4    2    1
   15    9    2    1

 3.1240000E+05 4.6800000E+04 1.0650000E+04 3.0180000E+03 9.8680000E+02
 3.5740000E+02 1.3960000E+02 5.7630000E+01 2.4600000E+01 1.0120000E+01
 4.2830000E+00 1.8050000E+00 6.1580000E-01 2.7820000E-01 1.0550000E-01

 .59387E-4 -.16208E-4  .44686E-5       .0E0       .0E0 
 .45922E-3 -.12531E-3  .34518E-4       .0E0       .0E0 
 .23952E-2 -.65534E-3  .18079E-3       .0E0       .0E0 
 .99299E-2 -.27283E-2  .75173E-3       .0E0       .0E0 
 .34513E-1 -.96481E-2  .26678E-2       .0E0       .0E0 
  .10085E0 -.29268E-1  .80981E-2       .0E0       .0E0 
   .2349E0 -.75006E-1  .21001E-1       .0E0       .0E0 
  .38174E0  -.15018E0  .42663E-1       .0E0       .0E0 
  .31625E0  -.18789E0  .56037E-1       .0E0       .0E0 
 .70097E-1  .40318E-1 -.14116E-1       .0E0       .0E0 
-.17948E-2   .53096E0  -.19865E0       .0E0       .0E0 
 .21347E-2   .51511E0  -.35365E0       .0E0       .0E0 
-.82281E-3  .58951E-1    .826E-1   .99989E0       .0E0 
 .42688E-3 -.89583E-2   .70297E0       .0E0       .0E0 
-.11298E-3  .20359E-2   .39697E0       .0E0   .99998E0 

 5.0490000E+02 1.1940000E+02 3.7960000E+01 1.3950000E+01 5.4570000E+00
 2.1770000E+00 8.0100000E-01 2.8770000E-01 9.7140000E-02

 .23762E-2 -.56118E-3       .0E0       .0E0 
 .18691E-1 -.44725E-2       .0E0       .0E0 
  .8527E-1 -.20585E-1       .0E0       .0E0 
  .24478E0 -.61481E-1       .0E0       .0E0 
  .42231E0  -.10809E0       .0E0       .0E0 
  .36758E0  -.10474E0       .0E0       .0E0 
 .77111E-1   .15911E0   .99978E0       .0E0 
-.34019E-2   .54621E0       .0E0       .0E0 
 .18808E-2    .4519E0       .0E0   .99997E0 

 6.5200000E-01 2.1600000E-01

  .99997E0       .0E0 
      .0E0   .99991E0 

 4.5200000E-01

  .99992E0 

S:cc-pVTZ(pt/sf/sc)
EMSL BASIS SET LIBRARY

  4
    0    1    2    3
    5    4    2    1
   15    9    2    1

 3.7410000E+05 5.6050000E+04 1.2760000E+04 3.6150000E+03 1.1830000E+03
 4.2880000E+02 1.6780000E+02 6.9470000E+01 2.9840000E+01 1.2720000E+01
 5.2440000E+00 2.2190000E+00 7.7670000E-01 3.4900000E-01 1.3220000E-01

 .56037E-4 -.15572E-4  .45258E-5       .0E0       .0E0 
 .43264E-3 -.12011E-3  .34888E-4       .0E0       .0E0 
 .22565E-2 -.62878E-3  .18284E-3       .0E0       .0E0 
 .93523E-2 -.26129E-2  .75917E-3       .0E0       .0E0 
 .32513E-1 -.92527E-2  .26965E-2       .0E0       .0E0 
 .95388E-1 -.28072E-1  .81922E-2       .0E0       .0E0 
  .22427E0 -.72573E-1  .21414E-1       .0E0       .0E0 
  .37372E0  -.14673E0  .43981E-1       .0E0       .0E0 
  .32704E0  -.19358E0  .60788E-1       .0E0       .0E0 
 .83813E-1  .12683E-1  -.5138E-2       .0E0       .0E0 
 .43699E-3   .51953E0   -.2068E0       .0E0       .0E0 
 .16251E-2   .53753E0  -.38012E0       .0E0       .0E0 
-.61265E-3  .66979E-1  .89556E-1   .99987E0       .0E0 
 .29671E-3  -.8848E-2   .71447E0       .0E0       .0E0 
-.83004E-4  .21838E-2   .38852E0       .0E0   .99998E0 

 5.7440000E+02 1.3580000E+02 4.3190000E+01 1.5870000E+01 6.2080000E+00
 2.4830000E+00 8.6880000E-01 3.2290000E-01 1.0980000E-01

 .24692E-2 -.63201E-3       .0E0       .0E0 
 .19463E-1 -.49846E-2       .0E0       .0E0 
 .88913E-1 -.23361E-1       .0E0       .0E0 
  .25487E0 -.68518E-1       .0E0       .0E0 
  .43346E0  -.12372E0       .0E0       .0E0 
  .35397E0 -.96092E-1       .0E0       .0E0 
 .61688E-1   .22922E0   .99975E0       .0E0 
  -.485E-2   .56251E0       .0E0       .0E0 
 .21359E-2    .3732E0       .0E0   .99997E0 

 8.1900000E-01 2.6900000E-01

  .99996E0       .0E0 
      .0E0   .99989E0 

 5.5700000E-01

   .9999E0 

CL:cc-pVTZ(pt/sf/sc)
EMSL BASIS SET LIBRARY

  4
    0    1    2    3
    5    4    2    1
   15    9    2    1

 4.5610000E+05 6.8330000E+04 1.5550000E+04 4.4050000E+03 1.4390000E+03
 5.2040000E+02 2.0310000E+02 8.3960000E+01 3.6200000E+01 1.5830000E+01
 6.3340000E+00 2.6940000E+00 9.7680000E-01 4.3130000E-01 1.6250000E-01

 .51189E-4  -.1445E-4  .43737E-5       .0E0       .0E0 
 .39528E-3  -.1114E-3  .33698E-4       .0E0       .0E0 
 .20602E-2 -.58327E-3  .17664E-3       .0E0       .0E0 
 .85534E-2  -.2424E-2  .73345E-3       .0E0       .0E0 
 .29898E-1 -.86371E-2  .26214E-2       .0E0       .0E0 
 .88623E-1 -.26363E-1   .8011E-2       .0E0       .0E0 
  .21224E0 -.69291E-1  .21289E-1       .0E0       .0E0 
  .36477E0  -.14224E0  .44373E-1       .0E0       .0E0 
  .33859E0  -.19785E0  .64642E-1       .0E0       .0E0 
  .10097E0 -.14521E-1  .42684E-2       .0E0       .0E0 
 .30717E-2   .50365E0  -.20922E0       .0E0       .0E0 
 .10413E-2   .55844E0  -.40326E0       .0E0       .0E0 
-.37187E-3  .76817E-1  .82833E-1   .99984E0       .0E0 
 .15346E-3 -.80359E-2   .72564E0       .0E0       .0E0 
-.50768E-4  .22351E-2   .38949E0       .0E0   .99997E0 

 6.6330000E+02 1.5680000E+02 4.9980000E+01 1.8420000E+01 7.2400000E+00
 2.9220000E+00 1.0220000E+00 3.8180000E-01 1.3010000E-01

  .2458E-2 -.66674E-3       .0E0       .0E0 
 .19429E-1  -.5253E-2       .0E0       .0E0 
  .8896E-1 -.24821E-1       .0E0       .0E0 
  .25632E0 -.72865E-1       .0E0       .0E0 
  .43637E0   -.1338E0       .0E0       .0E0 
   .3492E0 -.93997E-1       .0E0       .0E0 
 .58202E-1   .26278E0   .99971E0       .0E0 
-.46244E-2   .56405E0       .0E0       .0E0 
  .2132E-2   .34134E0       .0E0   .99996E0 

 1.0460000E+00 3.4400000E-01

  .99995E0       .0E0 
      .0E0   .99985E0 

 7.0600000E-01

  .99987E0 

AR:cc-pVTZ(pt/sf/sc)
EMSL BASIS SET LIBRARY

  4
    0    1    2    3
    5    4    2    1
   15    9    2    1

 5.4500000E+05 8.1640000E+04 1.8580000E+04 5.2610000E+03 1.7170000E+03
 6.1990000E+02 2.4160000E+02 9.9790000E+01 4.3150000E+01 1.9140000E+01
 7.4880000E+00 3.2050000E+00 1.1960000E+00 5.2040000E-01 1.9540000E-01

 .47563E-4 -.13612E-4  .42561E-5       .0E0       .0E0 
 .36695E-3  -.1048E-3  .32747E-4       .0E0       .0E0 
 .19123E-2 -.54893E-3  .17173E-3       .0E0       .0E0 
 .79458E-2 -.22807E-2  .71284E-3       .0E0       .0E0 
  .2788E-1 -.81606E-2  .25585E-2       .0E0       .0E0 
 .83248E-1 -.25014E-1  .78511E-2       .0E0       .0E0 
  .20213E0 -.66522E-1  .21108E-1       .0E0       .0E0 
  .35626E0   -.1384E0  .44575E-1       .0E0       .0E0 
  .34706E0  -.20026E0  .67517E-1       .0E0       .0E0 
   .1168E0 -.35622E-1  .12081E-1       .0E0       .0E0 
  .5509E-2   .48962E0  -.21084E0       .0E0       .0E0 
 .47598E-3   .57325E0  -.42208E0       .0E0       .0E0 
-.14599E-3  .85297E-1  .78375E-1   .99981E0       .0E0 
  .2872E-4 -.70031E-2   .73377E0       .0E0       .0E0 
-.23034E-4  .22406E-2   .39033E0       .0E0   .99997E0 

 7.6180000E+02 1.8020000E+02 5.7500000E+01 2.1240000E+01 8.3880000E+00
 3.4160000E+00 1.2060000E+00 4.5230000E-01 1.5450000E-01

 .24301E-2 -.68437E-3       .0E0       .0E0 
 .19265E-1 -.53973E-2       .0E0       .0E0 
 .88607E-1 -.25707E-1       .0E0       .0E0 
  .25675E0 -.75795E-1       .0E0       .0E0 
  .43809E0  -.14087E0       .0E0       .0E0 
  .34623E0 -.92296E-1       .0E0       .0E0 
 .56251E-1    .2835E0   .99966E0       .0E0 
-.52865E-2   .56176E0       .0E0       .0E0 
 .14819E-2   .32503E0       .0E0   .99995E0 

 1.2540000E+00 4.1000000E-01

  .99994E0       .0E0 
      .0E0   .99982E0 

 8.9000000E-01

  .99984E0 

GA:cc-pVTZ(pt/sf/sc)
EMSL BASIS SET LIBRARY

  4
    0    1    2    3
    6    5    3    1
   20   13    9    1

 6.5581573E+06 9.8202534E+05 2.2346769E+05 6.3288291E+04 2.0642940E+04
 7.4505224E+03 2.9050744E+03 1.2042100E+03 5.2430454E+02 2.3746563E+02
 1.1057866E+02 5.1374624E+01 2.4440846E+01 1.1768591E+01 5.3421190E+00
 2.4950360E+00 1.0987730E+00 2.6018000E-01 1.2707900E-01 5.4408000E-02

 .92493E-5 -.29297E-5  .11211E-5 -.26279E-6       .0E0       .0E0 
 .70487E-4 -.22325E-4  .85464E-5 -.20047E-5       .0E0       .0E0 
 .36342E-3 -.11521E-3  .44084E-4  -.1033E-4       .0E0       .0E0 
 .15066E-2 -.47805E-3  .18309E-3 -.42964E-4       .0E0       .0E0 
 .53714E-2  -.1712E-2  .65539E-3 -.15353E-3       .0E0       .0E0 
 .16982E-1 -.54594E-2  .20949E-2 -.49192E-3       .0E0       .0E0 
 .47876E-1 -.15757E-1  .60546E-2 -.14183E-2       .0E0       .0E0 
  .11794E0 -.40756E-1   .1579E-1 -.37148E-2       .0E0       .0E0 
  .23905E0 -.92067E-1  .36076E-1 -.84652E-2       .0E0       .0E0 
  .34981E0  -.16687E0  .67581E-1 -.16021E-1       .0E0       .0E0 
  .28413E0  -.19227E0  .81563E-1 -.19248E-1       .0E0       .0E0 
  .7795E-1  .31179E-1 -.14837E-1   .3202E-2       .0E0       .0E0 
 .71081E-3   .50663E0  -.31407E0  .79611E-1       .0E0       .0E0 
 .15245E-2   .51229E0  -.47057E0   .12253E0       .0E0       .0E0 
-.71397E-3   .10136E0   .12064E0 -.37174E-1       .0E0       .0E0 
 .29507E-3 -.51952E-3   .73355E0  -.26229E0       .0E0       .0E0 
 -.1235E-3  .19515E-2   .40472E0  -.26829E0       .0E0       .0E0 
 .48786E-4 -.41286E-3  .16938E-1   .34486E0       .0E0       .0E0 
-.36326E-4  .30429E-3 -.67074E-2   .56888E0   .99998E0       .0E0 
 .10546E-4 -.87345E-4  .15216E-2   .26375E0       .0E0   .99999E0 

 8.0501674E+03 1.9075361E+03 6.1862746E+02 2.3532417E+02 9.8899646E+01
 4.4248215E+01 2.0617429E+01 9.7805160E+00 4.4412380E+00 1.9640450E+00
 8.3357800E-01 1.9344500E-01 5.6117000E-02

 .36073E-3 -.13766E-3  .22796E-4       .0E0       .0E0 
 .29825E-2 -.11383E-2  .18309E-3       .0E0       .0E0 
 .15828E-1 -.61144E-2  .10153E-2       .0E0       .0E0 
 .61571E-1 -.24192E-1  .38945E-2       .0E0       .0E0 
  .17535E0 -.71939E-1  .12076E-1       .0E0       .0E0 
  .34123E0  -.14695E0  .23562E-1       .0E0       .0E0 
  .38575E0  -.17439E0  .30968E-1       .0E0       .0E0 
  .17988E0  .42623E-1 -.14907E-1       .0E0       .0E0 
 .20771E-1   .42736E0 -.73774E-1       .0E0       .0E0 
 .81968E-3   .49153E0  -.12637E0       .0E0       .0E0 
-.17129E-3   .17521E0  .20238E-1       .0E0       .0E0 
-.36637E-3  .60997E-2     .507E0   .99992E0       .0E0 
-.26198E-3  -.6814E-3   .59919E0       .0E0   .99998E0 

 2.4414741E+02 7.3067595E+01 2.7592081E+01 1.1546518E+01 5.0486280E+00
 2.1784650E+00 9.0025300E-01 3.3732700E-01 1.1690000E-01

 .20516E-2       .0E0       .0E0 
 .16484E-1       .0E0       .0E0 
 .69928E-1       .0E0       .0E0 
  .18973E0       .0E0       .0E0 
  .32381E0       .0E0       .0E0 
  .36663E0       .0E0       .0E0 
  .27725E0       .0E0       .0E0 
 .96409E-1   .99987E0       .0E0 
 .37542E-2       .0E0   .99995E0 

 2.8810000E-01

  .99995E0 

GE:cc-pVTZ(pt/sf/sc)
EMSL BASIS SET LIBRARY

  4
    0    1    2    3
    6    5    3    1
   20   13    9    1

 7.4479668E+06 1.1153182E+06 2.5384265E+05 7.1915285E+04 2.3470181E+04
 8.4774918E+03 3.3083908E+03 1.3726054E+03 5.9822007E+02 2.7138602E+02
 1.2697795E+02 6.0222065E+01 2.8018582E+01 1.3517522E+01 6.3094060E+00
 2.9045340E+00 1.2875560E+00 3.3655200E-01 1.6773200E-01 7.1069000E-02

 .86352E-5  -.2749E-5  .10631E-5 -.27454E-6       .0E0       .0E0 
 .65714E-4 -.20912E-4  .80874E-5 -.20899E-5       .0E0       .0E0 
 .33827E-3 -.10779E-3  .41687E-4 -.10763E-4       .0E0       .0E0 
 .14002E-2  -.4463E-3  .17265E-3 -.44629E-4       .0E0       .0E0 
 .49844E-2 -.15967E-2   .6179E-3 -.15949E-3       .0E0       .0E0 
 .15747E-1 -.50806E-2  .19686E-2 -.50919E-3       .0E0       .0E0 
 .44449E-1 -.14679E-1   .5702E-2 -.14719E-2       .0E0       .0E0 
  .11016E0 -.38023E-1  .14863E-1 -.38513E-2       .0E0       .0E0 
  .22652E0 -.86743E-1   .3434E-1 -.88804E-2       .0E0       .0E0 
  .34231E0  -.15968E0  .65039E-1 -.16975E-1       .0E0       .0E0 
  .29674E0  -.19622E0  .83983E-1 -.21866E-1       .0E0       .0E0 
 .94995E-1 -.49128E-2  .15509E-2 -.73478E-3       .0E0       .0E0 
 .38916E-2   .47223E0  -.28663E0  .79825E-1       .0E0       .0E0 
 .97653E-3   .54002E0  -.49049E0   .14131E0       .0E0       .0E0 
-.46107E-3   .12793E0  .44513E-1 -.16651E-1       .0E0       .0E0 
 .16926E-3   .1908E-2   .73137E0  -.28622E0       .0E0       .0E0 
 -.8623E-4  .18857E-2   .45373E0  -.32302E0       .0E0       .0E0 
 .36153E-4 -.40896E-3  .22912E-1    .3302E0   .99992E0       .0E0 
-.25729E-4   .2803E-3  -.7975E-2   .60095E0       .0E0       .0E0 
 .71833E-5 -.77115E-4   .1705E-2   .26957E0       .0E0   .99999E0 

 6.9795982E+03 1.6541648E+03 5.3602865E+02 2.0353713E+02 8.5237530E+01
 3.7841962E+01 1.7406512E+01 7.8814920E+00 3.5332130E+00 1.5214730E+00
 5.6270400E-01 1.9909300E-01 6.7031000E-02

 .51911E-3 -.20063E-3  .39399E-4       .0E0       .0E0 
 .42613E-2 -.16579E-2  .32406E-3       .0E0       .0E0 
 .22276E-1 -.87375E-2  .17191E-2       .0E0       .0E0 
 .83895E-1 -.33859E-1  .66416E-2       .0E0       .0E0 
  .22441E0  -.9434E-1  .18725E-1       .0E0       .0E0 
   .3895E0  -.17534E0   .3473E-1       .0E0       .0E0 
  .35069E0  -.14205E0  .28329E-1       .0E0       .0E0 
  .10379E0   .19337E0 -.48536E-1       .0E0       .0E0 
  .3106E-2   .52751E0  -.12445E0       .0E0       .0E0 
  .1473E-2   .39068E0  -.11799E0       .0E0       .0E0 
-.79184E-3  .55161E-1   .14457E0   .99985E0       .0E0 
-.51873E-4 -.29828E-2    .5535E0       .0E0       .0E0 
-.39526E-3  .13024E-2   .46221E0       .0E0   .99998E0 

 2.8223911E+02 8.4549957E+01 3.2073656E+01 1.3497495E+01 5.9585500E+00
 2.6107880E+00 1.1039870E+00 4.2404900E-01 1.5200000E-01

 .18551E-2       .0E0       .0E0 
 .15158E-1       .0E0       .0E0 
 .65668E-1       .0E0       .0E0 
  .18263E0       .0E0       .0E0 
  .32119E0       .0E0       .0E0 
  .37166E0       .0E0       .0E0 
  .27797E0       .0E0       .0E0 
 .89243E-1   .99985E0       .0E0 
 .30073E-2       .0E0   .99994E0 

 3.4580000E-01

  .99994E0 

AS:cc-pVTZ(pt/sf/sc)
EMSL BASIS SET LIBRARY

  4
    0    1    2    3
    6    5    3    1
   20   13    9    1

 8.4823396E+06 1.2701509E+06 2.8905696E+05 8.1879849E+04 2.6716564E+04
 9.6475842E+03 3.7641195E+03 1.5615656E+03 6.8081467E+02 3.0924119E+02
 1.4525736E+02 6.9739048E+01 3.1770325E+01 1.5391757E+01 7.3415260E+00
 3.3237160E+00 1.4858670E+00 4.2108600E-01 2.1150000E-01 8.8974000E-02

 .80179E-5 -.25648E-5  .10024E-5 -.27815E-6       .0E0       .0E0 
  .6094E-4 -.19482E-4  .76122E-5 -.21135E-5       .0E0       .0E0 
 .31334E-3 -.10034E-3  .39222E-4 -.10881E-4       .0E0       .0E0 
 .12961E-2 -.41493E-3  .16215E-3 -.45032E-4       .0E0       .0E0 
 .46126E-2 -.14847E-2   .5808E-3  -.1611E-3       .0E0       .0E0 
 .14583E-1 -.47217E-2  .18477E-2 -.51343E-3       .0E0       .0E0 
 .41263E-1 -.13671E-1  .53681E-2 -.14891E-2       .0E0       .0E0 
  .10291E0 -.35491E-1  .14001E-1 -.38971E-2       .0E0       .0E0 
   .2145E0 -.81699E-1  .32676E-1 -.90816E-2       .0E0       .0E0 
  .33382E0  -.15259E0  .62534E-1 -.17526E-1       .0E0       .0E0 
  .30744E0  -.19799E0  .85456E-1  -.2393E-1       .0E0       .0E0 
  .11317E0 -.34942E-1  .15159E-1 -.45956E-2       .0E0       .0E0 
  .7536E-2   .43713E0  -.26139E0  .78066E-1       .0E0       .0E0 
 .31247E-3   .55919E0  -.50177E0   .15572E0       .0E0       .0E0 
-.14863E-3   .15571E0 -.19724E-1  .41547E-2       .0E0       .0E0 
 .23238E-4  .50205E-2   .72299E0  -.30359E0       .0E0       .0E0 
-.35195E-4  .16658E-2   .49377E0  -.37077E0       .0E0       .0E0 
  .1457E-4 -.34746E-3  .28939E-1    .3119E0   .99991E0       .0E0 
 -.9856E-5  .21705E-3 -.87734E-2   .63087E0       .0E0       .0E0 
 .29078E-5 -.59863E-4  .18307E-2   .27815E0       .0E0   .99999E0 

 7.4238614E+03 1.7595166E+03 5.7022916E+02 2.1657997E+02 9.0734252E+01
 4.0308791E+01 1.8555502E+01 8.3965430E+00 3.7673670E+00 1.6297010E+00
 5.6826300E-01 2.2250300E-01 8.0405000E-02

 .52674E-3 -.20665E-3  .45617E-4       .0E0       .0E0 
 .43104E-2 -.17027E-2  .37674E-3       .0E0       .0E0 
   .225E-1 -.89602E-2  .19811E-2       .0E0       .0E0 
 .84643E-1 -.34703E-1  .77131E-2       .0E0       .0E0 
  .22609E0 -.96583E-1  .21523E-1       .0E0       .0E0 
  .39089E0  -.17903E0  .40402E-1       .0E0       .0E0 
  .34844E0  -.14134E0   .3082E-1       .0E0       .0E0 
  .10142E0   .20426E0 -.56182E-1       .0E0       .0E0 
 .27553E-2   .53774E0   -.1511E0       .0E0       .0E0 
 .13561E-2   .37867E0  -.11899E0       .0E0       .0E0 
-.86427E-3   .4544E-1   .21758E0   .99984E0       .0E0 
 .28221E-4 -.46641E-2    .5487E0       .0E0       .0E0 
-.45585E-3  .17421E-2   .39767E0       .0E0   .99998E0 

 3.2101961E+02 9.6249305E+01 3.6644963E+01 1.5493965E+01 6.8911380E+00
 3.0548310E+00 1.3142410E+00 5.1343000E-01 1.8770000E-01

 .17143E-2       .0E0       .0E0 
 .14186E-1       .0E0       .0E0 
 .62515E-1       .0E0       .0E0 
  .17726E0       .0E0       .0E0 
  .31936E0       .0E0       .0E0 
  .37599E0       .0E0       .0E0 
   .2778E0       .0E0       .0E0 
 .83499E-1   .99982E0       .0E0 
 .25183E-2       .0E0   .99993E0 

 4.1580000E-01

  .99993E0 

SE:cc-pVTZ(pt/sf/sc)
EMSL BASIS SET LIBRARY

  4
    0    1    2    3
    6    5    3    1
   20   13    9    1

 9.5636000E+06 1.4321000E+06 3.2591000E+05 9.2312000E+04 3.0116000E+04
 1.0872000E+04 4.2401000E+03 1.7584000E+03 7.6659000E+02 3.4843000E+02
 1.6403000E+02 7.9142000E+01 3.5524000E+01 1.7305000E+01 8.3784000E+00
 3.7405000E+00 1.6890000E+00 5.0927000E-01 2.5520000E-01 1.0651000E-01

 .75238E-5  -.2418E-5   .9548E-6 -.28033E-6       .0E0       .0E0 
 .57103E-4 -.18338E-4  .72379E-5 -.21262E-5       .0E0       .0E0 
 .29323E-3 -.94344E-4  .37265E-4 -.10938E-4       .0E0       .0E0 
 .12119E-2 -.38967E-3   .1538E-3 -.45194E-4       .0E0       .0E0 
  .4311E-2  -.1394E-2   .5511E-3 -.16173E-3       .0E0       .0E0 
 .13638E-1 -.44321E-2  .17514E-2 -.51492E-3       .0E0       .0E0 
 .38674E-1 -.12854E-1   .5101E-2 -.14972E-2       .0E0       .0E0 
 .96973E-1 -.33449E-1  .13318E-1  -.3922E-2       .0E0       .0E0 
  .20442E0 -.77561E-1  .31334E-1 -.92137E-2       .0E0       .0E0 
  .32587E0  -.14667E0  .60525E-1 -.17945E-1       .0E0       .0E0 
  .31552E0  -.19836E0  .86326E-1  -.2558E-1       .0E0       .0E0 
  .12939E0  -.5743E-1  .25434E-1 -.79403E-2       .0E0       .0E0 
 .10993E-1   .40612E0  -.24089E0  .76129E-1       .0E0       .0E0 
-.31676E-3   .57048E0  -.50701E0    .1666E0       .0E0       .0E0 
 .14767E-3   .18125E0 -.70313E-1  .23165E-1       .0E0       .0E0 
-.10999E-3  .82316E-2   .71271E0  -.31823E0       .0E0       .0E0 
 .17589E-4  .13547E-2     .524E0  -.41091E0       .0E0       .0E0 
-.95592E-5 -.25136E-3  .34275E-1   .30334E0    .9999E0       .0E0 
 .64348E-5  .13449E-3 -.90579E-2     .658E0       .0E0       .0E0 
-.11463E-5 -.40453E-4  .19023E-2   .27765E0       .0E0   .99998E0 

 8.0043000E+03 1.8969000E+03 6.1471000E+02 2.3350000E+02 9.7856000E+01
 4.3514000E+01 2.0063000E+01 9.1127000E+00 4.1063000E+00 1.7949000E+00
 6.2432000E-01 2.4615000E-01 8.8917000E-02

  .5207E-3 -.20729E-3  .49898E-4       .0E0       .0E0 
 .42501E-2 -.17032E-2  .41224E-3       .0E0       .0E0 
 .22185E-1 -.89656E-2  .21614E-2       .0E0       .0E0 
 .83616E-1 -.34777E-1  .84594E-2       .0E0       .0E0 
  .22417E0 -.97204E-1  .23613E-1       .0E0       .0E0 
  .38954E0  -.18105E0  .44841E-1       .0E0       .0E0 
   .3498E0  -.14454E0  .33991E-1       .0E0       .0E0 
  .10357E0   .20316E0 -.60688E-1       .0E0       .0E0 
  .3032E-2   .54205E0  -.17169E0       .0E0       .0E0 
 .12763E-2   .37613E0  -.12373E0       .0E0       .0E0 
-.89879E-3  .42759E-1   .26984E0   .99982E0       .0E0 
  .9185E-5 -.44518E-2   .56737E0       .0E0       .0E0 
-.48707E-3  .17534E-2   .33385E0       .0E0   .99998E0 

 3.6185000E+02 1.0855000E+02 4.1433000E+01 1.7579000E+01 7.8627000E+00
 3.5180000E+00 1.5348000E+00 6.0813000E-01 2.2200000E-01

  .1598E-2       .0E0       .0E0 
 .13373E-1       .0E0       .0E0 
 .59892E-1       .0E0       .0E0 
  .17284E0       .0E0       .0E0 
  .31793E0       .0E0       .0E0 
  .37974E0       .0E0       .0E0 
  .27726E0       .0E0       .0E0 
 .79113E-1   .99979E0       .0E0 
 .22687E-2       .0E0   .99992E0 

 4.6200000E-01

  .99992E0 

BR:cc-pVTZ(pt/sf/sc)
EMSL BASIS SET LIBRARY

  4
    0    1    2    3
    6    5    3    1
   20   13    9    1

 1.0639000E+07 1.5934000E+06 3.6261000E+05 1.0270000E+05 3.3501000E+04
 1.2093000E+04 4.7159000E+03 1.9556000E+03 8.5261000E+02 3.8767000E+02
 1.8268000E+02 8.8245000E+01 3.9263000E+01 1.9234000E+01 9.4057000E+00
 4.1601000E+00 1.8995000E+00 6.0472000E-01 3.0114000E-01 1.2515000E-01

 .71649E-5 -.23131E-5  .92253E-6  -.2835E-6       .0E0       .0E0 
 .54294E-4 -.17513E-4  .69808E-5 -.21464E-5       .0E0       .0E0 
 .27844E-3 -.89993E-4  .35905E-4 -.11031E-4       .0E0       .0E0 
 .11497E-2 -.37128E-3  .14798E-3 -.45513E-4       .0E0       .0E0 
 .40868E-2 -.13274E-2   .5301E-3 -.16283E-3       .0E0       .0E0 
 .12927E-1 -.42173E-2  .16826E-2 -.51781E-3       .0E0       .0E0 
 .36697E-1 -.12238E-1  .49061E-2 -.15071E-2       .0E0       .0E0 
 .92361E-1 -.31896E-1  .12816E-1 -.39507E-2       .0E0       .0E0 
   .1964E0 -.74348E-1   .3033E-1 -.93344E-2       .0E0       .0E0 
  .31905E0  -.14205E0  .59058E-1 -.18328E-1       .0E0       .0E0 
  .32135E0  -.19811E0  .86919E-1 -.26961E-1       .0E0       .0E0 
  .14274E0 -.73931E-1  .33131E-1 -.10728E-1       .0E0       .0E0 
  .1404E-1   .38013E0  -.22482E0  .74425E-1       .0E0       .0E0 
-.84829E-3   .57679E0  -.50922E0   .17525E0       .0E0       .0E0 
 .39752E-3   .20343E0  -.11045E0  .39912E-1       .0E0       .0E0 
-.22114E-3  .11251E-1   .70211E0  -.33034E0       .0E0       .0E0 
 .66281E-4  .10187E-2   .54743E0  -.44593E0       .0E0       .0E0 
-.32196E-4  -.1496E-3   .3925E-1   .29626E0   .99989E0       .0E0 
 .20517E-4  .52969E-4 -.89613E-2   .68085E0       .0E0       .0E0 
-.44809E-5 -.23182E-4  .19374E-2   .27827E0       .0E0   .99998E0 

 8.6765000E+03 2.0559000E+03 6.6623000E+02 2.5310000E+02 1.0612000E+02
 4.7242000E+01 2.1825000E+01 9.9684000E+00 4.5171000E+00 1.9982000E+00
 7.0988000E-01 2.8145000E-01 1.0204000E-01

 .50865E-3 -.20537E-3  .52918E-4       .0E0       .0E0 
 .41409E-2 -.16822E-2  .43629E-3       .0E0       .0E0 
 .21624E-1  -.8862E-2   .2287E-2       .0E0       .0E0 
  .8174E-1 -.34451E-1  .89827E-2       .0E0       .0E0 
  .22044E0 -.96925E-1  .25209E-1       .0E0       .0E0 
  .38672E0  -.18209E0  .48404E-1       .0E0       .0E0 
  .35289E0  -.14967E0  .37649E-1       .0E0       .0E0 
  .10807E0   .19585E0 -.63041E-1       .0E0       .0E0 
 .36432E-2   .54343E0  -.18789E0       .0E0       .0E0 
 .12251E-2   .37921E0  -.13187E0       .0E0       .0E0 
-.93635E-3  .43455E-1   .29768E0    .9998E0       .0E0 
-.16143E-4 -.40269E-2   .57234E0       .0E0       .0E0 
-.52177E-3  .17548E-2   .30634E0       .0E0   .99997E0 

 4.0383000E+02 1.2117000E+02 4.6345000E+01 1.9721000E+01 8.8624000E+00
 3.9962000E+00 1.7636000E+00 7.0619000E-01 2.6390000E-01

  .1508E-2       .0E0       .0E0 
 .12738E-1       .0E0       .0E0 
 .57833E-1       .0E0       .0E0 
  .16937E0       .0E0       .0E0 
  .31692E0       .0E0       .0E0 
  .38295E0       .0E0       .0E0 
  .27635E0       .0E0       .0E0 
 .75332E-1   .99975E0       .0E0 
 .20481E-2       .0E0    .9999E0 

 5.5150000E-01

   .9999E0 

KR:cc-pVTZ(pt/sf/sc)
EMSL BASIS SET LIBRARY

  4
    0    1    2    3
    6    5    3    1
   20   13    9    1

 1.1718113E+07 1.7546044E+06 3.9928132E+05 1.1308457E+05 3.6885925E+04
 1.3312209E+04 5.1899883E+03 2.1516597E+03 9.3803251E+02 4.2655732E+02
 2.0106660E+02 9.7097605E+01 4.2998724E+01 2.1177075E+01 1.0426752E+01
 4.5850080E+00 2.1176030E+00 7.0705700E-01 3.4922500E-01 1.4482100E-01

 .68978E-5 -.22367E-5  .90062E-6 -.28747E-6       .0E0       .0E0 
 .52203E-4 -.16912E-4  .68053E-5 -.21734E-5       .0E0       .0E0 
 .26734E-3 -.86786E-4   .3496E-4 -.11156E-4       .0E0       .0E0 
 .11025E-2 -.35759E-3  .14387E-3  -.4596E-4       .0E0       .0E0 
 .39165E-2 -.12776E-2  .51515E-3 -.16435E-3       .0E0       .0E0 
 .12387E-1  -.4057E-2  .16338E-2 -.52222E-3       .0E0       .0E0 
 .35195E-1 -.11778E-1  .47675E-2 -.15212E-2       .0E0       .0E0 
 .88823E-1 -.30732E-1   .1246E-1 -.39896E-2       .0E0       .0E0 
  .19012E0 -.71907E-1   .2961E-1 -.94651E-2       .0E0       .0E0 
  .31339E0  -.13852E0  .58036E-1 -.18707E-1       .0E0       .0E0 
  .32549E0  -.19762E0   .8741E-1 -.28165E-1       .0E0       .0E0 
  .15343E0 -.86086E-1  .38951E-1 -.13045E-1       .0E0       .0E0 
 .16656E-1   .35873E0  -.21228E0  .73075E-1       .0E0       .0E0 
-.12734E-2   .58003E0  -.51013E0   .18248E0       .0E0       .0E0 
  .5967E-3   .22233E0  -.14272E0  .54639E-1       .0E0       .0E0 
-.31091E-3  .13979E-1   .69248E0  -.34101E0       .0E0       .0E0 
 .10925E-3   .6927E-3   .56557E0  -.47672E0       .0E0       .0E0 
-.52051E-4 -.58324E-4  .43879E-1   .29126E0   .99987E0       .0E0 
 .31878E-4 -.17802E-4 -.85931E-2   .70014E0       .0E0       .0E0 
-.70875E-5 -.96563E-5  .19486E-2   .27904E0       .0E0   .99998E0 

 9.3663090E+03 2.2195543E+03 7.1945288E+02 2.7346446E+02 1.1475225E+02
 5.1155569E+01 2.3682676E+01 1.0875484E+01 4.9551310E+00 2.2172670E+00
 8.0641000E-01 3.2215400E-01 1.1761900E-01

 .49891E-3 -.20423E-3   .5526E-4       .0E0       .0E0 
 .40486E-2 -.16667E-2  .45421E-3       .0E0       .0E0 
  .2113E-1  -.8779E-2  .23791E-2       .0E0       .0E0 
 .80014E-1 -.34166E-1  .93624E-2       .0E0       .0E0 
  .21684E0 -.96647E-1  .26405E-1       .0E0       .0E0 
  .38379E0  -.18302E0  .51186E-1       .0E0       .0E0 
  .35572E0  -.15466E0  .40891E-1       .0E0       .0E0 
  .11256E0   .18858E0 -.64355E-1       .0E0       .0E0 
 .42908E-2   .54459E0  -.20116E0       .0E0       .0E0 
  .1171E-2   .38262E0  -.13902E0       .0E0       .0E0 
-.96739E-3  .44267E-1   .31635E0   .99978E0       .0E0 
-.26338E-4  -.4428E-2   .57247E0       .0E0       .0E0 
-.55259E-3  .13443E-2   .29212E0       .0E0   .99997E0 

 4.4616133E+02 1.3396477E+02 5.1345907E+01 2.1916906E+01 9.8937250E+00
 4.4925270E+00 2.0022930E+00 8.0840900E-01 3.0060000E-01

 .14417E-2       .0E0       .0E0 
 .12254E-1       .0E0       .0E0 
 .56228E-1       .0E0       .0E0 
  .16655E0       .0E0       .0E0 
  .31604E0       .0E0       .0E0 
  .38563E0       .0E0       .0E0 
  .27531E0       .0E0       .0E0 
 .72185E-1   .99972E0       .0E0 
 .18713E-2       .0E0   .99989E0 

 6.6220000E-01

  .99988E0 




