!  cc-pwCVTZ  EMSL  Basis Set Exchange Library   3/19/13 4:35 PM
! Elements                             References
! --------                             ----------
! H     : T.H. Dunning, Jr. J. Chem. Phys. 90, 1007 (1989).
! He    : D.E. Woon and T.H. Dunning, Jr. J. Chem. Phys. 100, 2975 (1994).
! Li - Ne: T.H. Dunning, Jr. J. Chem. Phys. 90, 1007 (1989).
! Na - Mg: D.E. Woon and T.H. Dunning, Jr.  (to be published)
! Al - Ar: D.E. Woon and T.H. Dunning, Jr.  J. Chem. Phys. 98, 1358 (1993).
! Ca     : J. Koput and K.A. Peterson, J. Phys. Chem. A, 106, 9595 (2002).
! Sc - Zn: N.B. Balabanov and K.A. Peterson, J. Chem. Phys, 123, 064107 (2005)
! Ga - Kr: A.K. Wilson, D.E. Woon, K.A. Peterson, T.H. Dunning, Jr., J. Chem. Phys., 110, 7667 (1999)
! 


! Elements                             References
! --------                             ----------
! B  - Ne: K.A. Peterson and T.H. Dunning, Jr. J. Chem. Phys. (submitted)
! Al - Ar: 
! Br     : K.A. Peterson (to be published)
!   


B:cc-pwCVTZ
EMSL BASIS SET LIBRARY

  4
    0    1    2    3
    6    5    3    1
   12    7    3    1

  5473.0000000   820.9000000   186.8000000    52.8300000    17.0800000
     5.9990000     2.2080000     0.5879000     0.2415000     0.0861000
     2.4540000     6.4300000

 0.0005550 -0.0001120  0.0000000  0.0000000  0.0000000  0.0000000 
 0.0042910 -0.0008680  0.0000000  0.0000000  0.0000000  0.0000000 
 0.0219490 -0.0044840  0.0000000  0.0000000  0.0000000  0.0000000 
 0.0844410 -0.0176830  0.0000000  0.0000000  0.0000000  0.0000000 
 0.2385570 -0.0536390  0.0000000  0.0000000  0.0000000  0.0000000 
 0.4350720 -0.1190050  0.0000000  0.0000000  0.0000000  0.0000000 
 0.3419550 -0.1658240  0.0000000  0.0000000  0.0000000  0.0000000 
 0.0368560  0.1201070  1.0000000  0.0000000  0.0000000  0.0000000 
-0.0095450  0.5959810  0.0000000  0.0000000  0.0000000  0.0000000 
 0.0023680  0.4110210  0.0000000  1.0000000  0.0000000  0.0000000 
 0.0000000  0.0000000  0.0000000  0.0000000  1.0000000  0.0000000 
 0.0000000  0.0000000  0.0000000  0.0000000  0.0000000  1.0000000 

    12.0500000     2.6130000     0.7475000     0.2385000     0.0769800
     3.4980000    14.3720000

 0.0131180  0.0000000  0.0000000  0.0000000  0.0000000 
 0.0798960  0.0000000  0.0000000  0.0000000  0.0000000 
 0.2772750  0.0000000  0.0000000  0.0000000  0.0000000 
 0.5042700  1.0000000  0.0000000  0.0000000  0.0000000 
 0.3536800  0.0000000  1.0000000  0.0000000  0.0000000 
 0.0000000  0.0000000  0.0000000  1.0000000  0.0000000 
 0.0000000  0.0000000  0.0000000  0.0000000  1.0000000 

     0.6610000     0.1990000     3.0290000

 1.0000000  0.0000000  0.0000000 
 0.0000000  1.0000000  0.0000000 
 0.0000000  0.0000000  1.0000000 

     0.4900000

 1.0000000 

C:cc-pwCVTZ
EMSL BASIS SET LIBRARY

  4
    0    1    2    3
    6    5    3    1
   12    7    3    1

  8236.0000000  1235.0000000   280.8000000    79.2700000    25.5900000
     8.9970000     3.3190000     0.9059000     0.3643000     0.1285000
     3.4740000     8.8280000

 0.0005310 -0.0001130  0.0000000  0.0000000  0.0000000  0.0000000 
 0.0041080 -0.0008780  0.0000000  0.0000000  0.0000000  0.0000000 
 0.0210870 -0.0045400  0.0000000  0.0000000  0.0000000  0.0000000 
 0.0818530 -0.0181330  0.0000000  0.0000000  0.0000000  0.0000000 
 0.2348170 -0.0557600  0.0000000  0.0000000  0.0000000  0.0000000 
 0.4344010 -0.1268950  0.0000000  0.0000000  0.0000000  0.0000000 
 0.3461290 -0.1703520  0.0000000  0.0000000  0.0000000  0.0000000 
 0.0393780  0.1403820  1.0000000  0.0000000  0.0000000  0.0000000 
-0.0089830  0.5986840  0.0000000  0.0000000  0.0000000  0.0000000 
 0.0023850  0.3953890  0.0000000  1.0000000  0.0000000  0.0000000 
 0.0000000  0.0000000  0.0000000  0.0000000  1.0000000  0.0000000 
 0.0000000  0.0000000  0.0000000  0.0000000  0.0000000  1.0000000 

    18.7100000     4.1330000     1.2000000     0.3827000     0.1209000
     5.4420000    21.5520000

 0.0140310  0.0000000  0.0000000  0.0000000  0.0000000 
 0.0868660  0.0000000  0.0000000  0.0000000  0.0000000 
 0.2902160  0.0000000  0.0000000  0.0000000  0.0000000 
 0.5010080  1.0000000  0.0000000  0.0000000  0.0000000 
 0.3434060  0.0000000  1.0000000  0.0000000  0.0000000 
 0.0000000  0.0000000  0.0000000  1.0000000  0.0000000 
 0.0000000  0.0000000  0.0000000  0.0000000  1.0000000 

     1.0970000     0.3180000     4.9500000

 1.0000000  0.0000000  0.0000000 
 0.0000000  1.0000000  0.0000000 
 0.0000000  0.0000000  1.0000000 

     0.7610000

 1.0000000 

N:cc-pwCVTZ
EMSL BASIS SET LIBRARY

  4
    0    1    2    3
    6    5    3    1
   12    7    3    1

 11420.0000000  1712.0000000   389.3000000   110.0000000    35.5700000
    12.5400000     4.6440000     1.2930000     0.5118000     0.1787000
     4.7330000    11.8070000

 0.0005230 -0.0001150  0.0000000  0.0000000  0.0000000  0.0000000 
 0.0040450 -0.0008950  0.0000000  0.0000000  0.0000000  0.0000000 
 0.0207750 -0.0046240  0.0000000  0.0000000  0.0000000  0.0000000 
 0.0807270 -0.0185280  0.0000000  0.0000000  0.0000000  0.0000000 
 0.2330740 -0.0573390  0.0000000  0.0000000  0.0000000  0.0000000 
 0.4335010 -0.1320760  0.0000000  0.0000000  0.0000000  0.0000000 
 0.3474720 -0.1725100  0.0000000  0.0000000  0.0000000  0.0000000 
 0.0412620  0.1518140  1.0000000  0.0000000  0.0000000  0.0000000 
-0.0085080  0.5999440  0.0000000  0.0000000  0.0000000  0.0000000 
 0.0023840  0.3874620  0.0000000  1.0000000  0.0000000  0.0000000 
 0.0000000  0.0000000  0.0000000  0.0000000  1.0000000  0.0000000 
 0.0000000  0.0000000  0.0000000  0.0000000  0.0000000  1.0000000 

    26.6300000     5.9480000     1.7420000     0.5550000     0.1725000
     7.7430000    29.8180000

 0.0146700  0.0000000  0.0000000  0.0000000  0.0000000 
 0.0917640  0.0000000  0.0000000  0.0000000  0.0000000 
 0.2986830  0.0000000  0.0000000  0.0000000  0.0000000 
 0.4984870  1.0000000  0.0000000  0.0000000  0.0000000 
 0.3370230  0.0000000  1.0000000  0.0000000  0.0000000 
 0.0000000  0.0000000  0.0000000  1.0000000  0.0000000 
 0.0000000  0.0000000  0.0000000  0.0000000  1.0000000 

     1.6540000     0.4690000     7.3520000

 1.0000000  0.0000000  0.0000000 
 0.0000000  1.0000000  0.0000000 
 0.0000000  0.0000000  1.0000000 

     1.0930000

 1.0000000 

O:cc-pwCVTZ
EMSL BASIS SET LIBRARY

  4
    0    1    2    3
    6    5    3    1
   12    7    3    1

 15330.0000000  2299.0000000   522.4000000   147.3000000    47.5500000
    16.7600000     6.2070000     1.7520000     0.6882000     0.2384000
     6.2450000    15.3810000

 0.0005080 -0.0001150  0.0000000  0.0000000  0.0000000  0.0000000 
 0.0039290 -0.0008950  0.0000000  0.0000000  0.0000000  0.0000000 
 0.0202430 -0.0046360  0.0000000  0.0000000  0.0000000  0.0000000 
 0.0791810 -0.0187240  0.0000000  0.0000000  0.0000000  0.0000000 
 0.2306870 -0.0584630  0.0000000  0.0000000  0.0000000  0.0000000 
 0.4331180 -0.1364630  0.0000000  0.0000000  0.0000000  0.0000000 
 0.3502600 -0.1757400  0.0000000  0.0000000  0.0000000  0.0000000 
 0.0427280  0.1609340  1.0000000  0.0000000  0.0000000  0.0000000 
-0.0081540  0.6034180  0.0000000  0.0000000  0.0000000  0.0000000 
 0.0023810  0.3787650  0.0000000  1.0000000  0.0000000  0.0000000 
 0.0000000  0.0000000  0.0000000  0.0000000  1.0000000  0.0000000 
 0.0000000  0.0000000  0.0000000  0.0000000  0.0000000  1.0000000 

    34.4600000     7.7490000     2.2800000     0.7156000     0.2140000
    10.2160000    38.4840000

 0.0159280  0.0000000  0.0000000  0.0000000  0.0000000 
 0.0997400  0.0000000  0.0000000  0.0000000  0.0000000 
 0.3104920  0.0000000  0.0000000  0.0000000  0.0000000 
 0.4910260  1.0000000  0.0000000  0.0000000  0.0000000 
 0.3363370  0.0000000  1.0000000  0.0000000  0.0000000 
 0.0000000  0.0000000  0.0000000  1.0000000  0.0000000 
 0.0000000  0.0000000  0.0000000  0.0000000  1.0000000 

     2.3140000     0.6450000    10.2380000

 1.0000000  0.0000000  0.0000000 
 0.0000000  1.0000000  0.0000000 
 0.0000000  0.0000000  1.0000000 

     1.4280000

 1.0000000 

F:cc-pwCVTZ
EMSL BASIS SET LIBRARY

  4
    0    1    2    3
    6    5    3    1
   12    7    3    1

 19500.0000000  2923.0000000   664.5000000   187.5000000    60.6200000
    21.4200000     7.9500000     2.2570000     0.8815000     0.3041000
     7.9400000    19.3640000

 0.0005070 -0.0001170  0.0000000  0.0000000  0.0000000  0.0000000 
 0.0039230 -0.0009120  0.0000000  0.0000000  0.0000000  0.0000000 
 0.0202000 -0.0047170  0.0000000  0.0000000  0.0000000  0.0000000 
 0.0790100 -0.0190860  0.0000000  0.0000000  0.0000000  0.0000000 
 0.2304390 -0.0596550  0.0000000  0.0000000  0.0000000  0.0000000 
 0.4328720 -0.1400100  0.0000000  0.0000000  0.0000000  0.0000000 
 0.3499640 -0.1767820  0.0000000  0.0000000  0.0000000  0.0000000 
 0.0432330  0.1716250  1.0000000  0.0000000  0.0000000  0.0000000 
-0.0078920  0.6050430  0.0000000  0.0000000  0.0000000  0.0000000 
 0.0023840  0.3695120  0.0000000  1.0000000  0.0000000  0.0000000 
 0.0000000  0.0000000  0.0000000  0.0000000  1.0000000  0.0000000 
 0.0000000  0.0000000  0.0000000  0.0000000  0.0000000  1.0000000 

    43.8800000     9.9260000     2.9300000     0.9132000     0.2672000
    13.0690000    48.3250000

 0.0166650  0.0000000  0.0000000  0.0000000  0.0000000 
 0.1044720  0.0000000  0.0000000  0.0000000  0.0000000 
 0.3172600  0.0000000  0.0000000  0.0000000  0.0000000 
 0.4873430  1.0000000  0.0000000  0.0000000  0.0000000 
 0.3346040  0.0000000  1.0000000  0.0000000  0.0000000 
 0.0000000  0.0000000  0.0000000  1.0000000  0.0000000 
 0.0000000  0.0000000  0.0000000  0.0000000  1.0000000 

     3.1070000     0.8550000    13.6440000

 1.0000000  0.0000000  0.0000000 
 0.0000000  1.0000000  0.0000000 
 0.0000000  0.0000000  1.0000000 

     1.9170000

 1.0000000 

NE:cc-pwCVTZ
EMSL BASIS SET LIBRARY

  4
    0    1    2    3
    6    5    3    1
   12    7    3    1

 24350.0000000  3650.0000000   829.6000000   234.0000000    75.6100000
    26.7300000     9.9270000     2.8360000     1.1020000     0.3782000
     9.8830000    23.8290000

 0.0005020 -0.0001180  0.0000000  0.0000000  0.0000000  0.0000000 
 0.0038810 -0.0009150  0.0000000  0.0000000  0.0000000  0.0000000 
 0.0199970 -0.0047370  0.0000000  0.0000000  0.0000000  0.0000000 
 0.0784180 -0.0192330  0.0000000  0.0000000  0.0000000  0.0000000 
 0.2296760 -0.0603690  0.0000000  0.0000000  0.0000000  0.0000000 
 0.4327220 -0.1425080  0.0000000  0.0000000  0.0000000  0.0000000 
 0.3506420 -0.1777100  0.0000000  0.0000000  0.0000000  0.0000000 
 0.0439110  0.1773520  1.0000000  0.0000000  0.0000000  0.0000000 
-0.0076450  0.6058360  0.0000000  0.0000000  0.0000000  0.0000000 
 0.0023750  0.3651090  0.0000000  1.0000000  0.0000000  0.0000000 
 0.0000000  0.0000000  0.0000000  0.0000000  1.0000000  0.0000000 
 0.0000000  0.0000000  0.0000000  0.0000000  0.0000000  1.0000000 

    54.7000000    12.4300000     3.6790000     1.1430000     0.3300000
    16.2750000    59.2420000

 0.0171510  0.0000000  0.0000000  0.0000000  0.0000000 
 0.1076560  0.0000000  0.0000000  0.0000000  0.0000000 
 0.3216810  0.0000000  0.0000000  0.0000000  0.0000000 
 0.4852320  1.0000000  0.0000000  0.0000000  0.0000000 
 0.3325840  0.0000000  1.0000000  0.0000000  0.0000000 
 0.0000000  0.0000000  0.0000000  1.0000000  0.0000000 
 0.0000000  0.0000000  0.0000000  0.0000000  1.0000000 

     4.0140000     1.0960000    17.5280000

 1.0000000  0.0000000  0.0000000 
 0.0000000  1.0000000  0.0000000 
 0.0000000  0.0000000  1.0000000 

     2.5440000

 1.0000000 

AL:cc-pwCVTZ
EMSL BASIS SET LIBRARY

  4
    0    1    2    3
    7    6    4    2
   17   11    4    2

 205500.000000 30780.0000000  7006.0000000  1985.0000000   649.1000000
   235.0000000    91.6200000    37.6700000    15.9100000     5.8500000
     2.5420000     1.0570000     0.2931000     0.1455000     0.0565000
     0.9950000     6.5620000

 .67884E-4 -.17638E-4  .40732E-5  0.0000000  0.0000000  0.0000000  0.0000000 
 .52715E-3  -.1372E-3  .31657E-4  0.0000000  0.0000000  0.0000000  0.0000000 
  .2762E-2 -.71891E-3  .16612E-3  0.0000000  0.0000000  0.0000000  0.0000000 
 .11473E-1 -.30115E-2  .69499E-3  0.0000000  0.0000000  0.0000000  0.0000000 
 .39819E-1 -.10601E-1  .24551E-2  0.0000000  0.0000000  0.0000000  0.0000000 
  .11504E0 -.32134E-1   .7446E-2  0.0000000  0.0000000  0.0000000  0.0000000 
  .26089E0 -.80316E-1  .18825E-1  0.0000000  0.0000000  0.0000000  0.0000000 
  .39639E0  -.15679E0  .37277E-1  0.0000000  0.0000000  0.0000000  0.0000000 
   .2846E0  -.16838E0   .4195E-1  0.0000000  0.0000000  0.0000000  0.0000000 
 .44458E-1   .12688E0 -.35438E-1  0.0000000  0.0000000  0.0000000  0.0000000 
-.48984E-2   .56149E0  -.17513E0  0.0000000  0.0000000  0.0000000  0.0000000 
 .26125E-2   .43661E0   -.2762E0  0.0000000  0.0000000  0.0000000  0.0000000 
-.10892E-2  .35729E-1   .10873E0  1.0000000  0.0000000  0.0000000  0.0000000 
 .72207E-3 -.11456E-1   .65281E0  0.0000000  0.0000000  0.0000000  0.0000000 
-.17848E-3   .2202E-2   .39459E0  0.0000000  1.0000000  0.0000000  0.0000000 
 0.0000000  0.0000000  0.0000000  0.0000000  0.0000000  1.0000000  0.0000000 
 0.0000000  0.0000000  0.0000000  0.0000000  0.0000000  0.0000000  1.0000000 

   444.4000000   105.1000000    33.4700000    12.3300000     4.8690000
     1.9610000     0.7834000     0.1888000     0.0555700     1.8110000
     4.8710000

 .16279E-2 -.28634E-3  0.0000000  0.0000000  0.0000000  0.0000000 
 .13069E-1 -.24231E-2  0.0000000  0.0000000  0.0000000  0.0000000 
 .61234E-1 -.10866E-1  0.0000000  0.0000000  0.0000000  0.0000000 
  .18787E0 -.36431E-1  0.0000000  0.0000000  0.0000000  0.0000000 
  .36045E0 -.64107E-1  0.0000000  0.0000000  0.0000000  0.0000000 
  .40845E0 -.97224E-1  0.0000000  0.0000000  0.0000000  0.0000000 
  .18864E0  .14744E-1  1.0000000  0.0000000  0.0000000  0.0000000 
 .97651E-2   .50345E0  0.0000000  0.0000000  0.0000000  0.0000000 
-.11506E-2   .59798E0  0.0000000  1.0000000  0.0000000  0.0000000 
 0.0000000  0.0000000  0.0000000  0.0000000  1.0000000  0.0000000 
 0.0000000  0.0000000  0.0000000  0.0000000  0.0000000  1.0000000 

     0.1090000     0.3330000     1.3580000     5.4870000

 1.0000000  0.0000000  0.0000000  0.0000000 
 0.0000000  1.0000000  0.0000000  0.0000000 
 0.0000000  0.0000000  1.0000000  0.0000000 
 0.0000000  0.0000000  0.0000000  1.0000000 

     0.2440000     1.4700000

 1.0000000  0.0000000 
 0.0000000  1.0000000 

SI:cc-pwCVTZ
EMSL BASIS SET LIBRARY

  4
    0    1    2    3
    7    6    4    2
   17   11    4    2

 254900.000000 38190.0000000  8690.0000000  2462.0000000   804.8000000
   291.3000000   113.6000000    46.7500000    19.8200000     7.7080000
     3.3400000     1.4020000     0.4387000     0.2070000     0.0794400
     1.3360000     8.2520000

  .6251E-4 -.16637E-4  .42626E-5  0.0000000  0.0000000  0.0000000  0.0000000 
 .48555E-3 -.12931E-3  .33106E-4  0.0000000  0.0000000  0.0000000  0.0000000 
 .25452E-2 -.67883E-3  .17402E-3  0.0000000  0.0000000  0.0000000  0.0000000 
 .10587E-1 -.28412E-2  .72757E-3  0.0000000  0.0000000  0.0000000  0.0000000 
 .36879E-1 -.10055E-1  .25833E-2  0.0000000  0.0000000  0.0000000  0.0000000 
  .10748E0 -.30577E-1  .78635E-2  0.0000000  0.0000000  0.0000000  0.0000000 
  .24794E0 -.77726E-1  .20216E-1  0.0000000  0.0000000  0.0000000  0.0000000 
  .39093E0  -.15424E0  .40732E-1  0.0000000  0.0000000  0.0000000  0.0000000 
  .30203E0  -.18037E0  .49936E-1  0.0000000  0.0000000  0.0000000  0.0000000 
 .55924E-1  .79822E-1  -.2494E-1  0.0000000  0.0000000  0.0000000  0.0000000 
-.40241E-2   .54744E0  -.19035E0  0.0000000  0.0000000  0.0000000  0.0000000 
 .25803E-2   .48012E0  -.31835E0  0.0000000  0.0000000  0.0000000  0.0000000 
-.10382E-2  .47485E-1  .94804E-1  1.0000000  0.0000000  0.0000000  0.0000000 
 .60793E-3   -.107E-1   .68118E0  0.0000000  0.0000000  0.0000000  0.0000000 
-.15402E-3  .21987E-2   .39567E0  0.0000000  1.0000000  0.0000000  0.0000000 
 0.0000000  0.0000000  0.0000000  0.0000000  0.0000000  1.0000000  0.0000000 
 0.0000000  0.0000000  0.0000000  0.0000000  0.0000000  0.0000000  1.0000000 

   481.5000000   113.9000000    36.2300000    13.3400000     5.2520000
     2.1200000     0.8561000     0.2528000     0.0788900     2.3110000
     5.9360000

 .19204E-2 -.40522E-3  0.0000000  0.0000000  0.0000000  0.0000000 
 .15355E-1  -.3359E-2  0.0000000  0.0000000  0.0000000  0.0000000 
 .71399E-1 -.15286E-1  0.0000000  0.0000000  0.0000000  0.0000000 
  .21305E0 -.48922E-1  0.0000000  0.0000000  0.0000000  0.0000000 
  .39035E0 -.85501E-1  0.0000000  0.0000000  0.0000000  0.0000000 
  .39372E0  -.11214E0  0.0000000  0.0000000  0.0000000  0.0000000 
  .13256E0  .61827E-1  1.0000000  0.0000000  0.0000000  0.0000000 
 .39563E-2   .55192E0  0.0000000  0.0000000  0.0000000  0.0000000 
 .33162E-3   .52349E0  0.0000000  1.0000000  0.0000000  0.0000000 
 0.0000000  0.0000000  0.0000000  0.0000000  1.0000000  0.0000000 
 0.0000000  0.0000000  0.0000000  0.0000000  0.0000000  1.0000000 

     0.1590000     0.4810000     1.8140000     7.2030000

 1.0000000  0.0000000  0.0000000  0.0000000 
 0.0000000  1.0000000  0.0000000  0.0000000 
 0.0000000  0.0000000  1.0000000  0.0000000 
 0.0000000  0.0000000  0.0000000  1.0000000 

     0.3360000     1.7630000

 1.0000000  0.0000000 
 0.0000000  1.0000000 

P:cc-pwCVTZ
EMSL BASIS SET LIBRARY

  4
    0    1    2    3
    7    6    4    2
   17   11    4    2

 312400.000000 46800.0000000 10650.0000000  3018.0000000   986.8000000
   357.4000000   139.6000000    57.6300000    24.6000000    10.1200000
     4.2830000     1.8050000     0.6158000     0.2782000     0.1055000
     1.7300000    10.0690000

 .57696E-4 -.15671E-4  .43063E-5  0.0000000  0.0000000  0.0000000  0.0000000 
  .4483E-3 -.12172E-3  .33419E-4  0.0000000  0.0000000  0.0000000  0.0000000 
 .23494E-2 -.63967E-3  .17588E-3  0.0000000  0.0000000  0.0000000  0.0000000 
 .97826E-2 -.26743E-2  .73434E-3  0.0000000  0.0000000  0.0000000  0.0000000 
 .34147E-1 -.94983E-2  .26178E-2  0.0000000  0.0000000  0.0000000  0.0000000 
   .1002E0 -.28935E-1  .79785E-2  0.0000000  0.0000000  0.0000000  0.0000000 
  .23437E0 -.74512E-1  .20794E-1  0.0000000  0.0000000  0.0000000  0.0000000 
  .38243E0  -.14994E0  .42445E-1  0.0000000  0.0000000  0.0000000  0.0000000 
  .31809E0  -.18947E0  .56344E-1  0.0000000  0.0000000  0.0000000  0.0000000 
 .70779E-1  .36327E-1 -.12736E-1  0.0000000  0.0000000  0.0000000  0.0000000 
 -.1818E-2   .52882E0   -.1965E0  0.0000000  0.0000000  0.0000000  0.0000000 
 .21618E-2   .51912E0  -.35356E0  0.0000000  0.0000000  0.0000000  0.0000000 
-.83474E-3  .60555E-1  .74141E-1  1.0000000  0.0000000  0.0000000  0.0000000 
  .4323E-3  -.9257E-2   .70091E0  0.0000000  0.0000000  0.0000000  0.0000000 
-.11425E-3  .21037E-2   .40474E0  0.0000000  1.0000000  0.0000000  0.0000000 
 0.0000000  0.0000000  0.0000000  0.0000000  0.0000000  1.0000000  0.0000000 
 0.0000000  0.0000000  0.0000000  0.0000000  0.0000000  0.0000000  1.0000000 

   504.9000000   119.4000000    37.9600000    13.9500000     5.4570000
     2.1770000     0.8010000     0.2877000     0.0971400     2.4010000
     6.0900000

 .23373E-2 -.55524E-3  0.0000000  0.0000000  0.0000000  0.0000000 
 .18541E-1 -.44591E-2  0.0000000  0.0000000  0.0000000  0.0000000 
 .84969E-1 -.20635E-1  0.0000000  0.0000000  0.0000000  0.0000000 
  .24462E0 -.61769E-1  0.0000000  0.0000000  0.0000000  0.0000000 
  .42277E0  -.10892E0  0.0000000  0.0000000  0.0000000  0.0000000 
  .36844E0   -.1056E0  0.0000000  0.0000000  0.0000000  0.0000000 
 .77273E-1   .15348E0  1.0000000  0.0000000  0.0000000  0.0000000 
  -.379E-2   .57698E0  0.0000000  0.0000000  0.0000000  0.0000000 
 .15994E-2   .42244E0  0.0000000  1.0000000  0.0000000  0.0000000 
 0.0000000  0.0000000  0.0000000  0.0000000  1.0000000  0.0000000 
 0.0000000  0.0000000  0.0000000  0.0000000  0.0000000  1.0000000 

     0.2160000     0.6520000     2.3280000     9.0970000

 1.0000000  0.0000000  0.0000000  0.0000000 
 0.0000000  1.0000000  0.0000000  0.0000000 
 0.0000000  0.0000000  1.0000000  0.0000000 
 0.0000000  0.0000000  0.0000000  1.0000000 

     0.4520000     2.1220000

 1.0000000  0.0000000 
 0.0000000  1.0000000 

S:cc-pwCVTZ
EMSL BASIS SET LIBRARY

  4
    0    1    2    3
    7    6    4    2
   17   11    4    2

 374100.000000 56050.0000000 12760.0000000  3615.0000000  1183.0000000
   428.8000000   167.8000000    69.4700000    29.8400000    12.7200000
     5.2440000     2.2190000     0.7767000     0.3490000     0.1322000
     2.1200000    11.9200000

 .54214E-4 -.14984E-4  .43507E-5  0.0000000  0.0000000  0.0000000  0.0000000 
 .42086E-3  -.1162E-3  .33714E-4  0.0000000  0.0000000  0.0000000  0.0000000 
  .2207E-2 -.61158E-3  .17767E-3  0.0000000  0.0000000  0.0000000  0.0000000 
 .91926E-2 -.25537E-2  .74112E-3  0.0000000  0.0000000  0.0000000  0.0000000 
 .32112E-1 -.90871E-2  .26459E-2  0.0000000  0.0000000  0.0000000  0.0000000 
 .94668E-1 -.27704E-1  .80749E-2  0.0000000  0.0000000  0.0000000  0.0000000 
  .22363E0 -.72002E-1  .21228E-1  0.0000000  0.0000000  0.0000000  0.0000000 
  .37439E0  -.14644E0  .43832E-1  0.0000000  0.0000000  0.0000000  0.0000000 
  .32911E0  -.19515E0  .61272E-1  0.0000000  0.0000000  0.0000000  0.0000000 
 .84704E-1  .81919E-2 -.36151E-2  0.0000000  0.0000000  0.0000000  0.0000000 
 .44085E-3    .5166E0  -.20451E0  0.0000000  0.0000000  0.0000000  0.0000000 
 .16483E-2   .54218E0  -.38187E0  0.0000000  0.0000000  0.0000000  0.0000000 
-.62233E-3  .68843E-1  .82684E-1  1.0000000  0.0000000  0.0000000  0.0000000 
 .30131E-3 -.91807E-2   .71415E0  0.0000000  0.0000000  0.0000000  0.0000000 
-.84129E-4  .22683E-2   .39379E0  0.0000000  1.0000000  0.0000000  0.0000000 
 0.0000000  0.0000000  0.0000000  0.0000000  0.0000000  1.0000000  0.0000000 
 0.0000000  0.0000000  0.0000000  0.0000000  0.0000000  0.0000000  1.0000000 

   574.4000000   135.8000000    43.1900000    15.8700000     6.2080000
     2.4830000     0.8688000     0.3229000     0.1098000     2.6590000
     6.6470000

 .24226E-2  -.6201E-3  0.0000000  0.0000000  0.0000000  0.0000000 
  .1928E-1 -.49388E-2  0.0000000  0.0000000  0.0000000  0.0000000 
  .8854E-1 -.23265E-1  0.0000000  0.0000000  0.0000000  0.0000000 
  .25465E0  -.6852E-1  0.0000000  0.0000000  0.0000000  0.0000000 
  .43398E0   -.1239E0  0.0000000  0.0000000  0.0000000  0.0000000 
  .35495E0  -.9695E-1  0.0000000  0.0000000  0.0000000  0.0000000 
 .61894E-1   .22822E0  1.0000000  0.0000000  0.0000000  0.0000000 
-.50298E-2   .56939E0  0.0000000  0.0000000  0.0000000  0.0000000 
 .20981E-2    .3663E0  0.0000000  1.0000000  0.0000000  0.0000000 
 0.0000000  0.0000000  0.0000000  0.0000000  1.0000000  0.0000000 
 0.0000000  0.0000000  0.0000000  0.0000000  0.0000000  1.0000000 

     0.2690000     0.8190000     2.8640000    11.0790000

 1.0000000  0.0000000  0.0000000  0.0000000 
 0.0000000  1.0000000  0.0000000  0.0000000 
 0.0000000  0.0000000  1.0000000  0.0000000 
 0.0000000  0.0000000  0.0000000  1.0000000 

     0.5570000     2.5280000

 1.0000000  0.0000000 
 0.0000000  1.0000000 

CL:cc-pwCVTZ
EMSL BASIS SET LIBRARY

  4
    0    1    2    3
    7    6    4    2
   17   11    4    2

 456100.000000 68330.0000000 15550.0000000  4405.0000000  1439.0000000
   520.4000000   203.1000000    83.9600000    36.2000000    15.8300000
     6.3340000     2.6940000     0.9768000     0.4313000     0.1625000
     2.5620000    13.9400000

 .49297E-4  -.1383E-4  .41855E-5  0.0000000  0.0000000  0.0000000  0.0000000 
 .38303E-3 -.10728E-3   .3244E-4  0.0000000  0.0000000  0.0000000  0.0000000 
 .20085E-2 -.56508E-3   .1711E-3  0.0000000  0.0000000  0.0000000  0.0000000 
 .83856E-2 -.23614E-2  .71418E-3  0.0000000  0.0000000  0.0000000  0.0000000 
  .2947E-1 -.84589E-2   .2567E-2  0.0000000  0.0000000  0.0000000  0.0000000 
 .87832E-1 -.25964E-1  .78855E-2  0.0000000  0.0000000  0.0000000  0.0000000 
  .21147E0 -.68636E-1  .21087E-1  0.0000000  0.0000000  0.0000000  0.0000000 
  .36536E0  -.14187E0  .44226E-1  0.0000000  0.0000000  0.0000000  0.0000000 
  .34088E0  -.19932E0  .65167E-1  0.0000000  0.0000000  0.0000000  0.0000000 
  .10213E0 -.19566E-1  .60301E-2  0.0000000  0.0000000  0.0000000  0.0000000 
 .31168E-2   .49974E0   -.2065E0  0.0000000  0.0000000  0.0000000  0.0000000 
 .10575E-2   .56374E0  -.40587E0  0.0000000  0.0000000  0.0000000  0.0000000 
  -.378E-3  .79032E-1  .75956E-1  1.0000000  0.0000000  0.0000000  0.0000000 
 .15614E-3 -.83509E-2   .72566E0  0.0000000  0.0000000  0.0000000  0.0000000 
-.51413E-4  .23246E-2   .39442E0  0.0000000  1.0000000  0.0000000  0.0000000 
 0.0000000  0.0000000  0.0000000  0.0000000  0.0000000  1.0000000  0.0000000 
 0.0000000  0.0000000  0.0000000  0.0000000  0.0000000  0.0000000  1.0000000 

   663.3000000   156.8000000    49.9800000    18.4200000     7.2400000
     2.9220000     1.0220000     0.3818000     0.1301000     3.1170000
     7.6930000

 .24045E-2 -.65214E-3  0.0000000  0.0000000  0.0000000  0.0000000 
 .19215E-1 -.51944E-2  0.0000000  0.0000000  0.0000000  0.0000000 
  .8851E-1 -.24694E-1  0.0000000  0.0000000  0.0000000  0.0000000 
  .25602E0 -.72817E-1  0.0000000  0.0000000  0.0000000  0.0000000 
  .43693E0  -.13403E0  0.0000000  0.0000000  0.0000000  0.0000000 
  .35033E0 -.94774E-1  0.0000000  0.0000000  0.0000000  0.0000000 
  .5855E-1   .26229E0  1.0000000  0.0000000  0.0000000  0.0000000 
-.45842E-2   .56467E0  0.0000000  0.0000000  0.0000000  0.0000000 
 .22697E-2   .34125E0  0.0000000  1.0000000  0.0000000  0.0000000 
 0.0000000  0.0000000  0.0000000  0.0000000  1.0000000  0.0000000 
 0.0000000  0.0000000  0.0000000  0.0000000  0.0000000  1.0000000 

     1.0460000     0.3440000     3.5370000    13.5060000

 1.0000000  0.0000000  0.0000000  0.0000000 
 0.0000000  1.0000000  0.0000000  0.0000000 
 0.0000000  0.0000000  1.0000000  0.0000000 
 0.0000000  0.0000000  0.0000000  1.0000000 

     0.7060000     3.0140000

 1.0000000  0.0000000 
 0.0000000  1.0000000 

AR:cc-pwCVTZ
EMSL BASIS SET LIBRARY

  4
    0    1    2    3
    7    6    4    2
   17   11    4    2

 545000.000000 81640.0000000 18580.0000000  5261.0000000  1717.0000000
   619.9000000   241.6000000    99.7900000    43.1500000    19.1400000
     7.4880000     3.2050000     1.1960000     0.5204000     0.1954000
     3.0470000    16.1210000

 .45583E-4 -.12955E-4  .40499E-5  0.0000000  0.0000000  0.0000000  0.0000000 
 .35411E-3 -.10043E-3  .31369E-4  0.0000000  0.0000000  0.0000000  0.0000000 
  .1858E-2 -.52958E-3  .16565E-3  0.0000000  0.0000000  0.0000000  0.0000000 
 .77685E-2  -.2214E-2  .69166E-3  0.0000000  0.0000000  0.0000000  0.0000000 
 .27423E-1 -.79684E-2  .24979E-2  0.0000000  0.0000000  0.0000000  0.0000000 
 .82384E-1  -.2458E-1  .77107E-2  0.0000000  0.0000000  0.0000000  0.0000000 
  .20123E0  -.6578E-1  .20871E-1  0.0000000  0.0000000  0.0000000  0.0000000 
  .35678E0  -.13794E0  .44396E-1  0.0000000  0.0000000  0.0000000  0.0000000 
  .34956E0  -.20163E0  .68022E-1  0.0000000  0.0000000  0.0000000  0.0000000 
  .11827E0 -.41283E-1  .14135E-1  0.0000000  0.0000000  0.0000000  0.0000000 
 .56019E-2   .48468E0  -.20749E0  0.0000000  0.0000000  0.0000000  0.0000000 
 .48347E-3   .57922E0  -.42504E0  0.0000000  0.0000000  0.0000000  0.0000000 
-.14808E-3  .87908E-1  .70486E-1  1.0000000  0.0000000  0.0000000  0.0000000 
 .29202E-4 -.72755E-2   .73363E0  0.0000000  0.0000000  0.0000000  0.0000000 
 -.2316E-4  .23288E-2     .396E0  0.0000000  1.0000000  0.0000000  0.0000000 
 0.0000000  0.0000000  0.0000000  0.0000000  0.0000000  1.0000000  0.0000000 
 0.0000000  0.0000000  0.0000000  0.0000000  0.0000000  0.0000000  1.0000000 

   761.8000000   180.2000000    57.5000000    21.2400000     8.3880000
     3.4160000     1.2060000     0.4523000     0.1545000     3.6590000
     8.9270000

 .23698E-2 -.66721E-3  0.0000000  0.0000000  0.0000000  0.0000000 
  .1902E-1 -.53272E-2  0.0000000  0.0000000  0.0000000  0.0000000 
 .88081E-1 -.25549E-1  0.0000000  0.0000000  0.0000000  0.0000000 
  .25638E0  -.7572E-1  0.0000000  0.0000000  0.0000000  0.0000000 
  .43871E0  -.14113E0  0.0000000  0.0000000  0.0000000  0.0000000 
  .34757E0 -.93277E-1  0.0000000  0.0000000  0.0000000  0.0000000 
 .56674E-1   .28287E0  1.0000000  0.0000000  0.0000000  0.0000000 
-.52388E-2   .56245E0  0.0000000  0.0000000  0.0000000  0.0000000 
 .16438E-2   .32506E0  0.0000000  1.0000000  0.0000000  0.0000000 
 0.0000000  0.0000000  0.0000000  0.0000000  1.0000000  0.0000000 
 0.0000000  0.0000000  0.0000000  0.0000000  0.0000000  1.0000000 

     0.4100000     1.2540000     4.1810000    15.8600000

 1.0000000  0.0000000  0.0000000  0.0000000 
 0.0000000  1.0000000  0.0000000  0.0000000 
 0.0000000  0.0000000  1.0000000  0.0000000 
 0.0000000  0.0000000  0.0000000  1.0000000 

     0.8900000     3.5720000

 1.0000000  0.0000000 
 0.0000000  1.0000000 




