!  cc-pVDZ(pt/sf/sc)  EMSL  Basis Set Exchange Library   3/19/13 4:04 PM
! Original cc- basis sets:
! T.H. Dunning, Jr. J. Chem. Phys. 90, 1007 (1989).
! D.E. Woon and T.H. Dunning, Jr. J. Chem. Phys. 100, 2975 (1994).
! T.H. Dunning, Jr. J. Chem. Phys. 90, 1007 (1989).
! D.E. Woon and T.H. Dunning, Jr.  (to be published)
! D.E. Woon and T.H. Dunning, Jr.  J. Chem. Phys. 98, 1358 (1993).
! Recontraction:
! K. G. Dyall, in preparation.
!   


H:cc-pVDZ(pt/sf/sc)
EMSL BASIS SET LIBRARY

  2
    0    1
    2    1
    4    1

 1.3010000E+01 1.9620000E+00 4.4460000E-01 1.2200000E-01

 .19686E-1       .0E0 
  .13798E0       .0E0 
  .47815E0       .0E0 
  .50123E0   .99997E0 

 7.2700000E-01

  .99993E0 

HE:cc-pVDZ(pt/sf/sc)
EMSL BASIS SET LIBRARY

  2
    0    1
    2    1
    4    1

 3.8360000E+01 5.7700000E+00 1.2400000E+00 2.9760000E-01

 .23813E-1       .0E0 
   .1549E0       .0E0 
  .46998E0       .0E0 
  .51299E0   .99993E0 

 1.2750000E+00

  .99987E0 

B:cc-pVDZ(pt/sf/sc)
EMSL BASIS SET LIBRARY

  3
    0    1    2
    3    2    1
    9    4    1

 4.5700000E+03 6.8590000E+02 1.5650000E+02 4.4470000E+01 1.4480000E+01
 5.1310000E+00 1.8980000E+00 3.3290000E-01 1.0430000E-01

 .69756E-3 -.13972E-3       .0E0 
 .53632E-2 -.10998E-2       .0E0 
 .27169E-1 -.54524E-2       .0E0 
  .10145E0 -.21942E-1       .0E0 
  .27211E0 -.59772E-1       .0E0 
   .4483E0  -.13878E0       .0E0 
  .28991E0  -.13121E0       .0E0 
 .14304E-1   .53996E0       .0E0 
-.34809E-2   .58028E0   .99998E0 

 6.0010000E+00 1.2410000E+00 3.3640000E-01 9.5380000E-02

 .35479E-1       .0E0 
  .19803E0       .0E0 
  .50512E0       .0E0 
   .4796E0   .99997E0 

 3.4300000E-01

  .99995E0 

C:cc-pVDZ(pt/sf/sc)
EMSL BASIS SET LIBRARY

  3
    0    1    2
    3    2    1
    9    4    1

 6.6650000E+03 1.0000000E+03 2.2800000E+02 6.4710000E+01 2.1060000E+01
 7.4950000E+00 2.7970000E+00 5.2150000E-01 1.5960000E-01

 .69464E-3 -.14703E-3       .0E0 
 .53438E-2 -.11608E-2       .0E0 
 .27128E-1 -.57503E-2       .0E0 
  .10183E0 -.23408E-1       .0E0 
  .27483E0 -.64108E-1       .0E0 
  .44846E0  -.15049E0       .0E0 
  .28473E0  -.12696E0       .0E0 
 .15106E-1   .54833E0       .0E0 
 -.3166E-2   .57687E0   .99997E0 

 9.4390000E+00 2.0020000E+00 5.4560000E-01 1.5170000E-01

 .37877E-1       .0E0 
  .20857E0       .0E0 
  .49698E0       .0E0 
  .48253E0   .99995E0 

 5.5000000E-01

  .99992E0 

N:cc-pVDZ(pt/sf/sc)
EMSL BASIS SET LIBRARY

  3
    0    1    2
    3    2    1
    9    4    1

 9.0460000E+03 1.3570000E+03 3.0930000E+02 8.7730000E+01 2.8560000E+01
 1.0210000E+01 3.8380000E+00 7.4660000E-01 2.2480000E-01

 .70315E-3 -.15422E-3       .0E0 
 .54099E-2 -.12192E-2       .0E0 
 .27478E-1 -.60351E-2       .0E0 
  .10337E0 -.24718E-1       .0E0 
  .27885E0 -.67759E-1       .0E0 
  .44843E0  -.15909E0       .0E0 
  .27773E0  -.12139E0       .0E0 
 .15256E-1   .55606E0       .0E0 
-.28178E-2   .57212E0   .99996E0 

 1.3550000E+01 2.9170000E+00 7.9730000E-01 2.1850000E-01

  .3961E-1       .0E0 
  .21601E0       .0E0 
  .49241E0       .0E0 
  .48333E0   .99992E0 

 8.1700000E-01

  .99989E0 

O:cc-pVDZ(pt/sf/sc)
EMSL BASIS SET LIBRARY

  3
    0    1    2
    3    2    1
    9    4    1

 1.1720000E+04 1.7590000E+03 4.0080000E+02 1.1370000E+02 3.7030000E+01
 1.3270000E+01 5.0250000E+00 1.0130000E+00 3.0230000E-01

 .71495E-3   -.161E-3       .0E0 
 .54973E-2 -.12723E-2       .0E0 
 .27931E-1 -.63015E-2       .0E0 
    .105E0 -.25832E-1       .0E0 
  .28322E0 -.71078E-1       .0E0 
  .44844E0  -.16579E0       .0E0 
  .27039E0  -.11612E0       .0E0 
 .15372E-1   .56007E0       .0E0 
-.25667E-2   .56996E0   .99994E0 

 1.7700000E+01 3.8540000E+00 1.0460000E+00 2.7530000E-01

 .42988E-1       .0E0 
  .22866E0       .0E0 
  .50493E0       .0E0 
  .46493E0    .9999E0 

 1.1850000E+00

  .99983E0 

F:cc-pVDZ(pt/sf/sc)
EMSL BASIS SET LIBRARY

  3
    0    1    2
    3    2    1
    9    4    1

 1.4710000E+04 2.2070000E+03 5.0280000E+02 1.4260000E+02 4.6470000E+01
 1.6700000E+01 6.3560000E+00 1.3160000E+00 3.8970000E-01

 .72677E-3 -.16688E-3       .0E0 
 .55877E-2 -.13186E-2       .0E0 
 .28388E-1 -.65333E-2       .0E0 
   .1067E0 -.26808E-1       .0E0 
  .28701E0 -.73819E-1       .0E0 
  .44824E0  -.17096E0       .0E0 
  .26409E0  -.11118E0       .0E0 
 .15269E-1   .56435E0       .0E0 
-.23205E-2   .56694E0   .99992E0 

 2.2670000E+01 4.9770000E+00 1.3470000E+00 3.4710000E-01

 .44929E-1       .0E0 
  .23573E0       .0E0 
  .50831E0       .0E0 
   .4581E0   .99987E0 

 1.6400000E+00

  .99977E0 

NE:cc-pVDZ(pt/sf/sc)
EMSL BASIS SET LIBRARY

  3
    0    1    2
    3    2    1
    9    4    1

 1.7880000E+04 2.6830000E+03 6.1150000E+02 1.7350000E+02 5.6640000E+01
 2.0420000E+01 7.8100000E+00 1.6530000E+00 4.8690000E-01

 .74491E-3 -.17363E-3       .0E0 
 .57206E-2 -.13705E-2       .0E0 
 .29035E-1 -.67863E-2       .0E0 
  .10886E0 -.27814E-1       .0E0 
  .29114E0 -.76377E-1       .0E0 
   .4478E0  -.17544E0       .0E0 
  .25721E0  -.10558E0       .0E0 
 .14987E-1   .56894E0       .0E0 
-.20872E-2   .56292E0    .9999E0 

 2.8390000E+01 6.2700000E+00 1.6950000E+00 4.3170000E-01

 .46159E-1       .0E0 
  .24021E0       .0E0 
  .50849E0       .0E0 
   .4556E0   .99983E0 

 2.2020000E+00

  .99969E0 

AL:cc-pVDZ(pt/sf/sc)
EMSL BASIS SET LIBRARY

  3
    0    1    2
    4    3    1
   12    8    1

 6.4150000E+04 9.6170000E+03 2.1890000E+03 6.2050000E+02 2.0270000E+02
 7.3150000E+01 2.8550000E+01 1.1770000E+01 3.3000000E+00 1.1730000E+00
 1.7520000E-01 6.4730000E-02

 .29571E-3 -.77507E-4  .17896E-4       .0E0 
 .22844E-2 -.59263E-3  .13671E-3       .0E0 
 .11776E-1 -.31272E-2   .7228E-3       .0E0 
 .47086E-1 -.12447E-1  .28752E-2       .0E0 
  .14687E0 -.42304E-1  .98383E-2       .0E0 
  .33044E0  -.10367E0  .24269E-1       .0E0 
  .41472E0  -.19629E0  .47438E-1       .0E0 
  .18815E0  -.8023E-1  .19741E-1       .0E0 
 .11491E-1   .54403E0   -.1603E0       .0E0 
-.12701E-2     .575E0  -.30955E0       .0E0 
 .42088E-3  .28243E-1   .62406E0       .0E0 
-.19644E-3 -.93341E-2   .51693E0   .99999E0 

 2.5880000E+02 6.0890000E+01 1.9140000E+01 6.8810000E+00 2.5740000E+00
 9.5720000E-01 2.0990000E-01 5.9860000E-02

 .41094E-2   -.755E-3       .0E0 
 .30822E-1 -.54797E-2       .0E0 
  .12936E0 -.24559E-1       .0E0 
   .3208E0 -.58148E-1       .0E0 
  .45337E0 -.98211E-1       .0E0 
  .27472E0 -.25791E-1       .0E0 
 .19027E-1   .46338E0       .0E0 
-.31792E-2    .6494E0   .99998E0 

 1.8900000E-01

  .99997E0 

SI:cc-pVDZ(pt/sf/sc)
EMSL BASIS SET LIBRARY

  3
    0    1    2
    4    3    1
   12    8    1

 7.8860000E+04 1.1820000E+04 2.6920000E+03 7.6340000E+02 2.4960000E+02
 9.0280000E+01 3.5290000E+01 1.4510000E+01 4.0530000E+00 1.4820000E+00
 2.5170000E-01 9.2430000E-02

  .2764E-3 -.74221E-4  .19018E-4       .0E0 
  .2134E-2 -.56723E-3  .14554E-3       .0E0 
 .10993E-1 -.29899E-2  .76613E-3       .0E0 
 .44063E-1 -.11922E-1  .30671E-2       .0E0 
  .13831E0 -.40668E-1  .10471E-1       .0E0 
  .31689E0  -.10098E0  .26407E-1       .0E0 
  .41734E0   -.1966E0  .52411E-1       .0E0 
  .20883E0 -.99141E-1  .28337E-1       .0E0 
 .14352E-1   .53098E0  -.18045E0       .0E0 
-.20117E-2   .58871E0  -.34437E0       .0E0 
 .61629E-3  .32504E-1   .63012E0       .0E0 
-.27863E-3 -.94973E-2   .53075E0   .99998E0 

 3.1590000E+02 7.4420000E+01 2.3480000E+01 8.4880000E+00 3.2170000E+00
 1.2290000E+00 2.9640000E-01 8.7680000E-02

 .39744E-2 -.86537E-3       .0E0 
  .3005E-1 -.62924E-2       .0E0 
  .12748E0 -.28797E-1       .0E0 
  .32094E0 -.68765E-1       .0E0 
  .45488E0  -.11968E0       .0E0 
  .26806E0 -.16493E-1       .0E0 
 .18822E-1   .49736E0       .0E0 
-.25591E-2   .61148E0   .99997E0 

 2.7500000E-01

  .99996E0 

P:cc-pVDZ(pt/sf/sc)
EMSL BASIS SET LIBRARY

  3
    0    1    2
    4    3    1
   12    8    1

 9.4840000E+04 1.4220000E+04 3.2360000E+03 9.1710000E+02 2.9950000E+02
 1.0810000E+02 4.2180000E+01 1.7280000E+01 4.8580000E+00 1.8180000E+00
 3.3720000E-01 1.2320000E-01

 .26202E-3 -.71819E-4  .19749E-4       .0E0 
 .20223E-2 -.54881E-3  .15137E-3       .0E0 
 .10433E-1 -.28954E-2  .79557E-3       .0E0 
 .41914E-1 -.11571E-1  .32029E-2       .0E0 
  .13273E0 -.39727E-1   .1096E-1       .0E0 
    .309E0  -.10008E0  .28222E-1       .0E0 
  .41928E0  -.19813E0  .56486E-1       .0E0 
  .22122E0   -.1111E0  .34934E-1       .0E0 
 .16215E-1   .52322E0  -.19692E0       .0E0 
-.25081E-2   .59649E0  -.36917E0       .0E0 
 .73767E-3  .35874E-1   .63462E0       .0E0 
-.32554E-3 -.94274E-2   .54178E0   .99998E0 

 3.7050000E+02 8.7330000E+01 2.7590000E+01 1.0000000E+01 3.8250000E+00
 1.4940000E+00 3.9210000E-01 1.1860000E-01

 .40064E-2 -.97121E-3       .0E0 
 .30452E-1  -.7103E-2       .0E0 
  .12988E0 -.32757E-1       .0E0 
  .32759E0 -.78633E-1       .0E0 
  .45625E0  -.13595E0       .0E0 
  .25242E0 -.25552E-2       .0E0 
 .17139E-1   .51594E0       .0E0 
-.16551E-2   .58774E0   .99996E0 

 3.7300000E-01

  .99995E0 

S:cc-pVDZ(pt/sf/sc)
EMSL BASIS SET LIBRARY

  3
    0    1    2
    4    3    1
   12    8    1

 1.1080000E+05 1.6610000E+04 3.7810000E+03 1.0710000E+03 3.4980000E+02
 1.2630000E+02 4.9260000E+01 2.0160000E+01 5.7200000E+00 2.1820000E+00
 4.3270000E-01 1.5700000E-01

 .25485E-3 -.71098E-4  .20613E-4       .0E0 
 .19651E-2 -.54294E-3  .15806E-3       .0E0 
 .10136E-1 -.28624E-2  .82886E-3       .0E0 
  .4078E-1 -.11461E-1  .33506E-2       .0E0 
  .12945E0 -.39378E-1  .11442E-1       .0E0 
  .30389E0  -.10002E0  .29839E-1       .0E0 
  .41992E0  -.19991E0  .59993E-1       .0E0 
  .22885E0  -.11902E0   .4009E-1       .0E0 
 .17667E-1   .51854E0  -.21109E0       .0E0 
 -.2931E-2   .60096E0  -.38858E0       .0E0 
 .83552E-3  .38609E-1   .64041E0       .0E0 
 -.3611E-3 -.91972E-2   .54934E0   .99997E0 

 3.9970000E+02 9.4190000E+01 2.9750000E+01 1.0770000E+01 4.1190000E+00
 1.6250000E+00 4.7260000E-01 1.4070000E-01

 .45474E-2 -.11815E-2       .0E0 
  .3443E-1 -.87196E-2       .0E0 
  .14466E0 -.39214E-1       .0E0 
  .35389E0 -.93294E-1       .0E0 
  .45819E0    -.148E0       .0E0 
   .2057E0  .32278E-1       .0E0 
 .10301E-1   .55632E0       .0E0 
 .57123E-4   .53907E0   .99995E0 

 4.7900000E-01

  .99993E0 

CL:cc-pVDZ(pt/sf/sc)
EMSL BASIS SET LIBRARY

  3
    0    1    2
    4    3    1
   12    8    1

 1.2790000E+05 1.9170000E+04 4.3630000E+03 1.2360000E+03 4.0360000E+02
 1.4570000E+02 5.6810000E+01 2.3230000E+01 6.6440000E+00 2.5750000E+00
 5.3710000E-01 1.9380000E-01

 .24913E-3 -.70577E-4  .21309E-4       .0E0 
 .19206E-2 -.53896E-3  .16353E-3       .0E0 
 .99017E-2 -.28389E-2  .85576E-3       .0E0 
 .39853E-1 -.11374E-1  .34677E-2       .0E0 
  .12689E0 -.39152E-1  .11839E-1       .0E0 
  .29984E0  -.10008E0  .31177E-1       .0E0 
  .42021E0   -.2016E0  .62939E-1       .0E0 
  .23498E0  -.12535E0  .44483E-1       .0E0 
 .18876E-1   .51562E0  -.22343E0       .0E0 
-.32928E-2   .60367E0  -.40333E0       .0E0 
 .91231E-3  .40954E-1   .64561E0       .0E0 
-.38811E-3 -.89568E-2   .55499E0   .99997E0 

 4.1760000E+02 9.8330000E+01 3.1040000E+01 1.1190000E+01 4.2490000E+00
 1.6240000E+00 5.3220000E-01 1.6200000E-01

 .53533E-2 -.14612E-2       .0E0 
 .40169E-1 -.10873E-1       .0E0 
  .16515E0  -.4714E-1       .0E0 
  .38723E0  -.11094E0       .0E0 
  .45596E0  -.15272E0       .0E0 
  .15096E0  .90257E-1       .0E0 
 .17181E-2    .5791E0       .0E0 
 .17523E-2   .48313E0   .99995E0 

 6.0000000E-01

  .99992E0 

AR:cc-pVDZ(pt/sf/sc)
EMSL BASIS SET LIBRARY

  3
    0    1    2
    4    3    1
   12    8    1

 1.4570000E+05 2.1840000E+04 4.9720000E+03 1.4080000E+03 4.5970000E+02
 1.6590000E+02 6.4690000E+01 2.6440000E+01 7.6280000E+00 2.9960000E+00
 6.5040000E-01 2.3370000E-01

 .24552E-3 -.70499E-4  .21984E-4       .0E0 
 .18901E-2  -.5377E-3  .16862E-3       .0E0 
 .97427E-2  -.2831E-2  .88113E-3       .0E0 
 .39225E-1 -.11349E-1  .35775E-2       .0E0 
  .12515E0 -.39115E-1  .12209E-1       .0E0 
  .29705E0  -.10044E0   .3239E-1       .0E0 
  .42022E0  -.20334E0  .65523E-1       .0E0 
  .23918E0  -.12997E0  .48108E-1       .0E0 
 .19725E-1   .51428E0  -.23466E0       .0E0 
-.35437E-2   .60487E0  -.41453E0       .0E0 
 .95485E-3  .42916E-1   .65036E0       .0E0 
-.40179E-3 -.86999E-2   .55921E0   .99996E0 

 4.5370000E+02 1.0680000E+02 3.3730000E+01 1.2130000E+01 4.5940000E+00
 1.6780000E+00 5.9090000E-01 1.8520000E-01

 .58187E-2 -.16387E-2       .0E0 
 .43453E-1 -.12291E-1       .0E0 
  .17718E0 -.52243E-1       .0E0 
  .40672E0  -.12363E0       .0E0 
  .45116E0  -.15083E0       .0E0 
  .12208E0   .14337E0       .0E0 
-.45393E-2   .58402E0       .0E0 
 .18917E-2   .43732E0   .99994E0 

 7.3800000E-01

   .9999E0 

GA:cc-pVDZ(pt/sf/sc)
EMSL BASIS SET LIBRARY

  3
    0    1    2
    5    4    2
   14   11    6

 4.8513000E+05 7.2719000E+04 1.6552000E+04 4.6878000E+03 1.5291000E+03
 5.5181000E+02 2.1518000E+02 8.8174000E+01 2.7154000E+01 1.1503000E+01
 3.3018000E+00 1.3314000E+00 1.9316000E-01 7.0895000E-02

   .231E-3  -.7345E-4   .2807E-4 -.65791E-5       .0E0 
 .17551E-2 -.55363E-3  .21264E-3 -.49884E-4       .0E0 
 .89289E-2 -.28723E-2  .10961E-2 -.25682E-3       .0E0 
 .35693E-1 -.11448E-1  .44211E-2 -.10381E-2       .0E0 
  .11432E0 -.39423E-1  .15115E-1  -.3543E-2       .0E0 
  .27757E0   -.1034E0  .40972E-1 -.96561E-2       .0E0 
  .41641E0  -.21577E0  .86267E-1 -.20324E-1       .0E0 
  .26563E0  -.15671E0  .71763E-1 -.17283E-1       .0E0 
 .26995E-1   .50796E0  -.31579E0  .79231E-1       .0E0 
-.59605E-2   .60616E0  -.50165E0   .13085E0       .0E0 
 .19371E-2  .62865E-1    .6236E0  -.20557E0       .0E0 
-.86866E-3 -.11051E-1   .63834E0  -.33977E0       .0E0 
 .20981E-3  .24668E-2  .24054E-1     .669E0       .0E0 
-.96296E-4 -.11172E-2 -.80617E-2   .47981E0   .99999E0 

 3.2486000E+03 7.6997000E+02 2.4820000E+02 9.3364000E+01 3.8251000E+01
 1.6422000E+01 6.7918000E+00 2.8336000E+00 1.1062000E+00 2.2250000E-01
 6.1772000E-02

 .16717E-2 -.63962E-3  .10583E-3       .0E0 
 .13413E-1  -.5148E-2  .83687E-3       .0E0 
 .65132E-1  -.2568E-1  .42697E-2       .0E0 
  .20883E0 -.85444E-1  .13928E-1       .0E0 
  .40867E0  -.18033E0  .30672E-1       .0E0 
  .38662E0    -.154E0  .23427E-1       .0E0 
 .99819E-1   .24269E0 -.43779E-1       .0E0 
 -.1052E-2   .58256E0  -.12935E0       .0E0 
 .15025E-2   .32914E0 -.45202E-1       .0E0 
-.74689E-3  .16644E-1   .45896E0       .0E0 
-.13689E-3 -.30261E-2   .66238E0   .99998E0 

 6.5337000E+01 1.8497000E+01 6.3150000E+00 2.1635000E+00 6.6675000E-01
 1.8840000E-01

 .27258E-1       .0E0 
  .15006E0       .0E0 
  .37156E0       .0E0 
   .4766E0       .0E0 
  .28882E0       .0E0 
 .31081E-1   .99991E0 

GE:cc-pVDZ(pt/sf/sc)
EMSL BASIS SET LIBRARY

  3
    0    1    2
    5    4    2
   14   11    6

 5.2180000E+05 7.8214000E+04 1.7803000E+04 5.0419000E+03 1.6445000E+03
 5.9343000E+02 2.3136000E+02 9.4762000E+01 2.9274000E+01 1.2450000E+01
 3.6463000E+00 1.5025000E+00 2.4503000E-01 9.1594000E-02

 .23013E-3 -.73529E-4  .28398E-4 -.73278E-5       .0E0 
 .17461E-2 -.55355E-3  .21476E-3 -.55447E-4       .0E0 
 .88716E-2 -.28676E-2  .11061E-2 -.28539E-3       .0E0 
 .35434E-1 -.11422E-1  .44547E-2 -.11509E-2       .0E0 
  .11347E0 -.39303E-1  .15236E-1  -.3934E-2       .0E0 
  .27591E0  -.10319E0  .41284E-1 -.10702E-1       .0E0 
  .41596E0  -.21578E0  .87312E-1 -.22682E-1       .0E0 
  .26781E0  -.15852E0  .73029E-1 -.19304E-1       .0E0 
 .27707E-1   .50448E0  -.31698E0  .87539E-1       .0E0 
-.62186E-2   .60766E0  -.51028E0   .14794E0       .0E0 
 .21001E-2  .65989E-1   .60404E0  -.22343E0       .0E0 
-.96902E-3 -.11832E-1   .65818E0   -.3862E0       .0E0 
  .2479E-3  .27397E-2  .27514E-1   .69057E0       .0E0 
-.11092E-3 -.12112E-2  -.8541E-2   .47946E0   .99999E0 

 3.5681000E+03 8.4572000E+02 2.7274000E+02 1.0268000E+02 4.2148000E+01
 1.8149000E+01 7.5934000E+00 3.1964000E+00 1.2743000E+00 2.8258000E-01
 8.4090000E-02

   .161E-2 -.62505E-3  .12381E-3       .0E0 
  .1291E-1  -.5033E-2  .97742E-3       .0E0 
 .62903E-1 -.25151E-1  .50084E-2       .0E0 
  .20326E0 -.84453E-1  .16447E-1       .0E0 
  .40339E0  -.18028E0  .36789E-1       .0E0 
  .39138E0  -.16147E0  .29333E-1       .0E0 
  .10703E0   .22713E0 -.48899E-1       .0E0 
-.31038E-3   .58247E0  -.15876E0       .0E0 
 .15001E-2   .34001E0 -.54272E-1       .0E0 
-.79987E-3  .18664E-1   .49882E0       .0E0 
-.16469E-3 -.30885E-2   .62088E0   .99997E0 

 7.4762000E+01 2.1302000E+01 7.3436000E+00 2.5651000E+00 8.1970000E-01
 2.4700000E-01

 .25687E-1       .0E0 
  .14455E0       .0E0 
  .36802E0       .0E0 
  .48164E0       .0E0 
  .28112E0       .0E0 
 .26122E-1   .99989E0 

AS:cc-pVDZ(pt/sf/sc)
EMSL BASIS SET LIBRARY

  3
    0    1    2
    5    4    2
   14   11    6

 5.5958379E+05 8.3879330E+04 1.9092668E+04 5.4073925E+03 1.7637559E+03
 6.3645672E+02 2.4808843E+02 1.0157851E+02 3.1475513E+01 1.3437282E+01
 4.0086900E+00 1.6849290E+00 3.0001900E-01 1.1358700E-01

 .22959E-3 -.73702E-4  .28767E-4 -.79728E-5       .0E0 
 .17395E-2 -.55413E-3  .21719E-3 -.60206E-4       .0E0 
 .88259E-2 -.28661E-2  .11175E-2 -.30974E-3       .0E0 
 .35213E-1 -.11405E-1   .4493E-2 -.12461E-2       .0E0 
  .11273E0 -.39212E-1  .15369E-1 -.42644E-2       .0E0 
  .27442E0  -.10304E0  .41625E-1 -.11581E-1       .0E0 
  .41548E0   -.2158E0  .88363E-1 -.24691E-1       .0E0 
  .26973E0  -.16004E0  .74237E-1 -.21014E-1       .0E0 
 .28378E-1   .50129E0  -.31853E0  .94448E-1       .0E0 
-.64672E-2    .6089E0  -.51868E0     .163E0       .0E0 
 .22601E-2   .6896E-1   .58739E0  -.23797E0       .0E0 
-.10679E-2 -.12565E-1    .6754E0  -.42539E0       .0E0 
 .28353E-3  .29585E-2  .30741E-1   .70429E0       .0E0 
-.12383E-3 -.12799E-2 -.88819E-2   .48462E0   .99998E0 

 3.8863564E+03 9.2120201E+02 2.9719319E+02 1.1197508E+02 4.6034621E+01
 1.9874194E+01 8.3860880E+00 3.5587280E+00 1.4472820E+00 3.4777900E-01
 1.0769900E-01

  .1567E-2 -.61727E-3  .13797E-3       .0E0 
 .12553E-1 -.49692E-2  .10879E-2       .0E0 
 .61287E-1 -.24856E-1  .55867E-2       .0E0 
  .19918E0 -.84023E-1  .18453E-1       .0E0 
  .39938E0  -.18093E0   .4172E-1       .0E0 
   .3945E0  -.16726E0  .34311E-1       .0E0 
  .11252E0   .21706E0 -.52917E-1       .0E0 
 .25263E-3   .58264E0  -.18287E0       .0E0 
 .15021E-2   .34564E0 -.60829E-1       .0E0 
-.85136E-3  .20243E-1   .51985E0       .0E0 
-.20099E-3 -.29281E-2   .60017E0   .99997E0 

 8.4424234E+01 2.4181589E+01 8.4017770E+00 2.9805020E+00 9.7900300E-01
 3.0980000E-01

 .24486E-1       .0E0 
  .14036E0       .0E0 
  .36544E0       .0E0 
  .48577E0       .0E0 
  .27448E0       .0E0 
 .22736E-1   .99986E0 

SE:cc-pVDZ(pt/sf/sc)
EMSL BASIS SET LIBRARY

  3
    0    1    2
    5    4    2
   14   11    6

 5.9899000E+05 8.9783000E+04 2.0435000E+04 5.7869000E+03 1.8873000E+03
 6.8097000E+02 2.6539000E+02 1.0863000E+02 3.3760000E+01 1.4465000E+01
 4.3890000E+00 1.8783000E+00 3.5859000E-01 1.3649000E-01

 .22912E-3 -.73886E-4  .29139E-4 -.85496E-5       .0E0 
 .17335E-2 -.55481E-3  .21965E-3 -.64439E-4       .0E0 
 .87842E-2 -.28656E-2  .11291E-2 -.33136E-3       .0E0 
 .35015E-1 -.11394E-1  .45332E-2 -.13303E-2       .0E0 
  .11206E0 -.39143E-1  .15508E-1 -.45571E-2       .0E0 
  .27306E0  -.10292E0  .41981E-1 -.12356E-1       .0E0 
  .41498E0  -.21584E0  .89396E-1 -.26477E-1       .0E0 
  .27146E0  -.16134E0  .75382E-1 -.22536E-1       .0E0 
 .29011E-1   .49837E0   -.3203E0   .10054E0       .0E0 
-.67048E-2   .60992E0  -.52674E0    .1767E0       .0E0 
 .24156E-2  .71766E-1   .57312E0  -.25036E0       .0E0 
-.11642E-2 -.13243E-1   .69047E0  -.46038E0       .0E0 
 .31609E-3  .31266E-2  .33728E-1   .71776E0       .0E0 
 -.1345E-3 -.13227E-2 -.90731E-2   .48889E0   .99998E0 

 4.1356000E+03 9.8034000E+02 3.1635000E+02 1.1925000E+02 4.9068000E+01
 2.1212000E+01 8.9462000E+00 3.8236000E+00 1.5883000E+00 4.0969000E-01
 1.2459000E-01

 .15808E-2  -.6319E-3  .15408E-3       .0E0 
 .12635E-1 -.50748E-2  .12139E-2       .0E0 
 .61618E-1 -.25368E-1  .62208E-2       .0E0 
  .20009E0 -.85689E-1  .20576E-1       .0E0 
   .4003E0  -.18437E0  .46396E-1       .0E0 
  .39305E0   -.1677E0  .37633E-1       .0E0 
  .11117E0   .22583E0 -.61342E-1       .0E0 
-.22446E-3   .58481E0  -.20374E0       .0E0 
 .15862E-2   .33334E0 -.59846E-1       .0E0 
-.92248E-3  .19416E-1   .55925E0       .0E0 
-.24643E-3 -.21605E-2   .56864E0   .99996E0 

 9.4472000E+01 2.7180000E+01 9.5068000E+00 3.4168000E+00 1.1479000E+00
 3.6820000E-01

 .23487E-1       .0E0 
  .13682E0       .0E0 
  .36316E0       .0E0 
  .48903E0       .0E0 
  .26947E0       .0E0 
 .20501E-1   .99984E0 

BR:cc-pVDZ(pt/sf/sc)
EMSL BASIS SET LIBRARY

  3
    0    1    2
    5    4    2
   14   11    6

 6.4010000E+05 9.5938000E+04 2.1833000E+04 6.1819000E+03 2.0157000E+03
 7.2710000E+02 2.8328000E+02 1.1591000E+02 3.6124000E+01 1.5532000E+01
 4.7857000E+00 2.0817000E+00 4.2028000E-01 1.6069000E-01

 .22868E-3 -.74076E-4  .29507E-4 -.90646E-5       .0E0 
 .17278E-2 -.55553E-3  .22209E-3 -.68196E-4       .0E0 
 .87447E-2 -.28654E-2  .11405E-2 -.35049E-3       .0E0 
 .34824E-1 -.11383E-1  .45728E-2 -.14044E-2       .0E0 
  .11144E0 -.39084E-1  .15646E-1 -.48156E-2       .0E0 
  .27182E0  -.10283E0  .42342E-1  -.1304E-1       .0E0 
  .41452E0   -.2159E0  .90413E-1  -.2807E-1       .0E0 
  .27301E0  -.16242E0  .76449E-1 -.23874E-1       .0E0 
 .29593E-1   .49579E0  -.32231E0   .10592E0       .0E0 
-.69242E-2   .61067E0  -.53433E0   .18916E0       .0E0 
 .25623E-2  .74399E-1   .56117E0  -.26142E0       .0E0 
-.12556E-2 -.13883E-1   .70341E0  -.49064E0       .0E0 
 .34613E-3  .32658E-2  .36513E-1   .72842E0       .0E0 
-.14386E-3 -.13557E-2 -.91981E-2   .49399E0   .99997E0 

 4.3408000E+03 1.0289000E+03 3.3202000E+02 1.2516000E+02 5.1511000E+01
 2.2281000E+01 9.3417000E+00 4.0132000E+00 1.7002000E+00 4.7194000E-01
 1.4421000E-01

  .1627E-2 -.65975E-3   .1722E-3       .0E0 
  .1297E-1 -.52808E-2  .13539E-2       .0E0 
 .63081E-1 -.26367E-1  .69223E-2       .0E0 
  .20401E0 -.88659E-1  .22835E-1       .0E0 
  .40416E0   -.1895E0   .5109E-1       .0E0 
  .38875E0  -.16453E0  .39377E-1       .0E0 
  .10589E0   .24671E0  -.7318E-1       .0E0 
  -.133E-2   .58876E0   -.2244E0       .0E0 
 .17475E-2   .30876E0 -.48267E-1       .0E0 
  -.102E-2  .17386E-1   .58441E0       .0E0 
-.28041E-3  -.1273E-2   .54464E0   .99995E0 

 1.0483000E+02 3.0272000E+01 1.0649000E+01 3.8696000E+00 1.3239000E+00
 4.0980000E-01

 .22679E-1       .0E0 
  .13396E0       .0E0 
  .36144E0       .0E0 
   .4917E0       .0E0 
  .26544E0       .0E0 
 .18764E-1   .99981E0 

KR:cc-pVDZ(pt/sf/sc)
EMSL BASIS SET LIBRARY

  3
    0    1    2
    5    4    2
   14   11    6

 6.8135882E+05 1.0212648E+05 2.3243710E+04 6.5820073E+03 2.1464286E+03
 7.7433782E+02 3.0167020E+02 1.2341184E+02 3.8567551E+01 1.6637379E+01
 5.1987950E+00 2.2948140E+00 4.8521100E-01 1.8627000E-01

 .22894E-3 -.74483E-4  .29955E-4 -.95596E-5       .0E0 
 .17269E-2 -.55771E-3  .22506E-3 -.71772E-4       .0E0 
 .87255E-2 -.28716E-2  .11541E-2  -.3685E-3       .0E0 
 .34699E-1 -.11393E-1  .46193E-2 -.14731E-2       .0E0 
  .11094E0 -.39069E-1  .15795E-1 -.50523E-2       .0E0 
  .27069E0  -.10278E0   .4271E-1 -.13656E-1       .0E0 
  .41397E0  -.21596E0  .91391E-1 -.29508E-1       .0E0 
  .27432E0  -.16325E0  .77409E-1 -.25059E-1       .0E0 
 .30134E-1   .49356E0  -.32452E0   .11078E0       .0E0 
-.71322E-2   .61116E0  -.54142E0   .20062E0       .0E0 
 .27033E-2  .76828E-1   .55124E0  -.27163E0       .0E0 
-.13436E-2 -.14471E-1   .71451E0   -.5171E0       .0E0 
  .3744E-3  .33792E-2  .39115E-1   .73727E0       .0E0 
-.15234E-3 -.13806E-2 -.92767E-2   .49926E0   .99997E0 

 4.4742699E+03 1.0605790E+03 3.4220812E+02 1.2899842E+02 5.3087222E+01
 2.2959425E+01 9.5073000E+00 4.0830550E+00 1.7504460E+00 5.2919000E-01
 1.6436900E-01

 .17209E-2 -.70795E-3  .19394E-3       .0E0 
  .1367E-1 -.56393E-2  .15205E-2       .0E0 
 .66133E-1 -.28082E-1  .77399E-2       .0E0 
  .21183E0 -.93429E-1  .25329E-1       .0E0 
  .41137E0  -.19679E0   .5574E-1       .0E0 
   .3802E0  -.15586E0  .38764E-1       .0E0 
 .96008E-1   .28433E0 -.90875E-1       .0E0 
-.28747E-2   .59545E0  -.24424E0       .0E0 
 .19424E-2   .26681E0 -.20546E-1       .0E0 
-.11254E-2  .12382E-1   .60374E0       .0E0 
 -.2957E-3 -.88781E-3   .51953E0   .99995E0 

 1.1552532E+02 3.3465246E+01 1.1830459E+01 4.3397710E+00 1.5075240E+00
 5.0300000E-01

 .22005E-1       .0E0 
  .13162E0       .0E0 
  .36003E0       .0E0 
  .49432E0       .0E0 
  .26055E0       .0E0 
 .17344E-1   .99979E0 




