!  cc-pVDZ-RI  EMSL  Basis Set Exchange Library   3/19/13 4:22 PM
! Elements                             References
! --------                             ----------
! H He B C N O F Ne: Weigend, Kohn, Hattig, Efficient use of the correlation consistent basis sets in resolution of the identity MP2 calculations, The Journal of Chemical Physics 116, 3175 (2002).
! C N O F: Hattig, Optimization of auxiliary basis sets for RI-MP2 and RI-CC2 calculations: Core-valence and quintuple-? basis sets for H to Ar and QZVPP basis sets for Li to Kr, Physical Chemistry Chemical Physics 7, 59 (2005).
! 



H:cc-pVDZ-RI
EMSL BASIS SET LIBRARY

  3
    0    1    2
    3    2    1
    3    2    1

  5.1158895200  1.1429652800 0.29166153000

 1.0000000  0.0000000  0.0000000 
 0.0000000  1.0000000  0.0000000 
 0.0000000  0.0000000  1.0000000 

  1.9149640300 0.98640124000

 1.0000000  0.0000000 
 0.0000000  1.0000000 

  1.1720834700

 1.0000000 

HE:cc-pVDZ-RI
EMSL BASIS SET LIBRARY

  2
    0    1
    3    2
    3    2

  16.985710431  3.5895822131 0.56732036282

 1.0000000  0.0000000  0.0000000 
 0.0000000  1.0000000  0.0000000 
 0.0000000  0.0000000  1.0000000 

  5.1632496043  1.8631232694

 1.0000000  0.0000000 
 0.0000000  1.0000000 

LI:cc-pVDZ-RI
EMSL BASIS SET LIBRARY

  4
    0    1    2    3
    7    5    4    2
    7    5    4    2

  30.407500000  7.5880500000  2.5668000000 0.78733600000 0.34535400000
 0.16047400000    .923455E-1

 1.0000000  0.0000000  0.0000000  0.0000000  0.0000000  0.0000000  0.0000000 
 0.0000000  1.0000000  0.0000000  0.0000000  0.0000000  0.0000000  0.0000000 
 0.0000000  0.0000000  1.0000000  0.0000000  0.0000000  0.0000000  0.0000000 
 0.0000000  0.0000000  0.0000000  1.0000000  0.0000000  0.0000000  0.0000000 
 0.0000000  0.0000000  0.0000000  0.0000000  1.0000000  0.0000000  0.0000000 
 0.0000000  0.0000000  0.0000000  0.0000000  0.0000000  1.0000000  0.0000000 
 0.0000000  0.0000000  0.0000000  0.0000000  0.0000000  0.0000000  1.0000000 

  6.7159800000  2.3326400000 0.77280900000 0.18373900000    .783946E-1

 1.0000000  0.0000000  0.0000000  0.0000000  0.0000000 
 0.0000000  1.0000000  0.0000000  0.0000000  0.0000000 
 0.0000000  0.0000000  1.0000000  0.0000000  0.0000000 
 0.0000000  0.0000000  0.0000000  1.0000000  0.0000000 
 0.0000000  0.0000000  0.0000000  0.0000000  1.0000000 

  1.4928400000 0.57526700000 0.24152100000 0.14201500000

 1.0000000  0.0000000  0.0000000  0.0000000 
 0.0000000  1.0000000  0.0000000  0.0000000 
 0.0000000  0.0000000  1.0000000  0.0000000 
 0.0000000  0.0000000  0.0000000  1.0000000 

  1.6177500000 0.36163100000

 1.0000000  0.0000000 
 0.0000000  1.0000000 

BE:cc-pVDZ-RI
EMSL BASIS SET LIBRARY

  4
    0    1    2    3
    7    5    4    2
    7    5    4    2

  41.874600000  8.5121700000  3.1068500000  1.0695000000 0.43143000000
 0.21334900000 0.12417500000

 1.0000000  0.0000000  0.0000000  0.0000000  0.0000000  0.0000000  0.0000000 
 0.0000000  1.0000000  0.0000000  0.0000000  0.0000000  0.0000000  0.0000000 
 0.0000000  0.0000000  1.0000000  0.0000000  0.0000000  0.0000000  0.0000000 
 0.0000000  0.0000000  0.0000000  1.0000000  0.0000000  0.0000000  0.0000000 
 0.0000000  0.0000000  0.0000000  0.0000000  1.0000000  0.0000000  0.0000000 
 0.0000000  0.0000000  0.0000000  0.0000000  0.0000000  1.0000000  0.0000000 
 0.0000000  0.0000000  0.0000000  0.0000000  0.0000000  0.0000000  1.0000000 

  9.7600700000  2.6405800000 0.78890500000 0.31649200000 0.12601900000

 1.0000000  0.0000000  0.0000000  0.0000000  0.0000000 
 0.0000000  1.0000000  0.0000000  0.0000000  0.0000000 
 0.0000000  0.0000000  1.0000000  0.0000000  0.0000000 
 0.0000000  0.0000000  0.0000000  1.0000000  0.0000000 
 0.0000000  0.0000000  0.0000000  0.0000000  1.0000000 

  2.3136900000 0.70008600000 0.35364200000 0.17000800000

 1.0000000  0.0000000  0.0000000  0.0000000 
 0.0000000  1.0000000  0.0000000  0.0000000 
 0.0000000  0.0000000  1.0000000  0.0000000 
 0.0000000  0.0000000  0.0000000  1.0000000 

  2.0221900000 0.45203900000

 1.0000000  0.0000000 
 0.0000000  1.0000000 

B:cc-pVDZ-RI
EMSL BASIS SET LIBRARY

  4
    0    1    2    3
    7    5    4    2
    7    5    4    2

  53.624169220  10.647681740  4.0209077100  1.2037175100 0.55743169000
 0.26732426000 0.11742728000

 1.0000000  0.0000000  0.0000000  0.0000000  0.0000000  0.0000000  0.0000000 
 0.0000000  1.0000000  0.0000000  0.0000000  0.0000000  0.0000000  0.0000000 
 0.0000000  0.0000000  1.0000000  0.0000000  0.0000000  0.0000000  0.0000000 
 0.0000000  0.0000000  0.0000000  1.0000000  0.0000000  0.0000000  0.0000000 
 0.0000000  0.0000000  0.0000000  0.0000000  1.0000000  0.0000000  0.0000000 
 0.0000000  0.0000000  0.0000000  0.0000000  0.0000000  1.0000000  0.0000000 
 0.0000000  0.0000000  0.0000000  0.0000000  0.0000000  0.0000000  1.0000000 

  16.721776900  5.1153121300  1.3638755800 0.54219482000 0.21504896000

 1.0000000  0.0000000  0.0000000  0.0000000  0.0000000 
 0.0000000  1.0000000  0.0000000  0.0000000  0.0000000 
 0.0000000  0.0000000  1.0000000  0.0000000  0.0000000 
 0.0000000  0.0000000  0.0000000  1.0000000  0.0000000 
 0.0000000  0.0000000  0.0000000  0.0000000  1.0000000 

  2.4796791400 0.77325939000 0.37335687000 0.16785145000

 1.0000000  0.0000000  0.0000000  0.0000000 
 0.0000000  1.0000000  0.0000000  0.0000000 
 0.0000000  0.0000000  1.0000000  0.0000000 
 0.0000000  0.0000000  0.0000000  1.0000000 

  2.5277246200 0.56505305000

 1.0000000  0.0000000 
 0.0000000  1.0000000 

C:cc-pVDZ-RI
EMSL BASIS SET LIBRARY

  4
    0    1    2    3
    7    5    4    2
    7    5    4    2

  62.745300000  13.804500000  4.7727700000  1.5133300000 0.78269700000
 0.40907200000 0.20679600000

 1.0000000  0.0000000  0.0000000  0.0000000  0.0000000  0.0000000  0.0000000 
 0.0000000  1.0000000  0.0000000  0.0000000  0.0000000  0.0000000  0.0000000 
 0.0000000  0.0000000  1.0000000  0.0000000  0.0000000  0.0000000  0.0000000 
 0.0000000  0.0000000  0.0000000  1.0000000  0.0000000  0.0000000  0.0000000 
 0.0000000  0.0000000  0.0000000  0.0000000  1.0000000  0.0000000  0.0000000 
 0.0000000  0.0000000  0.0000000  0.0000000  0.0000000  1.0000000  0.0000000 
 0.0000000  0.0000000  0.0000000  0.0000000  0.0000000  0.0000000  1.0000000 

  20.885100000  6.0052300000  1.7206000000 0.75446500000 0.32166700000

 1.0000000  0.0000000  0.0000000  0.0000000  0.0000000 
 0.0000000  1.0000000  0.0000000  0.0000000  0.0000000 
 0.0000000  0.0000000  1.0000000  0.0000000  0.0000000 
 0.0000000  0.0000000  0.0000000  1.0000000  0.0000000 
 0.0000000  0.0000000  0.0000000  0.0000000  1.0000000 

  10.171500000  2.6784400000 0.92251500000 0.34084200000

 1.0000000  0.0000000  0.0000000  0.0000000 
 0.0000000  1.0000000  0.0000000  0.0000000 
 0.0000000  0.0000000  1.0000000  0.0000000 
 0.0000000  0.0000000  0.0000000  1.0000000 

  2.7429300000 0.89575600000

 1.0000000  0.0000000 
 0.0000000  1.0000000 

N:cc-pVDZ-RI
EMSL BASIS SET LIBRARY

  4
    0    1    2    3
    7    5    4    2
    7    5    4    2

  87.686400000  20.467900000  7.6243600000  2.3442600000  1.1232400000
 0.72353900000 0.32726100000

 1.0000000  0.0000000  0.0000000  0.0000000  0.0000000  0.0000000  0.0000000 
 0.0000000  1.0000000  0.0000000  0.0000000  0.0000000  0.0000000  0.0000000 
 0.0000000  0.0000000  1.0000000  0.0000000  0.0000000  0.0000000  0.0000000 
 0.0000000  0.0000000  0.0000000  1.0000000  0.0000000  0.0000000  0.0000000 
 0.0000000  0.0000000  0.0000000  0.0000000  1.0000000  0.0000000  0.0000000 
 0.0000000  0.0000000  0.0000000  0.0000000  0.0000000  1.0000000  0.0000000 
 0.0000000  0.0000000  0.0000000  0.0000000  0.0000000  0.0000000  1.0000000 

  29.237300000  8.5529900000  2.5336400000  1.0946100000 0.46110400000

 1.0000000  0.0000000  0.0000000  0.0000000  0.0000000 
 0.0000000  1.0000000  0.0000000  0.0000000  0.0000000 
 0.0000000  0.0000000  1.0000000  0.0000000  0.0000000 
 0.0000000  0.0000000  0.0000000  1.0000000  0.0000000 
 0.0000000  0.0000000  0.0000000  0.0000000  1.0000000 

  12.327800000  3.4281600000  1.2853700000 0.47785000000

 1.0000000  0.0000000  0.0000000  0.0000000 
 0.0000000  1.0000000  0.0000000  0.0000000 
 0.0000000  0.0000000  1.0000000  0.0000000 
 0.0000000  0.0000000  0.0000000  1.0000000 

  3.4011800000  1.3347300000

 1.0000000  0.0000000 
 0.0000000  1.0000000 

O:cc-pVDZ-RI
EMSL BASIS SET LIBRARY

  4
    0    1    2    3
    7    5    4    2
    7    5    4    2

  109.46100000  25.578000000  9.5514800000  2.9396000000  1.3963800000
 0.90506100000 0.42137600000

 1.0000000  0.0000000  0.0000000  0.0000000  0.0000000  0.0000000  0.0000000 
 0.0000000  1.0000000  0.0000000  0.0000000  0.0000000  0.0000000  0.0000000 
 0.0000000  0.0000000  1.0000000  0.0000000  0.0000000  0.0000000  0.0000000 
 0.0000000  0.0000000  0.0000000  1.0000000  0.0000000  0.0000000  0.0000000 
 0.0000000  0.0000000  0.0000000  0.0000000  1.0000000  0.0000000  0.0000000 
 0.0000000  0.0000000  0.0000000  0.0000000  0.0000000  1.0000000  0.0000000 
 0.0000000  0.0000000  0.0000000  0.0000000  0.0000000  0.0000000  1.0000000 

  36.129200000  10.881700000  3.2059400000  1.4038700000 0.61276300000

 1.0000000  0.0000000  0.0000000  0.0000000  0.0000000 
 0.0000000  1.0000000  0.0000000  0.0000000  0.0000000 
 0.0000000  0.0000000  1.0000000  0.0000000  0.0000000 
 0.0000000  0.0000000  0.0000000  1.0000000  0.0000000 
 0.0000000  0.0000000  0.0000000  0.0000000  1.0000000 

  15.251100000  4.5208700000  1.8122100000 0.59220100000

 1.0000000  0.0000000  0.0000000  0.0000000 
 0.0000000  1.0000000  0.0000000  0.0000000 
 0.0000000  0.0000000  1.0000000  0.0000000 
 0.0000000  0.0000000  0.0000000  1.0000000 

  4.2219400000  1.7902100000

 1.0000000  0.0000000 
 0.0000000  1.0000000 

F:cc-pVDZ-RI
EMSL BASIS SET LIBRARY

  4
    0    1    2    3
    7    5    4    2
    7    5    4    2

  130.33700000  31.839300000  11.017900000  3.7067700000  1.7365700000
  1.0842400000 0.53659500000

 1.0000000  0.0000000  0.0000000  0.0000000  0.0000000  0.0000000  0.0000000 
 0.0000000  1.0000000  0.0000000  0.0000000  0.0000000  0.0000000  0.0000000 
 0.0000000  0.0000000  1.0000000  0.0000000  0.0000000  0.0000000  0.0000000 
 0.0000000  0.0000000  0.0000000  1.0000000  0.0000000  0.0000000  0.0000000 
 0.0000000  0.0000000  0.0000000  0.0000000  1.0000000  0.0000000  0.0000000 
 0.0000000  0.0000000  0.0000000  0.0000000  0.0000000  1.0000000  0.0000000 
 0.0000000  0.0000000  0.0000000  0.0000000  0.0000000  0.0000000  1.0000000 

  42.927100000  12.631400000  4.2579100000  1.9121800000 0.78673000000

 1.0000000  0.0000000  0.0000000  0.0000000  0.0000000 
 0.0000000  1.0000000  0.0000000  0.0000000  0.0000000 
 0.0000000  0.0000000  1.0000000  0.0000000  0.0000000 
 0.0000000  0.0000000  0.0000000  1.0000000  0.0000000 
 0.0000000  0.0000000  0.0000000  0.0000000  1.0000000 

  19.925300000  5.9666400000  2.4467800000 0.74369500000

 1.0000000  0.0000000  0.0000000  0.0000000 
 0.0000000  1.0000000  0.0000000  0.0000000 
 0.0000000  0.0000000  1.0000000  0.0000000 
 0.0000000  0.0000000  0.0000000  1.0000000 

  5.7541300000  2.4457900000

 1.0000000  0.0000000 
 0.0000000  1.0000000 

NE:cc-pVDZ-RI
EMSL BASIS SET LIBRARY

  4
    0    1    2    3
    7    5    4    2
    7    5    4    2

  164.92915503  38.124510400  11.056871790  4.1675023800  1.4806601700
 0.90165326000 0.59844563000

 1.0000000  0.0000000  0.0000000  0.0000000  0.0000000  0.0000000  0.0000000 
 0.0000000  1.0000000  0.0000000  0.0000000  0.0000000  0.0000000  0.0000000 
 0.0000000  0.0000000  1.0000000  0.0000000  0.0000000  0.0000000  0.0000000 
 0.0000000  0.0000000  0.0000000  1.0000000  0.0000000  0.0000000  0.0000000 
 0.0000000  0.0000000  0.0000000  0.0000000  1.0000000  0.0000000  0.0000000 
 0.0000000  0.0000000  0.0000000  0.0000000  0.0000000  1.0000000  0.0000000 
 0.0000000  0.0000000  0.0000000  0.0000000  0.0000000  0.0000000  1.0000000 

  53.854197730  15.694631650  5.2089260800  2.5530366200 0.95908051000

 1.0000000  0.0000000  0.0000000  0.0000000  0.0000000 
 0.0000000  1.0000000  0.0000000  0.0000000  0.0000000 
 0.0000000  0.0000000  1.0000000  0.0000000  0.0000000 
 0.0000000  0.0000000  0.0000000  1.0000000  0.0000000 
 0.0000000  0.0000000  0.0000000  0.0000000  1.0000000 

  22.371520270  7.4194818200  3.2614921300 0.91518501000

 1.0000000  0.0000000  0.0000000  0.0000000 
 0.0000000  1.0000000  0.0000000  0.0000000 
 0.0000000  0.0000000  1.0000000  0.0000000 
 0.0000000  0.0000000  0.0000000  1.0000000 

  7.8889440700  3.2850883500

 1.0000000  0.0000000 
 0.0000000  1.0000000 

NA:cc-pVDZ-RI
EMSL BASIS SET LIBRARY

  4
    0    1    2    3
    9    7    5    3
    9    7    5    3

  159.64600000  35.088600000  9.6806800000  5.6545900000  1.8323600000
 0.64024100000 0.32900700000 0.13060300000    .504624E-1

 1.0000000  0.0000000  0.0000000  0.0000000  0.0000000  0.0000000  0.0000000 
 0.0000000  0.0000000 
 0.0000000  1.0000000  0.0000000  0.0000000  0.0000000  0.0000000  0.0000000 
 0.0000000  0.0000000 
 0.0000000  0.0000000  1.0000000  0.0000000  0.0000000  0.0000000  0.0000000 
 0.0000000  0.0000000 
 0.0000000  0.0000000  0.0000000  1.0000000  0.0000000  0.0000000  0.0000000 
 0.0000000  0.0000000 
 0.0000000  0.0000000  0.0000000  0.0000000  1.0000000  0.0000000  0.0000000 
 0.0000000  0.0000000 
 0.0000000  0.0000000  0.0000000  0.0000000  0.0000000  1.0000000  0.0000000 
 0.0000000  0.0000000 
 0.0000000  0.0000000  0.0000000  0.0000000  0.0000000  0.0000000  1.0000000 
 0.0000000  0.0000000 
 0.0000000  0.0000000  0.0000000  0.0000000  0.0000000  0.0000000  0.0000000 
 1.0000000  0.0000000 
 0.0000000  0.0000000  0.0000000  0.0000000  0.0000000  0.0000000  0.0000000 
 0.0000000  1.0000000 

  51.309100000  5.3407900000  1.7279700000 0.90860800000 0.41030900000
 0.10245100000    .616833E-1

 1.0000000  0.0000000  0.0000000  0.0000000  0.0000000  0.0000000  0.0000000 
 0.0000000  1.0000000  0.0000000  0.0000000  0.0000000  0.0000000  0.0000000 
 0.0000000  0.0000000  1.0000000  0.0000000  0.0000000  0.0000000  0.0000000 
 0.0000000  0.0000000  0.0000000  1.0000000  0.0000000  0.0000000  0.0000000 
 0.0000000  0.0000000  0.0000000  0.0000000  1.0000000  0.0000000  0.0000000 
 0.0000000  0.0000000  0.0000000  0.0000000  0.0000000  1.0000000  0.0000000 
 0.0000000  0.0000000  0.0000000  0.0000000  0.0000000  0.0000000  1.0000000 

  16.944000000  4.7052200000  1.0892500000 0.52861400000 0.15541600000

 1.0000000  0.0000000  0.0000000  0.0000000  0.0000000 
 0.0000000  1.0000000  0.0000000  0.0000000  0.0000000 
 0.0000000  0.0000000  1.0000000  0.0000000  0.0000000 
 0.0000000  0.0000000  0.0000000  1.0000000  0.0000000 
 0.0000000  0.0000000  0.0000000  0.0000000  1.0000000 

  2.3149700000 0.68295600000 0.27357000000

 1.0000000  0.0000000  0.0000000 
 0.0000000  1.0000000  0.0000000 
 0.0000000  0.0000000  1.0000000 

MG:cc-pVDZ-RI
EMSL BASIS SET LIBRARY

  4
    0    1    2    3
    9    7    5    3
    9    7    5    3

  200.42700000  44.069300000  11.944700000  6.9005900000  2.3073200000
 0.79142000000 0.44201300000 0.19470700000    .832303E-1

 1.0000000  0.0000000  0.0000000  0.0000000  0.0000000  0.0000000  0.0000000 
 0.0000000  0.0000000 
 0.0000000  1.0000000  0.0000000  0.0000000  0.0000000  0.0000000  0.0000000 
 0.0000000  0.0000000 
 0.0000000  0.0000000  1.0000000  0.0000000  0.0000000  0.0000000  0.0000000 
 0.0000000  0.0000000 
 0.0000000  0.0000000  0.0000000  1.0000000  0.0000000  0.0000000  0.0000000 
 0.0000000  0.0000000 
 0.0000000  0.0000000  0.0000000  0.0000000  1.0000000  0.0000000  0.0000000 
 0.0000000  0.0000000 
 0.0000000  0.0000000  0.0000000  0.0000000  0.0000000  1.0000000  0.0000000 
 0.0000000  0.0000000 
 0.0000000  0.0000000  0.0000000  0.0000000  0.0000000  0.0000000  1.0000000 
 0.0000000  0.0000000 
 0.0000000  0.0000000  0.0000000  0.0000000  0.0000000  0.0000000  0.0000000 
 1.0000000  0.0000000 
 0.0000000  0.0000000  0.0000000  0.0000000  0.0000000  0.0000000  0.0000000 
 0.0000000  1.0000000 

  59.682500000  9.0067700000  3.7610000000  1.1763500000 0.59406600000
 0.21052900000    .895356E-1

 1.0000000  0.0000000  0.0000000  0.0000000  0.0000000  0.0000000  0.0000000 
 0.0000000  1.0000000  0.0000000  0.0000000  0.0000000  0.0000000  0.0000000 
 0.0000000  0.0000000  1.0000000  0.0000000  0.0000000  0.0000000  0.0000000 
 0.0000000  0.0000000  0.0000000  1.0000000  0.0000000  0.0000000  0.0000000 
 0.0000000  0.0000000  0.0000000  0.0000000  1.0000000  0.0000000  0.0000000 
 0.0000000  0.0000000  0.0000000  0.0000000  0.0000000  1.0000000  0.0000000 
 0.0000000  0.0000000  0.0000000  0.0000000  0.0000000  0.0000000  1.0000000 

  22.399400000  6.4368300000  1.1811300000 0.74949800000 0.25915900000

 1.0000000  0.0000000  0.0000000  0.0000000  0.0000000 
 0.0000000  1.0000000  0.0000000  0.0000000  0.0000000 
 0.0000000  0.0000000  1.0000000  0.0000000  0.0000000 
 0.0000000  0.0000000  0.0000000  1.0000000  0.0000000 
 0.0000000  0.0000000  0.0000000  0.0000000  1.0000000 

  2.8910000000 0.92877400000 0.32678300000

 1.0000000  0.0000000  0.0000000 
 0.0000000  1.0000000  0.0000000 
 0.0000000  0.0000000  1.0000000 

AL:cc-pVDZ-RI
EMSL BASIS SET LIBRARY

  4
    0    1    2    3
    9    7    5    3
    9    7    5    3

  245.60839249  55.634051938  15.060990339  7.9382204107  3.2850615462
  1.0424317001 0.56210560676 0.27738188089 0.13766430535

 1.0000000  0.0000000  0.0000000  0.0000000  0.0000000  0.0000000  0.0000000 
 0.0000000  0.0000000 
 0.0000000  1.0000000  0.0000000  0.0000000  0.0000000  0.0000000  0.0000000 
 0.0000000  0.0000000 
 0.0000000  0.0000000  1.0000000  0.0000000  0.0000000  0.0000000  0.0000000 
 0.0000000  0.0000000 
 0.0000000  0.0000000  0.0000000  1.0000000  0.0000000  0.0000000  0.0000000 
 0.0000000  0.0000000 
 0.0000000  0.0000000  0.0000000  0.0000000  1.0000000  0.0000000  0.0000000 
 0.0000000  0.0000000 
 0.0000000  0.0000000  0.0000000  0.0000000  0.0000000  1.0000000  0.0000000 
 0.0000000  0.0000000 
 0.0000000  0.0000000  0.0000000  0.0000000  0.0000000  0.0000000  1.0000000 
 0.0000000  0.0000000 
 0.0000000  0.0000000  0.0000000  0.0000000  0.0000000  0.0000000  0.0000000 
 1.0000000  0.0000000 
 0.0000000  0.0000000  0.0000000  0.0000000  0.0000000  0.0000000  0.0000000 
 0.0000000  1.0000000 

  98.889261408  15.737432035  5.6535137040  2.7689528952  1.0284118437
 0.34074358632 0.14209103742

 1.0000000  0.0000000  0.0000000  0.0000000  0.0000000  0.0000000  0.0000000 
 0.0000000  1.0000000  0.0000000  0.0000000  0.0000000  0.0000000  0.0000000 
 0.0000000  0.0000000  1.0000000  0.0000000  0.0000000  0.0000000  0.0000000 
 0.0000000  0.0000000  0.0000000  1.0000000  0.0000000  0.0000000  0.0000000 
 0.0000000  0.0000000  0.0000000  0.0000000  1.0000000  0.0000000  0.0000000 
 0.0000000  0.0000000  0.0000000  0.0000000  0.0000000  1.0000000  0.0000000 
 0.0000000  0.0000000  0.0000000  0.0000000  0.0000000  0.0000000  1.0000000 

  14.045035945  3.0566562950  1.3059296932 0.37529390861 0.25006386280

 1.0000000  0.0000000  0.0000000  0.0000000  0.0000000 
 0.0000000  1.0000000  0.0000000  0.0000000  0.0000000 
 0.0000000  0.0000000  1.0000000  0.0000000  0.0000000 
 0.0000000  0.0000000  0.0000000  1.0000000  0.0000000 
 0.0000000  0.0000000  0.0000000  0.0000000  1.0000000 

  4.3915595248  1.9345241181 0.31492198418

 1.0000000  0.0000000  0.0000000 
 0.0000000  1.0000000  0.0000000 
 0.0000000  0.0000000  1.0000000 

SI:cc-pVDZ-RI
EMSL BASIS SET LIBRARY

  4
    0    1    2    3
    9    7    5    3
    9    7    5    3

  233.63387496  55.265786282  15.571327138  7.6728176147  3.5599233516
  1.0457336832 0.68909286408 0.36076082576 0.17940013768

 1.0000000  0.0000000  0.0000000  0.0000000  0.0000000  0.0000000  0.0000000 
 0.0000000  0.0000000 
 0.0000000  1.0000000  0.0000000  0.0000000  0.0000000  0.0000000  0.0000000 
 0.0000000  0.0000000 
 0.0000000  0.0000000  1.0000000  0.0000000  0.0000000  0.0000000  0.0000000 
 0.0000000  0.0000000 
 0.0000000  0.0000000  0.0000000  1.0000000  0.0000000  0.0000000  0.0000000 
 0.0000000  0.0000000 
 0.0000000  0.0000000  0.0000000  0.0000000  1.0000000  0.0000000  0.0000000 
 0.0000000  0.0000000 
 0.0000000  0.0000000  0.0000000  0.0000000  0.0000000  1.0000000  0.0000000 
 0.0000000  0.0000000 
 0.0000000  0.0000000  0.0000000  0.0000000  0.0000000  0.0000000  1.0000000 
 0.0000000  0.0000000 
 0.0000000  0.0000000  0.0000000  0.0000000  0.0000000  0.0000000  0.0000000 
 1.0000000  0.0000000 
 0.0000000  0.0000000  0.0000000  0.0000000  0.0000000  0.0000000  0.0000000 
 0.0000000  1.0000000 

  102.85819146  15.591019840  5.8403128434  2.1561978384  1.0071317517
 0.42036187212 0.20961416030

 1.0000000  0.0000000  0.0000000  0.0000000  0.0000000  0.0000000  0.0000000 
 0.0000000  1.0000000  0.0000000  0.0000000  0.0000000  0.0000000  0.0000000 
 0.0000000  0.0000000  1.0000000  0.0000000  0.0000000  0.0000000  0.0000000 
 0.0000000  0.0000000  0.0000000  1.0000000  0.0000000  0.0000000  0.0000000 
 0.0000000  0.0000000  0.0000000  0.0000000  1.0000000  0.0000000  0.0000000 
 0.0000000  0.0000000  0.0000000  0.0000000  0.0000000  1.0000000  0.0000000 
 0.0000000  0.0000000  0.0000000  0.0000000  0.0000000  0.0000000  1.0000000 

  18.561398527  4.3196471992  2.0699608344 0.47250592517 0.22348411115

 1.0000000  0.0000000  0.0000000  0.0000000  0.0000000 
 0.0000000  1.0000000  0.0000000  0.0000000  0.0000000 
 0.0000000  0.0000000  1.0000000  0.0000000  0.0000000 
 0.0000000  0.0000000  0.0000000  1.0000000  0.0000000 
 0.0000000  0.0000000  0.0000000  0.0000000  1.0000000 

  5.6987225127  2.3071227842 0.46076780257

 1.0000000  0.0000000  0.0000000 
 0.0000000  1.0000000  0.0000000 
 0.0000000  0.0000000  1.0000000 

P:cc-pVDZ-RI
EMSL BASIS SET LIBRARY

  4
    0    1    2    3
    9    7    5    3
    9    7    5    3

  228.63267785  54.506057893  15.762252958  7.5544221607  3.6842930301
  1.0949031685 0.67469715351 0.34651912955 0.14114680678

 1.0000000  0.0000000  0.0000000  0.0000000  0.0000000  0.0000000  0.0000000 
 0.0000000  0.0000000 
 0.0000000  1.0000000  0.0000000  0.0000000  0.0000000  0.0000000  0.0000000 
 0.0000000  0.0000000 
 0.0000000  0.0000000  1.0000000  0.0000000  0.0000000  0.0000000  0.0000000 
 0.0000000  0.0000000 
 0.0000000  0.0000000  0.0000000  1.0000000  0.0000000  0.0000000  0.0000000 
 0.0000000  0.0000000 
 0.0000000  0.0000000  0.0000000  0.0000000  1.0000000  0.0000000  0.0000000 
 0.0000000  0.0000000 
 0.0000000  0.0000000  0.0000000  0.0000000  0.0000000  1.0000000  0.0000000 
 0.0000000  0.0000000 
 0.0000000  0.0000000  0.0000000  0.0000000  0.0000000  0.0000000  1.0000000 
 0.0000000  0.0000000 
 0.0000000  0.0000000  0.0000000  0.0000000  0.0000000  0.0000000  0.0000000 
 1.0000000  0.0000000 
 0.0000000  0.0000000  0.0000000  0.0000000  0.0000000  0.0000000  0.0000000 
 0.0000000  1.0000000 

  100.33075294  15.254506996  6.5403548222  2.5835737300  1.1093869645
 0.56990264499 0.26882922177

 1.0000000  0.0000000  0.0000000  0.0000000  0.0000000  0.0000000  0.0000000 
 0.0000000  1.0000000  0.0000000  0.0000000  0.0000000  0.0000000  0.0000000 
 0.0000000  0.0000000  1.0000000  0.0000000  0.0000000  0.0000000  0.0000000 
 0.0000000  0.0000000  0.0000000  1.0000000  0.0000000  0.0000000  0.0000000 
 0.0000000  0.0000000  0.0000000  0.0000000  1.0000000  0.0000000  0.0000000 
 0.0000000  0.0000000  0.0000000  0.0000000  0.0000000  1.0000000  0.0000000 
 0.0000000  0.0000000  0.0000000  0.0000000  0.0000000  0.0000000  1.0000000 

  23.088072722  5.5651868450  2.8020823738 0.63499496425 0.28880689308

 1.0000000  0.0000000  0.0000000  0.0000000  0.0000000 
 0.0000000  1.0000000  0.0000000  0.0000000  0.0000000 
 0.0000000  0.0000000  1.0000000  0.0000000  0.0000000 
 0.0000000  0.0000000  0.0000000  1.0000000  0.0000000 
 0.0000000  0.0000000  0.0000000  0.0000000  1.0000000 

  7.5116747966  3.0543024504 0.63129177803

 1.0000000  0.0000000  0.0000000 
 0.0000000  1.0000000  0.0000000 
 0.0000000  0.0000000  1.0000000 

S:cc-pVDZ-RI
EMSL BASIS SET LIBRARY

  4
    0    1    2    3
    9    7    5    3
    9    7    5    3

  227.60646032  54.508181284  15.451153681  7.5007056080  3.6362479527
  1.1980042928 0.71990131761 0.39226646706 0.16764088728

 1.0000000  0.0000000  0.0000000  0.0000000  0.0000000  0.0000000  0.0000000 
 0.0000000  0.0000000 
 0.0000000  1.0000000  0.0000000  0.0000000  0.0000000  0.0000000  0.0000000 
 0.0000000  0.0000000 
 0.0000000  0.0000000  1.0000000  0.0000000  0.0000000  0.0000000  0.0000000 
 0.0000000  0.0000000 
 0.0000000  0.0000000  0.0000000  1.0000000  0.0000000  0.0000000  0.0000000 
 0.0000000  0.0000000 
 0.0000000  0.0000000  0.0000000  0.0000000  1.0000000  0.0000000  0.0000000 
 0.0000000  0.0000000 
 0.0000000  0.0000000  0.0000000  0.0000000  0.0000000  1.0000000  0.0000000 
 0.0000000  0.0000000 
 0.0000000  0.0000000  0.0000000  0.0000000  0.0000000  0.0000000  1.0000000 
 0.0000000  0.0000000 
 0.0000000  0.0000000  0.0000000  0.0000000  0.0000000  0.0000000  0.0000000 
 1.0000000  0.0000000 
 0.0000000  0.0000000  0.0000000  0.0000000  0.0000000  0.0000000  0.0000000 
 0.0000000  1.0000000 

  100.47953874  15.326806835  6.8173521903  2.7058319273  1.1299976805
 0.70680651766 0.29477453339

 1.0000000  0.0000000  0.0000000  0.0000000  0.0000000  0.0000000  0.0000000 
 0.0000000  1.0000000  0.0000000  0.0000000  0.0000000  0.0000000  0.0000000 
 0.0000000  0.0000000  1.0000000  0.0000000  0.0000000  0.0000000  0.0000000 
 0.0000000  0.0000000  0.0000000  1.0000000  0.0000000  0.0000000  0.0000000 
 0.0000000  0.0000000  0.0000000  0.0000000  1.0000000  0.0000000  0.0000000 
 0.0000000  0.0000000  0.0000000  0.0000000  0.0000000  1.0000000  0.0000000 
 0.0000000  0.0000000  0.0000000  0.0000000  0.0000000  0.0000000  1.0000000 

  26.396605608  6.3311048407  3.3963555444 0.84273413903 0.32730964913

 1.0000000  0.0000000  0.0000000  0.0000000  0.0000000 
 0.0000000  1.0000000  0.0000000  0.0000000  0.0000000 
 0.0000000  0.0000000  1.0000000  0.0000000  0.0000000 
 0.0000000  0.0000000  0.0000000  1.0000000  0.0000000 
 0.0000000  0.0000000  0.0000000  0.0000000  1.0000000 

  9.0052797251  3.7488657108 0.80415427800

 1.0000000  0.0000000  0.0000000 
 0.0000000  1.0000000  0.0000000 
 0.0000000  0.0000000  1.0000000 

CL:cc-pVDZ-RI
EMSL BASIS SET LIBRARY

  4
    0    1    2    3
    9    7    5    3
    9    7    5    3

  311.64177476  65.182737347  18.153269106  12.125602394  4.6510526510
  1.6157282583 0.93271689962 0.49547096661 0.21829547719

 1.0000000  0.0000000  0.0000000  0.0000000  0.0000000  0.0000000  0.0000000 
 0.0000000  0.0000000 
 0.0000000  1.0000000  0.0000000  0.0000000  0.0000000  0.0000000  0.0000000 
 0.0000000  0.0000000 
 0.0000000  0.0000000  1.0000000  0.0000000  0.0000000  0.0000000  0.0000000 
 0.0000000  0.0000000 
 0.0000000  0.0000000  0.0000000  1.0000000  0.0000000  0.0000000  0.0000000 
 0.0000000  0.0000000 
 0.0000000  0.0000000  0.0000000  0.0000000  1.0000000  0.0000000  0.0000000 
 0.0000000  0.0000000 
 0.0000000  0.0000000  0.0000000  0.0000000  0.0000000  1.0000000  0.0000000 
 0.0000000  0.0000000 
 0.0000000  0.0000000  0.0000000  0.0000000  0.0000000  0.0000000  1.0000000 
 0.0000000  0.0000000 
 0.0000000  0.0000000  0.0000000  0.0000000  0.0000000  0.0000000  0.0000000 
 1.0000000  0.0000000 
 0.0000000  0.0000000  0.0000000  0.0000000  0.0000000  0.0000000  0.0000000 
 0.0000000  1.0000000 

  115.95644967  16.546125381  7.7655964349  3.2956311199  1.6048366187
 0.85148698302 0.37352289392

 1.0000000  0.0000000  0.0000000  0.0000000  0.0000000  0.0000000  0.0000000 
 0.0000000  1.0000000  0.0000000  0.0000000  0.0000000  0.0000000  0.0000000 
 0.0000000  0.0000000  1.0000000  0.0000000  0.0000000  0.0000000  0.0000000 
 0.0000000  0.0000000  0.0000000  1.0000000  0.0000000  0.0000000  0.0000000 
 0.0000000  0.0000000  0.0000000  0.0000000  1.0000000  0.0000000  0.0000000 
 0.0000000  0.0000000  0.0000000  0.0000000  0.0000000  1.0000000  0.0000000 
 0.0000000  0.0000000  0.0000000  0.0000000  0.0000000  0.0000000  1.0000000 

  31.014314525  7.4349973702  3.9982512008  1.0547814893 0.37722809913

 1.0000000  0.0000000  0.0000000  0.0000000  0.0000000 
 0.0000000  1.0000000  0.0000000  0.0000000  0.0000000 
 0.0000000  0.0000000  1.0000000  0.0000000  0.0000000 
 0.0000000  0.0000000  0.0000000  1.0000000  0.0000000 
 0.0000000  0.0000000  0.0000000  0.0000000  1.0000000 

  10.863355500  4.5384930599  1.0059613587

 1.0000000  0.0000000  0.0000000 
 0.0000000  1.0000000  0.0000000 
 0.0000000  0.0000000  1.0000000 

AR:cc-pVDZ-RI
EMSL BASIS SET LIBRARY

  4
    0    1    2    3
    9    7    5    3
    9    7    5    3

  378.66434876  70.670080873  25.843103323  10.785164286  5.6249779041
  2.5479064229  1.2671593110 0.56633577681 0.26605484967

 1.0000000  0.0000000  0.0000000  0.0000000  0.0000000  0.0000000  0.0000000 
 0.0000000  0.0000000 
 0.0000000  1.0000000  0.0000000  0.0000000  0.0000000  0.0000000  0.0000000 
 0.0000000  0.0000000 
 0.0000000  0.0000000  1.0000000  0.0000000  0.0000000  0.0000000  0.0000000 
 0.0000000  0.0000000 
 0.0000000  0.0000000  0.0000000  1.0000000  0.0000000  0.0000000  0.0000000 
 0.0000000  0.0000000 
 0.0000000  0.0000000  0.0000000  0.0000000  1.0000000  0.0000000  0.0000000 
 0.0000000  0.0000000 
 0.0000000  0.0000000  0.0000000  0.0000000  0.0000000  1.0000000  0.0000000 
 0.0000000  0.0000000 
 0.0000000  0.0000000  0.0000000  0.0000000  0.0000000  0.0000000  1.0000000 
 0.0000000  0.0000000 
 0.0000000  0.0000000  0.0000000  0.0000000  0.0000000  0.0000000  0.0000000 
 1.0000000  0.0000000 
 0.0000000  0.0000000  0.0000000  0.0000000  0.0000000  0.0000000  0.0000000 
 0.0000000  1.0000000 

  228.79690746  12.956277791  7.9337123588  3.3338952941  1.0705004857
 0.66636036510 0.26912704043

 1.0000000  0.0000000  0.0000000  0.0000000  0.0000000  0.0000000  0.0000000 
 0.0000000  1.0000000  0.0000000  0.0000000  0.0000000  0.0000000  0.0000000 
 0.0000000  0.0000000  1.0000000  0.0000000  0.0000000  0.0000000  0.0000000 
 0.0000000  0.0000000  0.0000000  1.0000000  0.0000000  0.0000000  0.0000000 
 0.0000000  0.0000000  0.0000000  0.0000000  1.0000000  0.0000000  0.0000000 
 0.0000000  0.0000000  0.0000000  0.0000000  0.0000000  1.0000000  0.0000000 
 0.0000000  0.0000000  0.0000000  0.0000000  0.0000000  0.0000000  1.0000000 

  34.064919042  8.9940417514  4.3963711570  1.2809077455 0.43291740989

 1.0000000  0.0000000  0.0000000  0.0000000  0.0000000 
 0.0000000  1.0000000  0.0000000  0.0000000  0.0000000 
 0.0000000  0.0000000  1.0000000  0.0000000  0.0000000 
 0.0000000  0.0000000  0.0000000  1.0000000  0.0000000 
 0.0000000  0.0000000  0.0000000  0.0000000  1.0000000 

  12.882820892  5.3016322810  1.2299876404

 1.0000000  0.0000000  0.0000000 
 0.0000000  1.0000000  0.0000000 
 0.0000000  0.0000000  1.0000000 

GA:cc-pVDZ-RI
EMSL BASIS SET LIBRARY

  5
    0    1    2    3    4
    9    8    7    4    2
    9    8    7    4    2

  217.90827180  31.825176352  14.741960774  9.6099767267  1.9364357282
  1.2843598851 0.57354107115 0.20678963784 0.13785975856

 1.0000000  0.0000000  0.0000000  0.0000000  0.0000000  0.0000000  0.0000000 
 0.0000000  0.0000000 
 0.0000000  1.0000000  0.0000000  0.0000000  0.0000000  0.0000000  0.0000000 
 0.0000000  0.0000000 
 0.0000000  0.0000000  1.0000000  0.0000000  0.0000000  0.0000000  0.0000000 
 0.0000000  0.0000000 
 0.0000000  0.0000000  0.0000000  1.0000000  0.0000000  0.0000000  0.0000000 
 0.0000000  0.0000000 
 0.0000000  0.0000000  0.0000000  0.0000000  1.0000000  0.0000000  0.0000000 
 0.0000000  0.0000000 
 0.0000000  0.0000000  0.0000000  0.0000000  0.0000000  1.0000000  0.0000000 
 0.0000000  0.0000000 
 0.0000000  0.0000000  0.0000000  0.0000000  0.0000000  0.0000000  1.0000000 
 0.0000000  0.0000000 
 0.0000000  0.0000000  0.0000000  0.0000000  0.0000000  0.0000000  0.0000000 
 1.0000000  0.0000000 
 0.0000000  0.0000000  0.0000000  0.0000000  0.0000000  0.0000000  0.0000000 
 0.0000000  1.0000000 

  63.778406255  13.191466257  6.6852729698  1.8801737912 0.98189418991
 0.45280081480 0.26509211422 0.13565722598

 1.0000000  0.0000000  0.0000000  0.0000000  0.0000000  0.0000000  0.0000000 
 0.0000000 
 0.0000000  1.0000000  0.0000000  0.0000000  0.0000000  0.0000000  0.0000000 
 0.0000000 
 0.0000000  0.0000000  1.0000000  0.0000000  0.0000000  0.0000000  0.0000000 
 0.0000000 
 0.0000000  0.0000000  0.0000000  1.0000000  0.0000000  0.0000000  0.0000000 
 0.0000000 
 0.0000000  0.0000000  0.0000000  0.0000000  1.0000000  0.0000000  0.0000000 
 0.0000000 
 0.0000000  0.0000000  0.0000000  0.0000000  0.0000000  1.0000000  0.0000000 
 0.0000000 
 0.0000000  0.0000000  0.0000000  0.0000000  0.0000000  0.0000000  1.0000000 
 0.0000000 
 0.0000000  0.0000000  0.0000000  0.0000000  0.0000000  0.0000000  0.0000000 
 1.0000000 

  120.80607808  45.161995150  6.2388284009  1.7882531113 0.84720770384
 0.33046178812 0.13342008645

 1.0000000  0.0000000  0.0000000  0.0000000  0.0000000  0.0000000  0.0000000 
 0.0000000  1.0000000  0.0000000  0.0000000  0.0000000  0.0000000  0.0000000 
 0.0000000  0.0000000  1.0000000  0.0000000  0.0000000  0.0000000  0.0000000 
 0.0000000  0.0000000  0.0000000  1.0000000  0.0000000  0.0000000  0.0000000 
 0.0000000  0.0000000  0.0000000  0.0000000  1.0000000  0.0000000  0.0000000 
 0.0000000  0.0000000  0.0000000  0.0000000  0.0000000  1.0000000  0.0000000 
 0.0000000  0.0000000  0.0000000  0.0000000  0.0000000  0.0000000  1.0000000 

  87.606449927  8.2590108539  1.1573413032 0.31537580639

 1.0000000  0.0000000  0.0000000  0.0000000 
 0.0000000  1.0000000  0.0000000  0.0000000 
 0.0000000  0.0000000  1.0000000  0.0000000 
 0.0000000  0.0000000  0.0000000  1.0000000 

  9.8481500903 0.73188989239

 1.0000000  0.0000000 
 0.0000000  1.0000000 

GE:cc-pVDZ-RI
EMSL BASIS SET LIBRARY

  5
    0    1    2    3    4
    9    8    7    4    2
    9    8    7    4    2

  201.23074728  30.208101548  15.016065489  10.010710326  1.8804455279
  1.2536303520 0.68098589070 0.27418506918 0.15309801489

 1.0000000  0.0000000  0.0000000  0.0000000  0.0000000  0.0000000  0.0000000 
 0.0000000  0.0000000 
 0.0000000  1.0000000  0.0000000  0.0000000  0.0000000  0.0000000  0.0000000 
 0.0000000  0.0000000 
 0.0000000  0.0000000  1.0000000  0.0000000  0.0000000  0.0000000  0.0000000 
 0.0000000  0.0000000 
 0.0000000  0.0000000  0.0000000  1.0000000  0.0000000  0.0000000  0.0000000 
 0.0000000  0.0000000 
 0.0000000  0.0000000  0.0000000  0.0000000  1.0000000  0.0000000  0.0000000 
 0.0000000  0.0000000 
 0.0000000  0.0000000  0.0000000  0.0000000  0.0000000  1.0000000  0.0000000 
 0.0000000  0.0000000 
 0.0000000  0.0000000  0.0000000  0.0000000  0.0000000  0.0000000  1.0000000 
 0.0000000  0.0000000 
 0.0000000  0.0000000  0.0000000  0.0000000  0.0000000  0.0000000  0.0000000 
 1.0000000  0.0000000 
 0.0000000  0.0000000  0.0000000  0.0000000  0.0000000  0.0000000  0.0000000 
 0.0000000  1.0000000 

  67.110520491  16.918257122  6.5120145612  2.0336216450  1.0082494296
 0.47766090220 0.20341372097 0.11535180898

 1.0000000  0.0000000  0.0000000  0.0000000  0.0000000  0.0000000  0.0000000 
 0.0000000 
 0.0000000  1.0000000  0.0000000  0.0000000  0.0000000  0.0000000  0.0000000 
 0.0000000 
 0.0000000  0.0000000  1.0000000  0.0000000  0.0000000  0.0000000  0.0000000 
 0.0000000 
 0.0000000  0.0000000  0.0000000  1.0000000  0.0000000  0.0000000  0.0000000 
 0.0000000 
 0.0000000  0.0000000  0.0000000  0.0000000  1.0000000  0.0000000  0.0000000 
 0.0000000 
 0.0000000  0.0000000  0.0000000  0.0000000  0.0000000  1.0000000  0.0000000 
 0.0000000 
 0.0000000  0.0000000  0.0000000  0.0000000  0.0000000  0.0000000  1.0000000 
 0.0000000 
 0.0000000  0.0000000  0.0000000  0.0000000  0.0000000  0.0000000  0.0000000 
 1.0000000 

  108.59816367  49.242356983  6.9634454947  2.1672519909  1.0024180443
 0.43989237445 0.18150194169

 1.0000000  0.0000000  0.0000000  0.0000000  0.0000000  0.0000000  0.0000000 
 0.0000000  1.0000000  0.0000000  0.0000000  0.0000000  0.0000000  0.0000000 
 0.0000000  0.0000000  1.0000000  0.0000000  0.0000000  0.0000000  0.0000000 
 0.0000000  0.0000000  0.0000000  1.0000000  0.0000000  0.0000000  0.0000000 
 0.0000000  0.0000000  0.0000000  0.0000000  1.0000000  0.0000000  0.0000000 
 0.0000000  0.0000000  0.0000000  0.0000000  0.0000000  1.0000000  0.0000000 
 0.0000000  0.0000000  0.0000000  0.0000000  0.0000000  0.0000000  1.0000000 

  98.016950889  9.1622891637  1.4368168659 0.41745336357

 1.0000000  0.0000000  0.0000000  0.0000000 
 0.0000000  1.0000000  0.0000000  0.0000000 
 0.0000000  0.0000000  1.0000000  0.0000000 
 0.0000000  0.0000000  0.0000000  1.0000000 

  11.523916197 0.93993416839

 1.0000000  0.0000000 
 0.0000000  1.0000000 

AS:cc-pVDZ-RI
EMSL BASIS SET LIBRARY

  5
    0    1    2    3    4
    9    8    7    4    2
    9    8    7    4    2

  245.63186462  38.108337692  18.972720587  12.648480392  2.5544627281
  1.7029751521 0.93505231484 0.31946790501 0.21297860334

 1.0000000  0.0000000  0.0000000  0.0000000  0.0000000  0.0000000  0.0000000 
 0.0000000  0.0000000 
 0.0000000  1.0000000  0.0000000  0.0000000  0.0000000  0.0000000  0.0000000 
 0.0000000  0.0000000 
 0.0000000  0.0000000  1.0000000  0.0000000  0.0000000  0.0000000  0.0000000 
 0.0000000  0.0000000 
 0.0000000  0.0000000  0.0000000  1.0000000  0.0000000  0.0000000  0.0000000 
 0.0000000  0.0000000 
 0.0000000  0.0000000  0.0000000  0.0000000  1.0000000  0.0000000  0.0000000 
 0.0000000  0.0000000 
 0.0000000  0.0000000  0.0000000  0.0000000  0.0000000  1.0000000  0.0000000 
 0.0000000  0.0000000 
 0.0000000  0.0000000  0.0000000  0.0000000  0.0000000  0.0000000  1.0000000 
 0.0000000  0.0000000 
 0.0000000  0.0000000  0.0000000  0.0000000  0.0000000  0.0000000  0.0000000 
 1.0000000  0.0000000 
 0.0000000  0.0000000  0.0000000  0.0000000  0.0000000  0.0000000  0.0000000 
 0.0000000  1.0000000 

  68.356011700  20.134400531  6.6205838287  2.5142370978  1.0124432681
 0.58986726372 0.24071613299 0.11098066824

 1.0000000  0.0000000  0.0000000  0.0000000  0.0000000  0.0000000  0.0000000 
 0.0000000 
 0.0000000  1.0000000  0.0000000  0.0000000  0.0000000  0.0000000  0.0000000 
 0.0000000 
 0.0000000  0.0000000  1.0000000  0.0000000  0.0000000  0.0000000  0.0000000 
 0.0000000 
 0.0000000  0.0000000  0.0000000  1.0000000  0.0000000  0.0000000  0.0000000 
 0.0000000 
 0.0000000  0.0000000  0.0000000  0.0000000  1.0000000  0.0000000  0.0000000 
 0.0000000 
 0.0000000  0.0000000  0.0000000  0.0000000  0.0000000  1.0000000  0.0000000 
 0.0000000 
 0.0000000  0.0000000  0.0000000  0.0000000  0.0000000  0.0000000  1.0000000 
 0.0000000 
 0.0000000  0.0000000  0.0000000  0.0000000  0.0000000  0.0000000  0.0000000 
 1.0000000 

  108.84563279  55.240124901  7.7450933143  2.2984829481  1.0673791900
 0.51782675044 0.23750849918

 1.0000000  0.0000000  0.0000000  0.0000000  0.0000000  0.0000000  0.0000000 
 0.0000000  1.0000000  0.0000000  0.0000000  0.0000000  0.0000000  0.0000000 
 0.0000000  0.0000000  1.0000000  0.0000000  0.0000000  0.0000000  0.0000000 
 0.0000000  0.0000000  0.0000000  1.0000000  0.0000000  0.0000000  0.0000000 
 0.0000000  0.0000000  0.0000000  0.0000000  1.0000000  0.0000000  0.0000000 
 0.0000000  0.0000000  0.0000000  0.0000000  0.0000000  1.0000000  0.0000000 
 0.0000000  0.0000000  0.0000000  0.0000000  0.0000000  0.0000000  1.0000000 

  98.380989753  10.147197193  1.7425421975 0.52720856253

 1.0000000  0.0000000  0.0000000  0.0000000 
 0.0000000  1.0000000  0.0000000  0.0000000 
 0.0000000  0.0000000  1.0000000  0.0000000 
 0.0000000  0.0000000  0.0000000  1.0000000 

  13.262440830  1.1605911738

 1.0000000  0.0000000 
 0.0000000  1.0000000 

SE:cc-pVDZ-RI
EMSL BASIS SET LIBRARY

  5
    0    1    2    3    4
    9    8    7    4    2
    9    8    7    4    2

  273.44313690  40.292837847  20.853102850  13.902068566  2.8775187476
  1.7496730713  1.1534691952 0.36271263384 0.24180842256

 1.0000000  0.0000000  0.0000000  0.0000000  0.0000000  0.0000000  0.0000000 
 0.0000000  0.0000000 
 0.0000000  1.0000000  0.0000000  0.0000000  0.0000000  0.0000000  0.0000000 
 0.0000000  0.0000000 
 0.0000000  0.0000000  1.0000000  0.0000000  0.0000000  0.0000000  0.0000000 
 0.0000000  0.0000000 
 0.0000000  0.0000000  0.0000000  1.0000000  0.0000000  0.0000000  0.0000000 
 0.0000000  0.0000000 
 0.0000000  0.0000000  0.0000000  0.0000000  1.0000000  0.0000000  0.0000000 
 0.0000000  0.0000000 
 0.0000000  0.0000000  0.0000000  0.0000000  0.0000000  1.0000000  0.0000000 
 0.0000000  0.0000000 
 0.0000000  0.0000000  0.0000000  0.0000000  0.0000000  0.0000000  1.0000000 
 0.0000000  0.0000000 
 0.0000000  0.0000000  0.0000000  0.0000000  0.0000000  0.0000000  0.0000000 
 1.0000000  0.0000000 
 0.0000000  0.0000000  0.0000000  0.0000000  0.0000000  0.0000000  0.0000000 
 0.0000000  1.0000000 

  69.058154609  21.219802255  7.8196803345  2.3982477849  1.3673273329
 0.66460903889 0.30219067270 0.16576839975

 1.0000000  0.0000000  0.0000000  0.0000000  0.0000000  0.0000000  0.0000000 
 0.0000000 
 0.0000000  1.0000000  0.0000000  0.0000000  0.0000000  0.0000000  0.0000000 
 0.0000000 
 0.0000000  0.0000000  1.0000000  0.0000000  0.0000000  0.0000000  0.0000000 
 0.0000000 
 0.0000000  0.0000000  0.0000000  1.0000000  0.0000000  0.0000000  0.0000000 
 0.0000000 
 0.0000000  0.0000000  0.0000000  0.0000000  1.0000000  0.0000000  0.0000000 
 0.0000000 
 0.0000000  0.0000000  0.0000000  0.0000000  0.0000000  1.0000000  0.0000000 
 0.0000000 
 0.0000000  0.0000000  0.0000000  0.0000000  0.0000000  0.0000000  1.0000000 
 0.0000000 
 0.0000000  0.0000000  0.0000000  0.0000000  0.0000000  0.0000000  0.0000000 
 1.0000000 

  118.99106300  53.976418814  8.5532297129  2.7364851606  1.2982932309
 0.64314089788 0.26501598213

 1.0000000  0.0000000  0.0000000  0.0000000  0.0000000  0.0000000  0.0000000 
 0.0000000  1.0000000  0.0000000  0.0000000  0.0000000  0.0000000  0.0000000 
 0.0000000  0.0000000  1.0000000  0.0000000  0.0000000  0.0000000  0.0000000 
 0.0000000  0.0000000  0.0000000  1.0000000  0.0000000  0.0000000  0.0000000 
 0.0000000  0.0000000  0.0000000  0.0000000  1.0000000  0.0000000  0.0000000 
 0.0000000  0.0000000  0.0000000  0.0000000  0.0000000  1.0000000  0.0000000 
 0.0000000  0.0000000  0.0000000  0.0000000  0.0000000  0.0000000  1.0000000 

  103.04246903  11.151380461  2.0783234615 0.62208018142

 1.0000000  0.0000000  0.0000000  0.0000000 
 0.0000000  1.0000000  0.0000000  0.0000000 
 0.0000000  0.0000000  1.0000000  0.0000000 
 0.0000000  0.0000000  0.0000000  1.0000000 

  15.038285259  1.3858543304

 1.0000000  0.0000000 
 0.0000000  1.0000000 

BR:cc-pVDZ-RI
EMSL BASIS SET LIBRARY

  5
    0    1    2    3    4
    9    8    7    4    2
    9    8    7    4    2

  333.72946380  48.694892430  28.102417460  12.528348080  5.0398266900
  2.0301917400 0.89705633000 0.44806404000 0.26874940000

 1.0000000  0.0000000  0.0000000  0.0000000  0.0000000  0.0000000  0.0000000 
 0.0000000  0.0000000 
 0.0000000  1.0000000  0.0000000  0.0000000  0.0000000  0.0000000  0.0000000 
 0.0000000  0.0000000 
 0.0000000  0.0000000  1.0000000  0.0000000  0.0000000  0.0000000  0.0000000 
 0.0000000  0.0000000 
 0.0000000  0.0000000  0.0000000  1.0000000  0.0000000  0.0000000  0.0000000 
 0.0000000  0.0000000 
 0.0000000  0.0000000  0.0000000  0.0000000  1.0000000  0.0000000  0.0000000 
 0.0000000  0.0000000 
 0.0000000  0.0000000  0.0000000  0.0000000  0.0000000  1.0000000  0.0000000 
 0.0000000  0.0000000 
 0.0000000  0.0000000  0.0000000  0.0000000  0.0000000  0.0000000  1.0000000 
 0.0000000  0.0000000 
 0.0000000  0.0000000  0.0000000  0.0000000  0.0000000  0.0000000  0.0000000 
 1.0000000  0.0000000 
 0.0000000  0.0000000  0.0000000  0.0000000  0.0000000  0.0000000  0.0000000 
 0.0000000  1.0000000 

  70.337895173  23.758197618  8.7568960248  2.4043846801  1.6029231208
 0.77529190587 0.34308210759 0.21198329377

 1.0000000  0.0000000  0.0000000  0.0000000  0.0000000  0.0000000  0.0000000 
 0.0000000 
 0.0000000  1.0000000  0.0000000  0.0000000  0.0000000  0.0000000  0.0000000 
 0.0000000 
 0.0000000  0.0000000  1.0000000  0.0000000  0.0000000  0.0000000  0.0000000 
 0.0000000 
 0.0000000  0.0000000  0.0000000  1.0000000  0.0000000  0.0000000  0.0000000 
 0.0000000 
 0.0000000  0.0000000  0.0000000  0.0000000  1.0000000  0.0000000  0.0000000 
 0.0000000 
 0.0000000  0.0000000  0.0000000  0.0000000  0.0000000  1.0000000  0.0000000 
 0.0000000 
 0.0000000  0.0000000  0.0000000  0.0000000  0.0000000  0.0000000  1.0000000 
 0.0000000 
 0.0000000  0.0000000  0.0000000  0.0000000  0.0000000  0.0000000  0.0000000 
 1.0000000 

  131.30713064  56.494491209  9.4020341079  3.0067841591  1.4367392054
 0.74036289088 0.30605877594

 1.0000000  0.0000000  0.0000000  0.0000000  0.0000000  0.0000000  0.0000000 
 0.0000000  1.0000000  0.0000000  0.0000000  0.0000000  0.0000000  0.0000000 
 0.0000000  0.0000000  1.0000000  0.0000000  0.0000000  0.0000000  0.0000000 
 0.0000000  0.0000000  0.0000000  1.0000000  0.0000000  0.0000000  0.0000000 
 0.0000000  0.0000000  0.0000000  0.0000000  1.0000000  0.0000000  0.0000000 
 0.0000000  0.0000000  0.0000000  0.0000000  0.0000000  1.0000000  0.0000000 
 0.0000000  0.0000000  0.0000000  0.0000000  0.0000000  0.0000000  1.0000000 

  111.60118519  12.175065569  2.4531330434 0.70491183676

 1.0000000  0.0000000  0.0000000  0.0000000 
 0.0000000  1.0000000  0.0000000  0.0000000 
 0.0000000  0.0000000  1.0000000  0.0000000 
 0.0000000  0.0000000  0.0000000  1.0000000 

  16.793516626  1.5942508853

 1.0000000  0.0000000 
 0.0000000  1.0000000 

KR:cc-pVDZ-RI
EMSL BASIS SET LIBRARY

  5
    0    1    2    3    4
    9    8    7    4    2
    9    8    7    4    2

  141.55516342  25.126263240  16.750842160  11.167228110  1.8044840500
 0.93460152000 0.58562750000 0.26945770000 0.11106799000

 1.0000000  0.0000000  0.0000000  0.0000000  0.0000000  0.0000000  0.0000000 
 0.0000000  0.0000000 
 0.0000000  1.0000000  0.0000000  0.0000000  0.0000000  0.0000000  0.0000000 
 0.0000000  0.0000000 
 0.0000000  0.0000000  1.0000000  0.0000000  0.0000000  0.0000000  0.0000000 
 0.0000000  0.0000000 
 0.0000000  0.0000000  0.0000000  1.0000000  0.0000000  0.0000000  0.0000000 
 0.0000000  0.0000000 
 0.0000000  0.0000000  0.0000000  0.0000000  1.0000000  0.0000000  0.0000000 
 0.0000000  0.0000000 
 0.0000000  0.0000000  0.0000000  0.0000000  0.0000000  1.0000000  0.0000000 
 0.0000000  0.0000000 
 0.0000000  0.0000000  0.0000000  0.0000000  0.0000000  0.0000000  1.0000000 
 0.0000000  0.0000000 
 0.0000000  0.0000000  0.0000000  0.0000000  0.0000000  0.0000000  0.0000000 
 1.0000000  0.0000000 
 0.0000000  0.0000000  0.0000000  0.0000000  0.0000000  0.0000000  0.0000000 
 0.0000000  1.0000000 

  71.763411439  25.639605548  9.8688608232  2.4958727281  1.6639151521
 0.87938471965 0.36760091602 0.24506727735

 1.0000000  0.0000000  0.0000000  0.0000000  0.0000000  0.0000000  0.0000000 
 0.0000000 
 0.0000000  1.0000000  0.0000000  0.0000000  0.0000000  0.0000000  0.0000000 
 0.0000000 
 0.0000000  0.0000000  1.0000000  0.0000000  0.0000000  0.0000000  0.0000000 
 0.0000000 
 0.0000000  0.0000000  0.0000000  1.0000000  0.0000000  0.0000000  0.0000000 
 0.0000000 
 0.0000000  0.0000000  0.0000000  0.0000000  1.0000000  0.0000000  0.0000000 
 0.0000000 
 0.0000000  0.0000000  0.0000000  0.0000000  0.0000000  1.0000000  0.0000000 
 0.0000000 
 0.0000000  0.0000000  0.0000000  0.0000000  0.0000000  0.0000000  1.0000000 
 0.0000000 
 0.0000000  0.0000000  0.0000000  0.0000000  0.0000000  0.0000000  0.0000000 
 1.0000000 

  134.36969125  60.989347169  10.258334954  3.3262680524  1.9673520902
 0.82838273042 0.35842842461

 1.0000000  0.0000000  0.0000000  0.0000000  0.0000000  0.0000000  0.0000000 
 0.0000000  1.0000000  0.0000000  0.0000000  0.0000000  0.0000000  0.0000000 
 0.0000000  0.0000000  1.0000000  0.0000000  0.0000000  0.0000000  0.0000000 
 0.0000000  0.0000000  0.0000000  1.0000000  0.0000000  0.0000000  0.0000000 
 0.0000000  0.0000000  0.0000000  0.0000000  1.0000000  0.0000000  0.0000000 
 0.0000000  0.0000000  0.0000000  0.0000000  0.0000000  1.0000000  0.0000000 
 0.0000000  0.0000000  0.0000000  0.0000000  0.0000000  0.0000000  1.0000000 

  117.31796023  13.249940728  2.8907443002 0.85058076459

 1.0000000  0.0000000  0.0000000  0.0000000 
 0.0000000  1.0000000  0.0000000  0.0000000 
 0.0000000  0.0000000  1.0000000  0.0000000 
 0.0000000  0.0000000  0.0000000  1.0000000 

  18.843913374  1.8832303404

 1.0000000  0.0000000 
 0.0000000  1.0000000 




