!  ccemd-2  EMSL  Basis Set Exchange Library   3/19/13 4:51 PM
! Elements                             References
! --------                             ----------
! He H Be Li Ne C N F B O Mg Na Ar P Cl Al Si S: S. Lehtola, P. Manninen, M. Hakala, and K. Hämäläinen, Contraction of completeness-optimized basis sets: Application to ground-state electron momentum densities, J. Chem. Phys. 138, 044109 (2013).
! 



HE:ccemd-2
EMSL BASIS SET LIBRARY

  2
    0    1
    3    1
    7    1

  .246740737E3  .714927554E2   .17742783E2  .442645996E1  .109939773E1
  .275191291E0 .784603226E-1

 .28577E-2  0.0000000  0.0000000 
 .99727E-2  0.0000000  0.0000000 
 .60641E-1  0.0000000  0.0000000 
  .27079E0  0.0000000  0.0000000 
  .75669E0  0.0000000  0.0000000 
 0.0000000       .1E1  0.0000000 
 0.0000000  0.0000000       .1E1 

  .368231478E1

      .1E1 

H:ccemd-2
EMSL BASIS SET LIBRARY

  2
    0    1
    3    1
    7    1

  .246740737E3  .714927554E2   .17742783E2  .442645996E1  .109939773E1
  .275191291E0 .784603226E-1

 .14859E-2  0.0000000  0.0000000 
 .49251E-2  0.0000000  0.0000000 
 .33206E-1  0.0000000  0.0000000 
  .16943E0  0.0000000  0.0000000 
   .8571E0  0.0000000  0.0000000 
 0.0000000       .1E1  0.0000000 
 0.0000000  0.0000000       .1E1 

  .368231478E1

      .1E1 

BE:ccemd-2
EMSL BASIS SET LIBRARY

  3
    0    1    2
    3    4    1
   10    4    1

   .12645539E4  .423636204E3  .121654593E3   .34542144E2  .975543101E1
  .276298545E1  .773097436E0  .218749408E0 .625307954E-1 .207204594E-1

 .14511E-2 -.26615E-3  0.0000000 
 .34443E-2 -.65996E-3  0.0000000 
  .2022E-1 -.37233E-2  0.0000000 
 .85286E-1  -.1668E-1  0.0000000 
  .30033E0 -.60802E-1  0.0000000 
  .55529E0  -.15877E0  0.0000000 
  .20862E0  -.13877E0  0.0000000 
-.24705E-1   .49664E0  0.0000000 
 .12431E-1   .65816E0  0.0000000 
 0.0000000  0.0000000       .1E1 

  .179469053E1  .477273053E0   .11685477E0 .307287401E-1

      .1E1  0.0000000  0.0000000  0.0000000 
 0.0000000       .1E1  0.0000000  0.0000000 
 0.0000000  0.0000000       .1E1  0.0000000 
 0.0000000  0.0000000  0.0000000       .1E1 

  .193211793E0

      .1E1 

LI:ccemd-2
EMSL BASIS SET LIBRARY

  3
    0    1    2
    3    4    1
   10    4    1

   .12645539E4  .423636204E3  .121654593E3   .34542144E2  .975543101E1
  .276298545E1  .773097436E0  .218749408E0 .625307954E-1 .207204594E-1

-.15283E-3  .67784E-3  0.0000000 
-.36136E-3  .16911E-2  0.0000000 
-.21673E-2  .95164E-2  0.0000000 
-.96147E-2  .43706E-1  0.0000000 
-.40218E-1   .16839E0  0.0000000 
 -.11574E0   .45697E0  0.0000000 
 -.22875E0   .45683E0  0.0000000 
-.13351E-1  .21027E-1  0.0000000 
  .10591E1  .70691E-2  0.0000000 
 0.0000000  0.0000000       .1E1 

  .179469053E1  .477273053E0   .11685477E0 .307287401E-1

      .1E1  0.0000000  0.0000000  0.0000000 
 0.0000000       .1E1  0.0000000  0.0000000 
 0.0000000  0.0000000       .1E1  0.0000000 
 0.0000000  0.0000000  0.0000000       .1E1 

  .193211793E0

      .1E1 

NE:ccemd-2
EMSL BASIS SET LIBRARY

  3
    0    1    2
    3    4    1
    9    5    1

  .311963298E4  .937362799E3    .2464475E3  .633680766E2   .16356715E2
  .421027704E1  .108182927E1  .281215365E0 .831911217E-1

-.13608E-2  .47102E-2  0.0000000 
-.41565E-2  .15058E-1  0.0000000 
-.24732E-1   .8266E-1  0.0000000 
 -.10549E0   .33968E0  0.0000000 
 -.27524E0   .58001E0  0.0000000 
 .52453E-1   .12398E0  0.0000000 
  .77882E0  .24393E-1  0.0000000 
  .28128E0   .1787E-1  0.0000000 
 0.0000000  0.0000000       .1E1 

  .228113748E2  .565014988E1  .130790709E1   .30104066E0 .745473623E-1

  .17685E0  0.0000000  0.0000000  0.0000000 
  .88883E0  0.0000000  0.0000000  0.0000000 
 0.0000000       .1E1  0.0000000  0.0000000 
 0.0000000  0.0000000       .1E1  0.0000000 
 0.0000000  0.0000000  0.0000000       .1E1 

   .85288685E0

      .1E1 

C:ccemd-2
EMSL BASIS SET LIBRARY

  3
    0    1    2
    3    4    1
    9    5    1

  .311963298E4  .937362799E3    .2464475E3  .633680766E2   .16356715E2
  .421027704E1  .108182927E1  .281215365E0 .831911217E-1

-.29994E-3  .13679E-2  0.0000000 
-.93644E-3  .40198E-2  0.0000000 
-.56878E-2   .2572E-1  0.0000000 
-.28369E-1   .11741E0  0.0000000 
 -.11331E0   .43155E0  0.0000000 
 -.26576E0   .54271E0  0.0000000 
  .20256E0  .34084E-1  0.0000000 
  .91597E0 -.13105E-1  0.0000000 
 0.0000000  0.0000000       .1E1 

  .228113748E2  .565014988E1  .130790709E1   .30104066E0 .745473623E-1

   .1348E0  0.0000000  0.0000000  0.0000000 
   .9172E0  0.0000000  0.0000000  0.0000000 
 0.0000000       .1E1  0.0000000  0.0000000 
 0.0000000  0.0000000       .1E1  0.0000000 
 0.0000000  0.0000000  0.0000000       .1E1 

   .85288685E0

      .1E1 

N:ccemd-2
EMSL BASIS SET LIBRARY

  3
    0    1    2
    3    4    1
    9    5    1

  .311963298E4  .937362799E3    .2464475E3  .633680766E2   .16356715E2
  .421027704E1  .108182927E1  .281215365E0 .831911217E-1

-.43499E-3  .19993E-2  0.0000000 
-.12998E-2  .60242E-2  0.0000000 
-.82128E-2  .37066E-1  0.0000000 
-.38322E-1   .16623E0  0.0000000 
  -.1473E0   .52184E0  0.0000000 
  -.2291E0   .43343E0  0.0000000 
  .42664E0 -.22583E-1  0.0000000 
   .7422E0  .61712E-2  0.0000000 
 0.0000000  0.0000000       .1E1 

  .228113748E2  .565014988E1  .130790709E1   .30104066E0 .745473623E-1

  .13464E0  0.0000000  0.0000000  0.0000000 
  .91731E0  0.0000000  0.0000000  0.0000000 
 0.0000000       .1E1  0.0000000  0.0000000 
 0.0000000  0.0000000       .1E1  0.0000000 
 0.0000000  0.0000000  0.0000000       .1E1 

   .85288685E0

      .1E1 

F:ccemd-2
EMSL BASIS SET LIBRARY

  3
    0    1    2
    3    4    1
    9    5    1

  .311963298E4  .937362799E3    .2464475E3  .633680766E2   .16356715E2
  .421027704E1  .108182927E1  .281215365E0 .831911217E-1

-.93714E-3  .36597E-2  0.0000000 
-.27978E-2  .11614E-1  0.0000000 
-.17319E-1  .65487E-1  0.0000000 
-.75392E-1   .28136E0  0.0000000 
 -.23459E0   .59566E0  0.0000000 
-.66513E-1   .20496E0  0.0000000 
  .71987E0 -.10865E-1  0.0000000 
  .41352E0  .19036E-1  0.0000000 
 0.0000000  0.0000000       .1E1 

  .228113748E2  .565014988E1  .130790709E1   .30104066E0 .745473623E-1

  .15672E0  0.0000000  0.0000000  0.0000000 
  .90256E0  0.0000000  0.0000000  0.0000000 
 0.0000000       .1E1  0.0000000  0.0000000 
 0.0000000  0.0000000       .1E1  0.0000000 
 0.0000000  0.0000000  0.0000000       .1E1 

   .85288685E0

      .1E1 

B:ccemd-2
EMSL BASIS SET LIBRARY

  3
    0    1    2
    3    4    1
    9    5    1

  .311963298E4  .937362799E3    .2464475E3  .633680766E2   .16356715E2
  .421027704E1  .108182927E1  .281215365E0 .831911217E-1

-.23339E-3  .85912E-3  0.0000000 
-.75925E-3  .25381E-2  0.0000000 
-.44388E-2  .16311E-1  0.0000000 
-.23491E-1  .77508E-1  0.0000000 
-.97125E-1   .31805E0  0.0000000 
 -.29606E0   .59835E0  0.0000000 
-.92012E-1   .16476E0  0.0000000 
  .10918E1 -.36536E-1  0.0000000 
 0.0000000  0.0000000       .1E1 

  .228113748E2  .565014988E1  .130790709E1   .30104066E0 .745473623E-1

  .14101E0  0.0000000  0.0000000  0.0000000 
  .91309E0  0.0000000  0.0000000  0.0000000 
 0.0000000       .1E1  0.0000000  0.0000000 
 0.0000000  0.0000000       .1E1  0.0000000 
 0.0000000  0.0000000  0.0000000       .1E1 

   .85288685E0

      .1E1 

O:ccemd-2
EMSL BASIS SET LIBRARY

  3
    0    1    2
    3    4    1
    9    5    1

  .311963298E4  .937362799E3    .2464475E3  .633680766E2   .16356715E2
  .421027704E1  .108182927E1  .281215365E0 .831911217E-1

 -.6432E-3  .27589E-2  0.0000000 
-.18967E-2  .85703E-2  0.0000000 
 -.1204E-1  .50289E-1  0.0000000 
-.53745E-1   .22202E0  0.0000000 
 -.19042E0   .57728E0  0.0000000 
 -.16349E0   .31224E0  0.0000000 
  .60233E0 -.30246E-1  0.0000000 
   .5702E0  .16606E-1  0.0000000 
 0.0000000  0.0000000       .1E1 

  .228113748E2  .565014988E1  .130790709E1   .30104066E0 .745473623E-1

  .14152E0  0.0000000  0.0000000  0.0000000 
  .91275E0  0.0000000  0.0000000  0.0000000 
 0.0000000       .1E1  0.0000000  0.0000000 
 0.0000000  0.0000000       .1E1  0.0000000 
 0.0000000  0.0000000  0.0000000       .1E1 

   .85288685E0

      .1E1 

MG:ccemd-2
EMSL BASIS SET LIBRARY

  3
    0    1    2
    3    2    1
   12    4    1

  .795720109E4  .280138916E4  .848246473E3   .25190932E3  .753177713E2
  .222843952E2  .665311772E1    .1965642E1   .58533528E0  .175392791E0
 .526092781E-1 .185040659E-1

  .1455E-3  -.7792E-3  .23887E-2 
 .29553E-3 -.15712E-2  .45985E-2 
 .17362E-2  -.9269E-2  .28237E-1 
 .70689E-2 -.37169E-1   .10573E0 
 .25834E-1  -.13242E0   .35416E0 
 .61267E-1  -.28708E0   .51431E0 
-.71431E-2  .21464E-1   .11937E0 
 -.24251E0   .74855E0  .46391E-1 
  -.2644E0   .33727E0  .27814E-1 
  .45782E0 -.21039E-1 -.36714E-2 
  .73079E0  .32789E-1  .23982E-2 
 .95497E-2 -.51627E-2 -.66367E-3 

  .251113531E2  .460593646E1  .797734858E0  .146205609E0

  .11682E0  0.0000000 
  .57859E0  0.0000000 
  .55619E0  0.0000000 
 0.0000000       .1E1 

  .735740624E0

      .1E1 

NA:ccemd-2
EMSL BASIS SET LIBRARY

  3
    0    1    2
    3    2    1
   12    4    1

  .795720109E4  .280138916E4  .848246473E3   .25190932E3  .753177713E2
  .222843952E2  .665311772E1    .1965642E1   .58533528E0  .175392791E0
 .526092781E-1 .185040659E-1

 .78037E-4 -.59231E-3  .19238E-2 
 .16255E-3 -.12071E-2  .37278E-2 
 .93108E-3 -.70639E-2  .22854E-1 
 .39158E-2  -.2894E-1  .87513E-1 
 .14447E-1  -.10598E0   .30714E0 
 .39002E-1   -.2607E0   .53282E0 
 .10838E-1 -.78538E-1   .17888E0 
 -.13225E0   .64842E0  .25266E-1 
 -.20721E0   .49479E0  .38631E-1 
 .29541E-1 -.17472E-1 -.53747E-2 
  .80508E0  .16143E-1  .31071E-2 
  .26662E0 -.54295E-2 -.10901E-2 

  .251113531E2  .460593646E1  .797734858E0  .146205609E0

  .8608E-1  0.0000000 
  .49566E0  0.0000000 
  .65309E0  0.0000000 
 0.0000000       .1E1 

  .735740624E0

      .1E1 

AR:ccemd-2
EMSL BASIS SET LIBRARY

  3
    0    1    2
    3    3    2
   10    7    2

  .774803675E4  .218773929E4  .538797624E3  .132702001E3  .322175148E2
  .786003033E1  .191535161E1  .464283715E0  .114073922E0 .317145795E-1

 .68609E-3 -.27972E-2  .64175E-2 
 .25197E-2 -.10514E-1   .2361E-1 
 .14849E-1 -.59153E-1   .13041E0 
 .65005E-1  -.25073E0    .4743E0 
  .12008E0  -.36314E0   .43923E0 
 -.35937E0   .68704E0  .77759E-1 
 -.36705E0   .55484E0    .949E-1 
  .10638E1 -.67614E-1 -.22957E-1 
  .18446E0   .4748E-1  .94678E-2 
-.93593E-2  -.1498E-1 -.33328E-2 

  .117143679E3   .36476412E2  .102434637E2  .284030959E1  .787414582E0
  .219916754E0 .676587273E-1

-.11224E-1  .39489E-1  0.0000000 
-.52075E-1   .18265E0  0.0000000 
 -.18271E0   .57764E0  0.0000000 
-.69826E-1   .41172E0  0.0000000 
  .60376E0 -.20001E-1  0.0000000 
  .53331E0  .55812E-2  0.0000000 
 0.0000000  0.0000000       .1E1 

  .989341679E0  .248107322E0

      .1E1  0.0000000 
 0.0000000       .1E1 

P:ccemd-2
EMSL BASIS SET LIBRARY

  3
    0    1    2
    3    3    2
   10    7    2

  .774803675E4  .218773929E4  .538797624E3  .132702001E3  .322175148E2
  .786003033E1  .191535161E1  .464283715E0  .114073922E0 .317145795E-1

 .32877E-3 -.16942E-2  .40349E-2 
 .12149E-2 -.62889E-2  .15523E-1 
 .72921E-2 -.37004E-1  .85368E-1 
 .34659E-1  -.16912E0   .37155E0 
 .93167E-1  -.39065E0   .54843E0 
-.99738E-1   .30145E0  .98395E-1 
 -.53316E0   .85431E0   .10827E0 
  .58158E0 -.37954E-1 -.61451E-2 
  .72221E0  .27757E-1  .30875E-2 
-.62083E-1 -.10709E-1 -.14203E-2 

  .117143679E3   .36476412E2  .102434637E2  .284030959E1  .787414582E0
  .219916754E0 .676587273E-1

-.58199E-2  .20306E-1  0.0000000 
 -.3115E-1   .10275E0  0.0000000 
 -.12921E0   .42577E0  0.0000000 
 -.19873E0   .57064E0  0.0000000 
  .25708E0    .1023E0  0.0000000 
  .84724E0 -.73646E-2  0.0000000 
 0.0000000  0.0000000       .1E1 

  .989341679E0  .248107322E0

      .1E1  0.0000000 
 0.0000000       .1E1 

CL:ccemd-2
EMSL BASIS SET LIBRARY

  3
    0    1    2
    3    3    2
   10    7    2

  .774803675E4  .218773929E4  .538797624E3  .132702001E3  .322175148E2
  .786003033E1  .191535161E1  .464283715E0  .114073922E0 .317145795E-1

 .51779E-3 -.23632E-2  .55583E-2 
 .18967E-2 -.88589E-2  .20815E-1 
 .11319E-1 -.50579E-1   .11455E0 
 .50886E-1  -.22084E0   .44522E0 
  .11003E0   -.3834E0   .48159E0 
 -.25525E0   .57715E0  .73307E-1 
 -.46307E0    .6737E0  .99453E-1 
  .97604E0 -.93803E-1 -.20814E-1 
  .33302E0  .45353E-1   .8092E-2 
-.33958E-1 -.15664E-1 -.29717E-2 

  .117143679E3   .36476412E2  .102434637E2  .284030959E1  .787414582E0
  .219916754E0 .676587273E-1

-.89454E-2  .32224E-1  0.0000000 
 -.4343E-1   .15357E0  0.0000000 
 -.16211E0    .5345E0  0.0000000 
  -.1255E0   .47534E0  0.0000000 
  .51523E0  .41082E-2  0.0000000 
  .63388E0  .26112E-2  0.0000000 
 0.0000000  0.0000000       .1E1 

  .989341679E0  .248107322E0

      .1E1  0.0000000 
 0.0000000       .1E1 

AL:ccemd-2
EMSL BASIS SET LIBRARY

  3
    0    1    2
    3    3    2
   10    7    2

  .774803675E4  .218773929E4  .538797624E3  .132702001E3  .322175148E2
  .786003033E1  .191535161E1  .464283715E0  .114073922E0 .317145795E-1

 .19212E-3  -.1121E-2   .2838E-2 
 .70495E-3 -.40989E-2  .10976E-1 
 .43194E-2 -.24947E-1  .61561E-1 
 .21237E-1  -.11851E0   .29027E0 
 .69116E-1  -.34767E0    .5884E0 
-.47531E-2  .27045E-1   .16609E0 
 -.38594E0   .89942E0  .83643E-1 
-.12239E-1   .14644E0  .25256E-1 
  .98126E0 -.12467E-1  -.5928E-2 
 .95276E-1  .49791E-2  .18178E-2 

  .117143679E3   .36476412E2  .102434637E2  .284030959E1  .787414582E0
  .219916754E0 .676587273E-1

-.50997E-2  .11725E-1  0.0000000 
-.28017E-1   .6258E-1  0.0000000 
 -.13801E0    .3044E0  0.0000000 
  -.2762E0   .58255E0  0.0000000 
-.56366E-1   .27862E0  0.0000000 
  .10063E1 -.13587E-1  0.0000000 
 0.0000000  0.0000000       .1E1 

  .989341679E0  .248107322E0

      .1E1  0.0000000 
 0.0000000       .1E1 

SI:ccemd-2
EMSL BASIS SET LIBRARY

  3
    0    1    2
    3    3    2
   10    7    2

  .774803675E4  .218773929E4  .538797624E3  .132702001E3  .322175148E2
  .786003033E1  .191535161E1  .464283715E0  .114073922E0 .317145795E-1

  .2557E-3 -.14096E-2  .33922E-2 
 .94677E-3 -.52004E-2  .13133E-1 
 .57092E-2 -.31074E-1  .72678E-1 
 .27764E-1  -.14491E0    .3308E0 
 .81954E-1  -.37746E0   .57146E0 
-.43565E-1   .15895E0   .12601E0 
 -.48497E0   .89901E0   .10487E0 
  .29018E0  .36407E-1  .79773E-2 
  .90344E0  .98621E-2 -.10915E-2 
-.28832E-1 -.43815E-2   .6557E-5 

  .117143679E3   .36476412E2  .102434637E2  .284030959E1  .787414582E0
  .219916754E0 .676587273E-1

-.49846E-2  .15625E-1  0.0000000 
-.27407E-1  .81396E-1  0.0000000 
 -.12244E0   .36552E0  0.0000000 
 -.22278E0    .5903E0  0.0000000 
    .108E0   .18089E0  0.0000000 
  .93924E0 -.15165E-1  0.0000000 
 0.0000000  0.0000000       .1E1 

  .989341679E0  .248107322E0

      .1E1  0.0000000 
 0.0000000       .1E1 

S:ccemd-2
EMSL BASIS SET LIBRARY

  3
    0    1    2
    3    3    2
   10    7    2

  .774803675E4  .218773929E4  .538797624E3  .132702001E3  .322175148E2
  .786003033E1  .191535161E1  .464283715E0  .114073922E0 .317145795E-1

  .4145E-3  -.2001E-2  .47607E-2 
 .15234E-2  -.7467E-2  .18104E-1 
 .91305E-2 -.43285E-1  .99434E-1 
 .42206E-1  -.19364E0   .41043E0 
  .10267E0  -.39192E0   .51854E0 
 -.17141E0   .44412E0  .80535E-1 
 -.52517E0   .77575E0   .10423E0 
  .81893E0 -.80336E-1 -.15376E-1 
  .51601E0  .39584E-1  .60588E-2 
-.56028E-1 -.14353E-1 -.23636E-2 

  .117143679E3   .36476412E2  .102434637E2  .284030959E1  .787414582E0
  .219916754E0 .676587273E-1

-.71615E-2  .25834E-1  0.0000000 
-.36587E-1   .12684E0  0.0000000 
  -.1438E0   .48307E0  0.0000000 
 -.16876E0   .53031E0  0.0000000 
  .40118E0  .43988E-1  0.0000000 
  .73862E0 -.15356E-2  0.0000000 
 0.0000000  0.0000000       .1E1 

  .989341679E0  .248107322E0

      .1E1  0.0000000 
 0.0000000       .1E1 




