!  ccemd-3  EMSL  Basis Set Exchange Library   3/19/13 4:52 PM
! Elements                             References
! --------                             ----------
! He H Be Li Ne C N F B O Mg Na Ar P Cl Al Si S: S. Lehtola, P. Manninen, M. Hakala, and K. Hämäläinen, Contraction of completeness-optimized basis sets: Application to ground-state electron momentum densities, J. Chem. Phys. 138, 044109 (2013).
! 



HE:ccemd-3
EMSL BASIS SET LIBRARY

  4
    0    1    2    3
    7    3    1    1
   12    3    1    1

  .185357356E4   .81086618E3  .299690521E3  .107896562E3  .385304051E2
  .137874702E2  .495993196E1  .177928715E1  .637638651E0  .228512122E0
 .847202843E-1  .37222001E-1

 .32504E-2  0.0000000  0.0000000  0.0000000  0.0000000  0.0000000  0.0000000 
 .23564E-2  0.0000000  0.0000000  0.0000000  0.0000000  0.0000000  0.0000000 
 .19681E-1  0.0000000  0.0000000  0.0000000  0.0000000  0.0000000  0.0000000 
 .61134E-1  0.0000000  0.0000000  0.0000000  0.0000000  0.0000000  0.0000000 
  .22753E0  0.0000000  0.0000000  0.0000000  0.0000000  0.0000000  0.0000000 
  .75715E0  0.0000000  0.0000000  0.0000000  0.0000000  0.0000000  0.0000000 
 0.0000000       .1E1  0.0000000  0.0000000  0.0000000  0.0000000  0.0000000 
 0.0000000  0.0000000       .1E1  0.0000000  0.0000000  0.0000000  0.0000000 
 0.0000000  0.0000000  0.0000000       .1E1  0.0000000  0.0000000  0.0000000 
 0.0000000  0.0000000  0.0000000  0.0000000       .1E1  0.0000000  0.0000000 
 0.0000000  0.0000000  0.0000000  0.0000000  0.0000000       .1E1  0.0000000 
 0.0000000  0.0000000  0.0000000  0.0000000  0.0000000  0.0000000       .1E1 

  .452942858E1  .127215928E1  .360959552E0

      .1E1  0.0000000  0.0000000 
 0.0000000       .1E1  0.0000000 
 0.0000000  0.0000000       .1E1 

  .217520403E1

      .1E1 

  .281838293E1

      .1E1 

H:ccemd-3
EMSL BASIS SET LIBRARY

  4
    0    1    2    3
    7    3    1    1
   12    3    1    1

  .185357356E4   .81086618E3  .299690521E3  .107896562E3  .385304051E2
  .137874702E2  .495993196E1  .177928715E1  .637638651E0  .228512122E0
 .847202843E-1  .37222001E-1

 .30783E-2  0.0000000  0.0000000  0.0000000  0.0000000  0.0000000  0.0000000 
 .21915E-2  0.0000000  0.0000000  0.0000000  0.0000000  0.0000000  0.0000000 
 .18707E-1  0.0000000  0.0000000  0.0000000  0.0000000  0.0000000  0.0000000 
 .57889E-1  0.0000000  0.0000000  0.0000000  0.0000000  0.0000000  0.0000000 
  .22076E0  0.0000000  0.0000000  0.0000000  0.0000000  0.0000000  0.0000000 
  .76604E0  0.0000000  0.0000000  0.0000000  0.0000000  0.0000000  0.0000000 
 0.0000000       .1E1  0.0000000  0.0000000  0.0000000  0.0000000  0.0000000 
 0.0000000  0.0000000       .1E1  0.0000000  0.0000000  0.0000000  0.0000000 
 0.0000000  0.0000000  0.0000000       .1E1  0.0000000  0.0000000  0.0000000 
 0.0000000  0.0000000  0.0000000  0.0000000       .1E1  0.0000000  0.0000000 
 0.0000000  0.0000000  0.0000000  0.0000000  0.0000000       .1E1  0.0000000 
 0.0000000  0.0000000  0.0000000  0.0000000  0.0000000  0.0000000       .1E1 

  .452942858E1  .127215928E1  .360959552E0

      .1E1  0.0000000  0.0000000 
 0.0000000       .1E1  0.0000000 
 0.0000000  0.0000000       .1E1 

  .217520403E1

      .1E1 

  .281838293E1

      .1E1 

BE:ccemd-3
EMSL BASIS SET LIBRARY

  4
    0    1    2    3
    8    6    3    1
   14    6    3    1

  .446638969E4  .184855145E4  .652553216E3  .226544352E3  .782900791E2
  .268624828E2  .922249654E1  .315096503E1  .108621528E1  .372584856E0
  .127204295E0 .435130535E-1 .153293712E-1 .636412023E-2

 .40586E-3  .31836E-3  0.0000000  0.0000000  0.0000000  0.0000000  0.0000000 
 0.0000000 
 .42011E-3  .32987E-3  0.0000000  0.0000000  0.0000000  0.0000000  0.0000000 
 0.0000000 
 .29004E-2  .22783E-2  0.0000000  0.0000000  0.0000000  0.0000000  0.0000000 
 0.0000000 
 .96497E-2  .76096E-2  0.0000000  0.0000000  0.0000000  0.0000000  0.0000000 
 0.0000000 
 .36391E-1   .2896E-1  0.0000000  0.0000000  0.0000000  0.0000000  0.0000000 
 0.0000000 
  .12218E0  .99969E-1  0.0000000  0.0000000  0.0000000  0.0000000  0.0000000 
 0.0000000 
  .33796E0   .29616E0  0.0000000  0.0000000  0.0000000  0.0000000  0.0000000 
 0.0000000 
  .60369E0   .66534E0  0.0000000  0.0000000  0.0000000  0.0000000  0.0000000 
 0.0000000 
 0.0000000  0.0000000       .1E1  0.0000000  0.0000000  0.0000000  0.0000000 
 0.0000000 
 0.0000000  0.0000000  0.0000000       .1E1  0.0000000  0.0000000  0.0000000 
 0.0000000 
 0.0000000  0.0000000  0.0000000  0.0000000       .1E1  0.0000000  0.0000000 
 0.0000000 
 0.0000000  0.0000000  0.0000000  0.0000000  0.0000000       .1E1  0.0000000 
 0.0000000 
 0.0000000  0.0000000  0.0000000  0.0000000  0.0000000  0.0000000       .1E1 
 0.0000000 
 0.0000000  0.0000000  0.0000000  0.0000000  0.0000000  0.0000000  0.0000000 
      .1E1 

  .896099522E1  .300011659E1  .902806391E0  .270268291E0 .818937368E-1
 .272328967E-1

      .1E1  0.0000000  0.0000000  0.0000000  0.0000000  0.0000000 
 0.0000000       .1E1  0.0000000  0.0000000  0.0000000  0.0000000 
 0.0000000  0.0000000       .1E1  0.0000000  0.0000000  0.0000000 
 0.0000000  0.0000000  0.0000000       .1E1  0.0000000  0.0000000 
 0.0000000  0.0000000  0.0000000  0.0000000       .1E1  0.0000000 
 0.0000000  0.0000000  0.0000000  0.0000000  0.0000000       .1E1 

  .539684716E0  .293880799E0  .161020894E0

      .1E1  0.0000000  0.0000000 
 0.0000000       .1E1  0.0000000 
 0.0000000  0.0000000       .1E1 

  .249387683E0

      .1E1 

LI:ccemd-3
EMSL BASIS SET LIBRARY

  4
    0    1    2    3
    8    6    3    1
   14    6    3    1

  .446638969E4  .184855145E4  .652553216E3  .226544352E3  .782900791E2
  .268624828E2  .922249654E1  .315096503E1  .108621528E1  .372584856E0
  .127204295E0 .435130535E-1 .153293712E-1 .636412023E-2

 .25462E-3  .28609E-3  0.0000000  0.0000000  0.0000000  0.0000000  0.0000000 
 0.0000000 
 .26687E-3  .29706E-3  0.0000000  0.0000000  0.0000000  0.0000000  0.0000000 
 0.0000000 
 .18199E-2  .20464E-2  0.0000000  0.0000000  0.0000000  0.0000000  0.0000000 
 0.0000000 
 .61563E-2  .68661E-2  0.0000000  0.0000000  0.0000000  0.0000000  0.0000000 
 0.0000000 
 .23521E-1  .26259E-1  0.0000000  0.0000000  0.0000000  0.0000000  0.0000000 
 0.0000000 
 .84868E-1  .92984E-1  0.0000000  0.0000000  0.0000000  0.0000000  0.0000000 
 0.0000000 
  .27362E0   .29037E0  0.0000000  0.0000000  0.0000000  0.0000000  0.0000000 
 0.0000000 
  .70032E0   .67726E0  0.0000000  0.0000000  0.0000000  0.0000000  0.0000000 
 0.0000000 
 0.0000000  0.0000000       .1E1  0.0000000  0.0000000  0.0000000  0.0000000 
 0.0000000 
 0.0000000  0.0000000  0.0000000       .1E1  0.0000000  0.0000000  0.0000000 
 0.0000000 
 0.0000000  0.0000000  0.0000000  0.0000000       .1E1  0.0000000  0.0000000 
 0.0000000 
 0.0000000  0.0000000  0.0000000  0.0000000  0.0000000       .1E1  0.0000000 
 0.0000000 
 0.0000000  0.0000000  0.0000000  0.0000000  0.0000000  0.0000000       .1E1 
 0.0000000 
 0.0000000  0.0000000  0.0000000  0.0000000  0.0000000  0.0000000  0.0000000 
      .1E1 

  .896099522E1  .300011659E1  .902806391E0  .270268291E0 .818937368E-1
 .272328967E-1

      .1E1  0.0000000  0.0000000  0.0000000  0.0000000  0.0000000 
 0.0000000       .1E1  0.0000000  0.0000000  0.0000000  0.0000000 
 0.0000000  0.0000000       .1E1  0.0000000  0.0000000  0.0000000 
 0.0000000  0.0000000  0.0000000       .1E1  0.0000000  0.0000000 
 0.0000000  0.0000000  0.0000000  0.0000000       .1E1  0.0000000 
 0.0000000  0.0000000  0.0000000  0.0000000  0.0000000       .1E1 

  .539684716E0  .293880799E0  .161020894E0

      .1E1  0.0000000  0.0000000 
 0.0000000       .1E1  0.0000000 
 0.0000000  0.0000000       .1E1 

  .249387683E0

      .1E1 

NE:ccemd-3
EMSL BASIS SET LIBRARY

  5
    0    1    2    3    4
    8    7    3    1    1
   13    7    3    1    1

  .258965827E5   .97971089E4  .317954553E4  .101395557E4  .321243399E3
  .101416494E3  .319495706E2  .101391258E2  .323232224E1  .102173576E1
  .325174633E0   .10543133E0 .398938464E-1

 .44362E-3  .54279E-3  0.0000000  0.0000000  0.0000000  0.0000000  0.0000000 
 0.0000000 
 .69812E-3  .84587E-3  0.0000000  0.0000000  0.0000000  0.0000000  0.0000000 
 0.0000000 
 .42539E-2  .51995E-2  0.0000000  0.0000000  0.0000000  0.0000000  0.0000000 
 0.0000000 
 .16476E-1  .19877E-1  0.0000000  0.0000000  0.0000000  0.0000000  0.0000000 
 0.0000000 
 .68281E-1  .81396E-1  0.0000000  0.0000000  0.0000000  0.0000000  0.0000000 
 0.0000000 
  .25186E0   .28252E0  0.0000000  0.0000000  0.0000000  0.0000000  0.0000000 
 0.0000000 
  .74367E0   .70535E0  0.0000000  0.0000000  0.0000000  0.0000000  0.0000000 
 0.0000000 
 0.0000000  0.0000000       .1E1  0.0000000  0.0000000  0.0000000  0.0000000 
 0.0000000 
 0.0000000  0.0000000  0.0000000       .1E1  0.0000000  0.0000000  0.0000000 
 0.0000000 
 0.0000000  0.0000000  0.0000000  0.0000000       .1E1  0.0000000  0.0000000 
 0.0000000 
 0.0000000  0.0000000  0.0000000  0.0000000  0.0000000       .1E1  0.0000000 
 0.0000000 
 0.0000000  0.0000000  0.0000000  0.0000000  0.0000000  0.0000000       .1E1 
 0.0000000 
 0.0000000  0.0000000  0.0000000  0.0000000  0.0000000  0.0000000  0.0000000 
      .1E1 

  .499582303E2  .159882976E2  .456615227E1   .13068761E1  .375924545E0
  .107627709E0 .342579525E-1

      .1E1  0.0000000  0.0000000  0.0000000  0.0000000  0.0000000  0.0000000 
 0.0000000       .1E1  0.0000000  0.0000000  0.0000000  0.0000000  0.0000000 
 0.0000000  0.0000000       .1E1  0.0000000  0.0000000  0.0000000  0.0000000 
 0.0000000  0.0000000  0.0000000       .1E1  0.0000000  0.0000000  0.0000000 
 0.0000000  0.0000000  0.0000000  0.0000000       .1E1  0.0000000  0.0000000 
 0.0000000  0.0000000  0.0000000  0.0000000  0.0000000       .1E1  0.0000000 
 0.0000000  0.0000000  0.0000000  0.0000000  0.0000000  0.0000000       .1E1 

  .262052957E1  .854610667E0  .281512335E0

      .1E1  0.0000000  0.0000000 
 0.0000000       .1E1  0.0000000 
 0.0000000  0.0000000       .1E1 

  .199526232E1

      .1E1 

  .167880402E1

      .1E1 

C:ccemd-3
EMSL BASIS SET LIBRARY

  5
    0    1    2    3    4
    8    7    3    1    1
   13    7    3    1    1

  .258965827E5   .97971089E4  .317954553E4  .101395557E4  .321243399E3
  .101416494E3  .319495706E2  .101391258E2  .323232224E1  .102173576E1
  .325174633E0   .10543133E0 .398938464E-1

 .33652E-3  .36438E-3  0.0000000  0.0000000  0.0000000  0.0000000  0.0000000 
 0.0000000 
 .53957E-3  .59575E-3  0.0000000  0.0000000  0.0000000  0.0000000  0.0000000 
 0.0000000 
 .32228E-2  .34758E-2  0.0000000  0.0000000  0.0000000  0.0000000  0.0000000 
 0.0000000 
  .1278E-1   .1397E-1  0.0000000  0.0000000  0.0000000  0.0000000  0.0000000 
 0.0000000 
 .53584E-1  .57372E-1  0.0000000  0.0000000  0.0000000  0.0000000  0.0000000 
 0.0000000 
  .21742E0   .23029E0  0.0000000  0.0000000  0.0000000  0.0000000  0.0000000 
 0.0000000 
  .78535E0   .77104E0  0.0000000  0.0000000  0.0000000  0.0000000  0.0000000 
 0.0000000 
 0.0000000  0.0000000       .1E1  0.0000000  0.0000000  0.0000000  0.0000000 
 0.0000000 
 0.0000000  0.0000000  0.0000000       .1E1  0.0000000  0.0000000  0.0000000 
 0.0000000 
 0.0000000  0.0000000  0.0000000  0.0000000       .1E1  0.0000000  0.0000000 
 0.0000000 
 0.0000000  0.0000000  0.0000000  0.0000000  0.0000000       .1E1  0.0000000 
 0.0000000 
 0.0000000  0.0000000  0.0000000  0.0000000  0.0000000  0.0000000       .1E1 
 0.0000000 
 0.0000000  0.0000000  0.0000000  0.0000000  0.0000000  0.0000000  0.0000000 
      .1E1 

  .499582303E2  .159882976E2  .456615227E1   .13068761E1  .375924545E0
  .107627709E0 .342579525E-1

      .1E1  0.0000000  0.0000000  0.0000000  0.0000000  0.0000000  0.0000000 
 0.0000000       .1E1  0.0000000  0.0000000  0.0000000  0.0000000  0.0000000 
 0.0000000  0.0000000       .1E1  0.0000000  0.0000000  0.0000000  0.0000000 
 0.0000000  0.0000000  0.0000000       .1E1  0.0000000  0.0000000  0.0000000 
 0.0000000  0.0000000  0.0000000  0.0000000       .1E1  0.0000000  0.0000000 
 0.0000000  0.0000000  0.0000000  0.0000000  0.0000000       .1E1  0.0000000 
 0.0000000  0.0000000  0.0000000  0.0000000  0.0000000  0.0000000       .1E1 

  .262052957E1  .854610667E0  .281512335E0

      .1E1  0.0000000  0.0000000 
 0.0000000       .1E1  0.0000000 
 0.0000000  0.0000000       .1E1 

  .199526232E1

      .1E1 

  .167880402E1

      .1E1 

N:ccemd-3
EMSL BASIS SET LIBRARY

  5
    0    1    2    3    4
    8    7    3    1    1
   13    7    3    1    1

  .258965827E5   .97971089E4  .317954553E4  .101395557E4  .321243399E3
  .101416494E3  .319495706E2  .101391258E2  .323232224E1  .102173576E1
  .325174633E0   .10543133E0 .398938464E-1

 .35468E-3   .3979E-3  0.0000000  0.0000000  0.0000000  0.0000000  0.0000000 
 0.0000000 
 .58567E-3  .62868E-3  0.0000000  0.0000000  0.0000000  0.0000000  0.0000000 
 0.0000000 
 .33806E-2  .38134E-2  0.0000000  0.0000000  0.0000000  0.0000000  0.0000000 
 0.0000000 
 .13703E-1  .14878E-1  0.0000000  0.0000000  0.0000000  0.0000000  0.0000000 
 0.0000000 
 .56044E-1  .62109E-1  0.0000000  0.0000000  0.0000000  0.0000000  0.0000000 
 0.0000000 
   .2278E0   .23831E0  0.0000000  0.0000000  0.0000000  0.0000000  0.0000000 
 0.0000000 
  .77419E0   .76052E0  0.0000000  0.0000000  0.0000000  0.0000000  0.0000000 
 0.0000000 
 0.0000000  0.0000000       .1E1  0.0000000  0.0000000  0.0000000  0.0000000 
 0.0000000 
 0.0000000  0.0000000  0.0000000       .1E1  0.0000000  0.0000000  0.0000000 
 0.0000000 
 0.0000000  0.0000000  0.0000000  0.0000000       .1E1  0.0000000  0.0000000 
 0.0000000 
 0.0000000  0.0000000  0.0000000  0.0000000  0.0000000       .1E1  0.0000000 
 0.0000000 
 0.0000000  0.0000000  0.0000000  0.0000000  0.0000000  0.0000000       .1E1 
 0.0000000 
 0.0000000  0.0000000  0.0000000  0.0000000  0.0000000  0.0000000  0.0000000 
      .1E1 

  .499582303E2  .159882976E2  .456615227E1   .13068761E1  .375924545E0
  .107627709E0 .342579525E-1

      .1E1  0.0000000  0.0000000  0.0000000  0.0000000  0.0000000  0.0000000 
 0.0000000       .1E1  0.0000000  0.0000000  0.0000000  0.0000000  0.0000000 
 0.0000000  0.0000000       .1E1  0.0000000  0.0000000  0.0000000  0.0000000 
 0.0000000  0.0000000  0.0000000       .1E1  0.0000000  0.0000000  0.0000000 
 0.0000000  0.0000000  0.0000000  0.0000000       .1E1  0.0000000  0.0000000 
 0.0000000  0.0000000  0.0000000  0.0000000  0.0000000       .1E1  0.0000000 
 0.0000000  0.0000000  0.0000000  0.0000000  0.0000000  0.0000000       .1E1 

  .262052957E1  .854610667E0  .281512335E0

      .1E1  0.0000000  0.0000000 
 0.0000000       .1E1  0.0000000 
 0.0000000  0.0000000       .1E1 

  .199526232E1

      .1E1 

  .167880402E1

      .1E1 

F:ccemd-3
EMSL BASIS SET LIBRARY

  5
    0    1    2    3    4
    8    7    3    1    1
   13    7    3    1    1

  .258965827E5   .97971089E4  .317954553E4  .101395557E4  .321243399E3
  .101416494E3  .319495706E2  .101391258E2  .323232224E1  .102173576E1
  .325174633E0   .10543133E0 .398938464E-1

 .40687E-3  .48547E-3  0.0000000  0.0000000  0.0000000  0.0000000  0.0000000 
 0.0000000 
 .65306E-3  .74717E-3  0.0000000  0.0000000  0.0000000  0.0000000  0.0000000 
 0.0000000 
 .38923E-2  .46636E-2  0.0000000  0.0000000  0.0000000  0.0000000  0.0000000 
 0.0000000 
 .15357E-1  .17716E-1  0.0000000  0.0000000  0.0000000  0.0000000  0.0000000 
 0.0000000 
 .63287E-1  .73972E-1  0.0000000  0.0000000  0.0000000  0.0000000  0.0000000 
 0.0000000 
  .24259E0   .26342E0  0.0000000  0.0000000  0.0000000  0.0000000  0.0000000 
 0.0000000 
  .75571E0   .72888E0  0.0000000  0.0000000  0.0000000  0.0000000  0.0000000 
 0.0000000 
 0.0000000  0.0000000       .1E1  0.0000000  0.0000000  0.0000000  0.0000000 
 0.0000000 
 0.0000000  0.0000000  0.0000000       .1E1  0.0000000  0.0000000  0.0000000 
 0.0000000 
 0.0000000  0.0000000  0.0000000  0.0000000       .1E1  0.0000000  0.0000000 
 0.0000000 
 0.0000000  0.0000000  0.0000000  0.0000000  0.0000000       .1E1  0.0000000 
 0.0000000 
 0.0000000  0.0000000  0.0000000  0.0000000  0.0000000  0.0000000       .1E1 
 0.0000000 
 0.0000000  0.0000000  0.0000000  0.0000000  0.0000000  0.0000000  0.0000000 
      .1E1 

  .499582303E2  .159882976E2  .456615227E1   .13068761E1  .375924545E0
  .107627709E0 .342579525E-1

      .1E1  0.0000000  0.0000000  0.0000000  0.0000000  0.0000000  0.0000000 
 0.0000000       .1E1  0.0000000  0.0000000  0.0000000  0.0000000  0.0000000 
 0.0000000  0.0000000       .1E1  0.0000000  0.0000000  0.0000000  0.0000000 
 0.0000000  0.0000000  0.0000000       .1E1  0.0000000  0.0000000  0.0000000 
 0.0000000  0.0000000  0.0000000  0.0000000       .1E1  0.0000000  0.0000000 
 0.0000000  0.0000000  0.0000000  0.0000000  0.0000000       .1E1  0.0000000 
 0.0000000  0.0000000  0.0000000  0.0000000  0.0000000  0.0000000       .1E1 

  .262052957E1  .854610667E0  .281512335E0

      .1E1  0.0000000  0.0000000 
 0.0000000       .1E1  0.0000000 
 0.0000000  0.0000000       .1E1 

  .199526232E1

      .1E1 

  .167880402E1

      .1E1 

B:ccemd-3
EMSL BASIS SET LIBRARY

  5
    0    1    2    3    4
    8    7    3    1    1
   13    7    3    1    1

  .258965827E5   .97971089E4  .317954553E4  .101395557E4  .321243399E3
  .101416494E3  .319495706E2  .101391258E2  .323232224E1  .102173576E1
  .325174633E0   .10543133E0 .398938464E-1

 .32151E-3   .3374E-3  0.0000000  0.0000000  0.0000000  0.0000000  0.0000000 
 0.0000000 
 .49388E-3  .55786E-3  0.0000000  0.0000000  0.0000000  0.0000000  0.0000000 
 0.0000000 
 .30989E-2   .3214E-2  0.0000000  0.0000000  0.0000000  0.0000000  0.0000000 
 0.0000000 
   .119E-1  .13063E-1  0.0000000  0.0000000  0.0000000  0.0000000  0.0000000 
 0.0000000 
 .51554E-1  .53562E-1  0.0000000  0.0000000  0.0000000  0.0000000  0.0000000 
 0.0000000 
  .20683E0   .22099E0  0.0000000  0.0000000  0.0000000  0.0000000  0.0000000 
 0.0000000 
  .79635E0   .78206E0  0.0000000  0.0000000  0.0000000  0.0000000  0.0000000 
 0.0000000 
 0.0000000  0.0000000       .1E1  0.0000000  0.0000000  0.0000000  0.0000000 
 0.0000000 
 0.0000000  0.0000000  0.0000000       .1E1  0.0000000  0.0000000  0.0000000 
 0.0000000 
 0.0000000  0.0000000  0.0000000  0.0000000       .1E1  0.0000000  0.0000000 
 0.0000000 
 0.0000000  0.0000000  0.0000000  0.0000000  0.0000000       .1E1  0.0000000 
 0.0000000 
 0.0000000  0.0000000  0.0000000  0.0000000  0.0000000  0.0000000       .1E1 
 0.0000000 
 0.0000000  0.0000000  0.0000000  0.0000000  0.0000000  0.0000000  0.0000000 
      .1E1 

  .499582303E2  .159882976E2  .456615227E1   .13068761E1  .375924545E0
  .107627709E0 .342579525E-1

      .1E1  0.0000000  0.0000000  0.0000000  0.0000000  0.0000000  0.0000000 
 0.0000000       .1E1  0.0000000  0.0000000  0.0000000  0.0000000  0.0000000 
 0.0000000  0.0000000       .1E1  0.0000000  0.0000000  0.0000000  0.0000000 
 0.0000000  0.0000000  0.0000000       .1E1  0.0000000  0.0000000  0.0000000 
 0.0000000  0.0000000  0.0000000  0.0000000       .1E1  0.0000000  0.0000000 
 0.0000000  0.0000000  0.0000000  0.0000000  0.0000000       .1E1  0.0000000 
 0.0000000  0.0000000  0.0000000  0.0000000  0.0000000  0.0000000       .1E1 

  .262052957E1  .854610667E0  .281512335E0

      .1E1  0.0000000  0.0000000 
 0.0000000       .1E1  0.0000000 
 0.0000000  0.0000000       .1E1 

  .199526232E1

      .1E1 

  .167880402E1

      .1E1 

O:ccemd-3
EMSL BASIS SET LIBRARY

  5
    0    1    2    3    4
    8    7    3    1    1
   13    7    3    1    1

  .258965827E5   .97971089E4  .317954553E4  .101395557E4  .321243399E3
  .101416494E3  .319495706E2  .101391258E2  .323232224E1  .102173576E1
  .325174633E0   .10543133E0 .398938464E-1

 .37792E-3  .43787E-3  0.0000000  0.0000000  0.0000000  0.0000000  0.0000000 
 0.0000000 
 .62048E-3  .67589E-3  0.0000000  0.0000000  0.0000000  0.0000000  0.0000000 
 0.0000000 
 .36043E-2   .4208E-2  0.0000000  0.0000000  0.0000000  0.0000000  0.0000000 
 0.0000000 
 .14515E-1  .16073E-1  0.0000000  0.0000000  0.0000000  0.0000000  0.0000000 
 0.0000000 
 .59272E-1  .67617E-1  0.0000000  0.0000000  0.0000000  0.0000000  0.0000000 
 0.0000000 
  .23556E0   .24878E0  0.0000000  0.0000000  0.0000000  0.0000000  0.0000000 
 0.0000000 
   .7649E0   .74707E0  0.0000000  0.0000000  0.0000000  0.0000000  0.0000000 
 0.0000000 
 0.0000000  0.0000000       .1E1  0.0000000  0.0000000  0.0000000  0.0000000 
 0.0000000 
 0.0000000  0.0000000  0.0000000       .1E1  0.0000000  0.0000000  0.0000000 
 0.0000000 
 0.0000000  0.0000000  0.0000000  0.0000000       .1E1  0.0000000  0.0000000 
 0.0000000 
 0.0000000  0.0000000  0.0000000  0.0000000  0.0000000       .1E1  0.0000000 
 0.0000000 
 0.0000000  0.0000000  0.0000000  0.0000000  0.0000000  0.0000000       .1E1 
 0.0000000 
 0.0000000  0.0000000  0.0000000  0.0000000  0.0000000  0.0000000  0.0000000 
      .1E1 

  .499582303E2  .159882976E2  .456615227E1   .13068761E1  .375924545E0
  .107627709E0 .342579525E-1

      .1E1  0.0000000  0.0000000  0.0000000  0.0000000  0.0000000  0.0000000 
 0.0000000       .1E1  0.0000000  0.0000000  0.0000000  0.0000000  0.0000000 
 0.0000000  0.0000000       .1E1  0.0000000  0.0000000  0.0000000  0.0000000 
 0.0000000  0.0000000  0.0000000       .1E1  0.0000000  0.0000000  0.0000000 
 0.0000000  0.0000000  0.0000000  0.0000000       .1E1  0.0000000  0.0000000 
 0.0000000  0.0000000  0.0000000  0.0000000  0.0000000       .1E1  0.0000000 
 0.0000000  0.0000000  0.0000000  0.0000000  0.0000000  0.0000000       .1E1 

  .262052957E1  .854610667E0  .281512335E0

      .1E1  0.0000000  0.0000000 
 0.0000000       .1E1  0.0000000 
 0.0000000  0.0000000       .1E1 

  .199526232E1

      .1E1 

  .167880402E1

      .1E1 

MG:ccemd-3
EMSL BASIS SET LIBRARY

  3
    0    1    2
   11    8    3
   14    8    3

   .26167437E5  .103732746E5   .34597306E4  .113664947E4  .372486931E3
  .121389796E3  .391648677E2   .12741396E2  .415129782E1  .134405855E1
  .435702861E0  .140097631E0 .464395673E-1 .179172962E-1

 .17816E-2   .1813E-2   .1948E-2  0.0000000  0.0000000  0.0000000  0.0000000 
 0.0000000  0.0000000  0.0000000  0.0000000 
 .23447E-2  .24282E-2  .26182E-2  0.0000000  0.0000000  0.0000000  0.0000000 
 0.0000000  0.0000000  0.0000000  0.0000000 
 .15256E-1  .15468E-1  .16562E-1  0.0000000  0.0000000  0.0000000  0.0000000 
 0.0000000  0.0000000  0.0000000  0.0000000 
 .55348E-1  .56745E-1  .60551E-1  0.0000000  0.0000000  0.0000000  0.0000000 
 0.0000000  0.0000000  0.0000000  0.0000000 
  .22118E0   .22249E0   .23196E0  0.0000000  0.0000000  0.0000000  0.0000000 
 0.0000000  0.0000000  0.0000000  0.0000000 
  .77704E0   .77491E0   .76348E0  0.0000000  0.0000000  0.0000000  0.0000000 
 0.0000000  0.0000000  0.0000000  0.0000000 
 0.0000000  0.0000000  0.0000000       .1E1  0.0000000  0.0000000  0.0000000 
 0.0000000  0.0000000  0.0000000  0.0000000 
 0.0000000  0.0000000  0.0000000  0.0000000       .1E1  0.0000000  0.0000000 
 0.0000000  0.0000000  0.0000000  0.0000000 
 0.0000000  0.0000000  0.0000000  0.0000000  0.0000000       .1E1  0.0000000 
 0.0000000  0.0000000  0.0000000  0.0000000 
 0.0000000  0.0000000  0.0000000  0.0000000  0.0000000  0.0000000       .1E1 
 0.0000000  0.0000000  0.0000000  0.0000000 
 0.0000000  0.0000000  0.0000000  0.0000000  0.0000000  0.0000000  0.0000000 
      .1E1  0.0000000  0.0000000  0.0000000 
 0.0000000  0.0000000  0.0000000  0.0000000  0.0000000  0.0000000  0.0000000 
 0.0000000       .1E1  0.0000000  0.0000000 
 0.0000000  0.0000000  0.0000000  0.0000000  0.0000000  0.0000000  0.0000000 
 0.0000000  0.0000000       .1E1  0.0000000 
 0.0000000  0.0000000  0.0000000  0.0000000  0.0000000  0.0000000  0.0000000 
 0.0000000  0.0000000  0.0000000       .1E1 

  .799077904E2  .301654697E2  .101430622E2  .333989221E1  .111688615E1
  .370231528E0   .12366488E0 .466107898E-1

      .1E1  0.0000000  0.0000000  0.0000000  0.0000000  0.0000000  0.0000000 
 0.0000000 
 0.0000000       .1E1  0.0000000  0.0000000  0.0000000  0.0000000  0.0000000 
 0.0000000 
 0.0000000  0.0000000       .1E1  0.0000000  0.0000000  0.0000000  0.0000000 
 0.0000000 
 0.0000000  0.0000000  0.0000000       .1E1  0.0000000  0.0000000  0.0000000 
 0.0000000 
 0.0000000  0.0000000  0.0000000  0.0000000       .1E1  0.0000000  0.0000000 
 0.0000000 
 0.0000000  0.0000000  0.0000000  0.0000000  0.0000000       .1E1  0.0000000 
 0.0000000 
 0.0000000  0.0000000  0.0000000  0.0000000  0.0000000  0.0000000       .1E1 
 0.0000000 
 0.0000000  0.0000000  0.0000000  0.0000000  0.0000000  0.0000000  0.0000000 
      .1E1 

  .194406565E1  .741768601E0  .281845417E0

      .1E1  0.0000000  0.0000000 
 0.0000000       .1E1  0.0000000 
 0.0000000  0.0000000       .1E1 

NA:ccemd-3
EMSL BASIS SET LIBRARY

  3
    0    1    2
   11    8    3
   14    8    3

   .26167437E5  .103732746E5   .34597306E4  .113664947E4  .372486931E3
  .121389796E3  .391648677E2   .12741396E2  .415129782E1  .134405855E1
  .435702861E0  .140097631E0 .464395673E-1 .179172962E-1

 .17186E-2  .17579E-2  .18841E-2  0.0000000  0.0000000  0.0000000  0.0000000 
 0.0000000  0.0000000  0.0000000  0.0000000 
 .23292E-2  .23547E-2   .2492E-2  0.0000000  0.0000000  0.0000000  0.0000000 
 0.0000000  0.0000000  0.0000000  0.0000000 
 .14658E-1  .15009E-1  .16076E-1  0.0000000  0.0000000  0.0000000  0.0000000 
 0.0000000  0.0000000  0.0000000  0.0000000 
 .54498E-1  .55226E-1  .58278E-1  0.0000000  0.0000000  0.0000000  0.0000000 
 0.0000000  0.0000000  0.0000000  0.0000000 
  .21485E0   .21834E0   .22824E0  0.0000000  0.0000000  0.0000000  0.0000000 
 0.0000000  0.0000000  0.0000000  0.0000000 
  .78352E0   .77978E0    .7685E0  0.0000000  0.0000000  0.0000000  0.0000000 
 0.0000000  0.0000000  0.0000000  0.0000000 
 0.0000000  0.0000000  0.0000000       .1E1  0.0000000  0.0000000  0.0000000 
 0.0000000  0.0000000  0.0000000  0.0000000 
 0.0000000  0.0000000  0.0000000  0.0000000       .1E1  0.0000000  0.0000000 
 0.0000000  0.0000000  0.0000000  0.0000000 
 0.0000000  0.0000000  0.0000000  0.0000000  0.0000000       .1E1  0.0000000 
 0.0000000  0.0000000  0.0000000  0.0000000 
 0.0000000  0.0000000  0.0000000  0.0000000  0.0000000  0.0000000       .1E1 
 0.0000000  0.0000000  0.0000000  0.0000000 
 0.0000000  0.0000000  0.0000000  0.0000000  0.0000000  0.0000000  0.0000000 
      .1E1  0.0000000  0.0000000  0.0000000 
 0.0000000  0.0000000  0.0000000  0.0000000  0.0000000  0.0000000  0.0000000 
 0.0000000       .1E1  0.0000000  0.0000000 
 0.0000000  0.0000000  0.0000000  0.0000000  0.0000000  0.0000000  0.0000000 
 0.0000000  0.0000000       .1E1  0.0000000 
 0.0000000  0.0000000  0.0000000  0.0000000  0.0000000  0.0000000  0.0000000 
 0.0000000  0.0000000  0.0000000       .1E1 

  .799077904E2  .301654697E2  .101430622E2  .333989221E1  .111688615E1
  .370231528E0   .12366488E0 .466107898E-1

      .1E1  0.0000000  0.0000000  0.0000000  0.0000000  0.0000000  0.0000000 
 0.0000000 
 0.0000000       .1E1  0.0000000  0.0000000  0.0000000  0.0000000  0.0000000 
 0.0000000 
 0.0000000  0.0000000       .1E1  0.0000000  0.0000000  0.0000000  0.0000000 
 0.0000000 
 0.0000000  0.0000000  0.0000000       .1E1  0.0000000  0.0000000  0.0000000 
 0.0000000 
 0.0000000  0.0000000  0.0000000  0.0000000       .1E1  0.0000000  0.0000000 
 0.0000000 
 0.0000000  0.0000000  0.0000000  0.0000000  0.0000000       .1E1  0.0000000 
 0.0000000 
 0.0000000  0.0000000  0.0000000  0.0000000  0.0000000  0.0000000       .1E1 
 0.0000000 
 0.0000000  0.0000000  0.0000000  0.0000000  0.0000000  0.0000000  0.0000000 
      .1E1 

  .194406565E1  .741768601E0  .281845417E0

      .1E1  0.0000000  0.0000000 
 0.0000000       .1E1  0.0000000 
 0.0000000  0.0000000       .1E1 

AR:ccemd-3
EMSL BASIS SET LIBRARY

  5
    0    1    2    3    4
   10    7    4    2    1
   15    9    4    2    1

  .391618007E5  .166555922E5  .601258732E4   .21234748E4  .744989153E3
  .262910993E3  .919504161E2   .32186128E2  .113052324E2  .394507271E1
  .138552282E1  .486603639E0     .171868E0 .619071403E-1  .26318408E-1

 .57699E-3  .68534E-3  .10134E-2  0.0000000  0.0000000  0.0000000  0.0000000 
 0.0000000  0.0000000  0.0000000 
  .5122E-3  .62725E-3  .90532E-3  0.0000000  0.0000000  0.0000000  0.0000000 
 0.0000000  0.0000000  0.0000000 
 .38017E-2  .44841E-2  .66335E-2  0.0000000  0.0000000  0.0000000  0.0000000 
 0.0000000  0.0000000  0.0000000 
 .12252E-1  .14698E-1  .21244E-1  0.0000000  0.0000000  0.0000000  0.0000000 
 0.0000000  0.0000000  0.0000000 
 .45027E-1  .52374E-1  .75212E-1  0.0000000  0.0000000  0.0000000  0.0000000 
 0.0000000  0.0000000  0.0000000 
  .14391E0   .16532E0   .22101E0  0.0000000  0.0000000  0.0000000  0.0000000 
 0.0000000  0.0000000  0.0000000 
  .39218E0   .40732E0   .46611E0  0.0000000  0.0000000  0.0000000  0.0000000 
 0.0000000  0.0000000  0.0000000 
  .52227E0   .48327E0   .35015E0  0.0000000  0.0000000  0.0000000  0.0000000 
 0.0000000  0.0000000  0.0000000 
 0.0000000  0.0000000  0.0000000       .1E1  0.0000000  0.0000000  0.0000000 
 0.0000000  0.0000000  0.0000000 
 0.0000000  0.0000000  0.0000000  0.0000000       .1E1  0.0000000  0.0000000 
 0.0000000  0.0000000  0.0000000 
 0.0000000  0.0000000  0.0000000  0.0000000  0.0000000       .1E1  0.0000000 
 0.0000000  0.0000000  0.0000000 
 0.0000000  0.0000000  0.0000000  0.0000000  0.0000000  0.0000000       .1E1 
 0.0000000  0.0000000  0.0000000 
 0.0000000  0.0000000  0.0000000  0.0000000  0.0000000  0.0000000  0.0000000 
      .1E1  0.0000000  0.0000000 
 0.0000000  0.0000000  0.0000000  0.0000000  0.0000000  0.0000000  0.0000000 
 0.0000000       .1E1  0.0000000 
 0.0000000  0.0000000  0.0000000  0.0000000  0.0000000  0.0000000  0.0000000 
 0.0000000  0.0000000       .1E1 

  .246481339E3  .886733476E2  .284665993E2  .900731252E1  .284970807E1
  .902608034E0  .285645586E0 .908342983E-1 .326868157E-1

 .13944E-1  .15792E-1  0.0000000  0.0000000  0.0000000  0.0000000  0.0000000 
 .58554E-1  .63416E-1  0.0000000  0.0000000  0.0000000  0.0000000  0.0000000 
  .29214E0   .31338E0  0.0000000  0.0000000  0.0000000  0.0000000  0.0000000 
  .75088E0   .72938E0  0.0000000  0.0000000  0.0000000  0.0000000  0.0000000 
 0.0000000  0.0000000       .1E1  0.0000000  0.0000000  0.0000000  0.0000000 
 0.0000000  0.0000000  0.0000000       .1E1  0.0000000  0.0000000  0.0000000 
 0.0000000  0.0000000  0.0000000  0.0000000       .1E1  0.0000000  0.0000000 
 0.0000000  0.0000000  0.0000000  0.0000000  0.0000000       .1E1  0.0000000 
 0.0000000  0.0000000  0.0000000  0.0000000  0.0000000  0.0000000       .1E1 

  .231008867E1  .850679292E0  .289959816E0  .106764044E0

      .1E1  0.0000000  0.0000000  0.0000000 
 0.0000000       .1E1  0.0000000  0.0000000 
 0.0000000  0.0000000       .1E1  0.0000000 
 0.0000000  0.0000000  0.0000000       .1E1 

  .707136979E0  .411767083E0

      .1E1  0.0000000 
 0.0000000       .1E1 

  .118850223E1

      .1E1 

P:ccemd-3
EMSL BASIS SET LIBRARY

  5
    0    1    2    3    4
   10    7    4    2    1
   15    9    4    2    1

  .391618007E5  .166555922E5  .601258732E4   .21234748E4  .744989153E3
  .262910993E3  .919504161E2   .32186128E2  .113052324E2  .394507271E1
  .138552282E1  .486603639E0     .171868E0 .619071403E-1  .26318408E-1

 .41735E-3    .482E-3  .67704E-3  0.0000000  0.0000000  0.0000000  0.0000000 
 0.0000000  0.0000000  0.0000000 
 .37508E-3  .43474E-3   .5956E-3  0.0000000  0.0000000  0.0000000  0.0000000 
 0.0000000  0.0000000  0.0000000 
 .27468E-2  .31664E-2  .44545E-2  0.0000000  0.0000000  0.0000000  0.0000000 
 0.0000000  0.0000000  0.0000000 
 .89709E-2  .10342E-1  .14239E-1  0.0000000  0.0000000  0.0000000  0.0000000 
 0.0000000  0.0000000  0.0000000 
 .33117E-1  .37805E-1  .52057E-1  0.0000000  0.0000000  0.0000000  0.0000000 
 0.0000000  0.0000000  0.0000000 
  .11044E0   .12391E0   .16161E0  0.0000000  0.0000000  0.0000000  0.0000000 
 0.0000000  0.0000000  0.0000000 
  .32679E0   .34704E0   .40857E0  0.0000000  0.0000000  0.0000000  0.0000000 
 0.0000000  0.0000000  0.0000000 
   .6222E0   .58893E0   .48549E0  0.0000000  0.0000000  0.0000000  0.0000000 
 0.0000000  0.0000000  0.0000000 
 0.0000000  0.0000000  0.0000000       .1E1  0.0000000  0.0000000  0.0000000 
 0.0000000  0.0000000  0.0000000 
 0.0000000  0.0000000  0.0000000  0.0000000       .1E1  0.0000000  0.0000000 
 0.0000000  0.0000000  0.0000000 
 0.0000000  0.0000000  0.0000000  0.0000000  0.0000000       .1E1  0.0000000 
 0.0000000  0.0000000  0.0000000 
 0.0000000  0.0000000  0.0000000  0.0000000  0.0000000  0.0000000       .1E1 
 0.0000000  0.0000000  0.0000000 
 0.0000000  0.0000000  0.0000000  0.0000000  0.0000000  0.0000000  0.0000000 
      .1E1  0.0000000  0.0000000 
 0.0000000  0.0000000  0.0000000  0.0000000  0.0000000  0.0000000  0.0000000 
 0.0000000       .1E1  0.0000000 
 0.0000000  0.0000000  0.0000000  0.0000000  0.0000000  0.0000000  0.0000000 
 0.0000000  0.0000000       .1E1 

  .246481339E3  .886733476E2  .284665993E2  .900731252E1  .284970807E1
  .902608034E0  .285645586E0 .908342983E-1 .326868157E-1

 .10835E-1  .11123E-1  0.0000000  0.0000000  0.0000000  0.0000000  0.0000000 
 .43771E-1  .46497E-1  0.0000000  0.0000000  0.0000000  0.0000000  0.0000000 
  .25762E0    .2582E0  0.0000000  0.0000000  0.0000000  0.0000000  0.0000000 
  .78793E0   .78618E0  0.0000000  0.0000000  0.0000000  0.0000000  0.0000000 
 0.0000000  0.0000000       .1E1  0.0000000  0.0000000  0.0000000  0.0000000 
 0.0000000  0.0000000  0.0000000       .1E1  0.0000000  0.0000000  0.0000000 
 0.0000000  0.0000000  0.0000000  0.0000000       .1E1  0.0000000  0.0000000 
 0.0000000  0.0000000  0.0000000  0.0000000  0.0000000       .1E1  0.0000000 
 0.0000000  0.0000000  0.0000000  0.0000000  0.0000000  0.0000000       .1E1 

  .231008867E1  .850679292E0  .289959816E0  .106764044E0

      .1E1  0.0000000  0.0000000  0.0000000 
 0.0000000       .1E1  0.0000000  0.0000000 
 0.0000000  0.0000000       .1E1  0.0000000 
 0.0000000  0.0000000  0.0000000       .1E1 

  .707136979E0  .411767083E0

      .1E1  0.0000000 
 0.0000000       .1E1 

  .118850223E1

      .1E1 

CL:ccemd-3
EMSL BASIS SET LIBRARY

  5
    0    1    2    3    4
   10    7    4    2    1
   15    9    4    2    1

  .391618007E5  .166555922E5  .601258732E4   .21234748E4  .744989153E3
  .262910993E3  .919504161E2   .32186128E2  .113052324E2  .394507271E1
  .138552282E1  .486603639E0     .171868E0 .619071403E-1  .26318408E-1

 .51706E-3  .60704E-3  .88855E-3  0.0000000  0.0000000  0.0000000  0.0000000 
 0.0000000  0.0000000  0.0000000 
 .45255E-3  .55237E-3  .78716E-3  0.0000000  0.0000000  0.0000000  0.0000000 
 0.0000000  0.0000000  0.0000000 
 .34158E-2  .39779E-2  .58297E-2  0.0000000  0.0000000  0.0000000  0.0000000 
 0.0000000  0.0000000  0.0000000 
 .10925E-1  .13016E-1   .1862E-1  0.0000000  0.0000000  0.0000000  0.0000000 
 0.0000000  0.0000000  0.0000000 
 .40675E-1  .46824E-1  .66799E-1  0.0000000  0.0000000  0.0000000  0.0000000 
 0.0000000  0.0000000  0.0000000 
  .13065E0   .14968E0   .19975E0  0.0000000  0.0000000  0.0000000  0.0000000 
 0.0000000  0.0000000  0.0000000 
  .37111E0    .3862E0   .45021E0  0.0000000  0.0000000  0.0000000  0.0000000 
 0.0000000  0.0000000  0.0000000 
  .55752E0   .52247E0   .39528E0  0.0000000  0.0000000  0.0000000  0.0000000 
 0.0000000  0.0000000  0.0000000 
 0.0000000  0.0000000  0.0000000       .1E1  0.0000000  0.0000000  0.0000000 
 0.0000000  0.0000000  0.0000000 
 0.0000000  0.0000000  0.0000000  0.0000000       .1E1  0.0000000  0.0000000 
 0.0000000  0.0000000  0.0000000 
 0.0000000  0.0000000  0.0000000  0.0000000  0.0000000       .1E1  0.0000000 
 0.0000000  0.0000000  0.0000000 
 0.0000000  0.0000000  0.0000000  0.0000000  0.0000000  0.0000000       .1E1 
 0.0000000  0.0000000  0.0000000 
 0.0000000  0.0000000  0.0000000  0.0000000  0.0000000  0.0000000  0.0000000 
      .1E1  0.0000000  0.0000000 
 0.0000000  0.0000000  0.0000000  0.0000000  0.0000000  0.0000000  0.0000000 
 0.0000000       .1E1  0.0000000 
 0.0000000  0.0000000  0.0000000  0.0000000  0.0000000  0.0000000  0.0000000 
 0.0000000  0.0000000       .1E1 

  .246481339E3  .886733476E2  .284665993E2  .900731252E1  .284970807E1
  .902608034E0  .285645586E0 .908342983E-1 .326868157E-1

 .12771E-1   .1397E-1  0.0000000  0.0000000  0.0000000  0.0000000  0.0000000 
 .53118E-1  .57123E-1  0.0000000  0.0000000  0.0000000  0.0000000  0.0000000 
  .28012E0   .29295E0  0.0000000  0.0000000  0.0000000  0.0000000  0.0000000 
  .76412E0   .75084E0  0.0000000  0.0000000  0.0000000  0.0000000  0.0000000 
 0.0000000  0.0000000       .1E1  0.0000000  0.0000000  0.0000000  0.0000000 
 0.0000000  0.0000000  0.0000000       .1E1  0.0000000  0.0000000  0.0000000 
 0.0000000  0.0000000  0.0000000  0.0000000       .1E1  0.0000000  0.0000000 
 0.0000000  0.0000000  0.0000000  0.0000000  0.0000000       .1E1  0.0000000 
 0.0000000  0.0000000  0.0000000  0.0000000  0.0000000  0.0000000       .1E1 

  .231008867E1  .850679292E0  .289959816E0  .106764044E0

      .1E1  0.0000000  0.0000000  0.0000000 
 0.0000000       .1E1  0.0000000  0.0000000 
 0.0000000  0.0000000       .1E1  0.0000000 
 0.0000000  0.0000000  0.0000000       .1E1 

  .707136979E0  .411767083E0

      .1E1  0.0000000 
 0.0000000       .1E1 

  .118850223E1

      .1E1 

AL:ccemd-3
EMSL BASIS SET LIBRARY

  5
    0    1    2    3    4
   10    7    4    2    1
   15    9    4    2    1

  .391618007E5  .166555922E5  .601258732E4   .21234748E4  .744989153E3
  .262910993E3  .919504161E2   .32186128E2  .113052324E2  .394507271E1
  .138552282E1  .486603639E0     .171868E0 .619071403E-1  .26318408E-1

 .34435E-3  .38575E-3   .5135E-3  0.0000000  0.0000000  0.0000000  0.0000000 
 0.0000000  0.0000000  0.0000000 
 .32612E-3  .35196E-3   .4583E-3  0.0000000  0.0000000  0.0000000  0.0000000 
 0.0000000  0.0000000  0.0000000 
 .22472E-2  .25313E-2  .33754E-2  0.0000000  0.0000000  0.0000000  0.0000000 
 0.0000000  0.0000000  0.0000000 
 .76285E-2   .8364E-2  .10948E-1  0.0000000  0.0000000  0.0000000  0.0000000 
 0.0000000  0.0000000  0.0000000 
 .27447E-1  .30647E-1  .40183E-1  0.0000000  0.0000000  0.0000000  0.0000000 
 0.0000000  0.0000000  0.0000000 
 .96143E-1   .10393E0   .13046E0  0.0000000  0.0000000  0.0000000  0.0000000 
 0.0000000  0.0000000  0.0000000 
  .29032E0   .30983E0   .36035E0  0.0000000  0.0000000  0.0000000  0.0000000 
 0.0000000  0.0000000  0.0000000 
  .67147E0   .64512E0    .5689E0  0.0000000  0.0000000  0.0000000  0.0000000 
 0.0000000  0.0000000  0.0000000 
 0.0000000  0.0000000  0.0000000       .1E1  0.0000000  0.0000000  0.0000000 
 0.0000000  0.0000000  0.0000000 
 0.0000000  0.0000000  0.0000000  0.0000000       .1E1  0.0000000  0.0000000 
 0.0000000  0.0000000  0.0000000 
 0.0000000  0.0000000  0.0000000  0.0000000  0.0000000       .1E1  0.0000000 
 0.0000000  0.0000000  0.0000000 
 0.0000000  0.0000000  0.0000000  0.0000000  0.0000000  0.0000000       .1E1 
 0.0000000  0.0000000  0.0000000 
 0.0000000  0.0000000  0.0000000  0.0000000  0.0000000  0.0000000  0.0000000 
      .1E1  0.0000000  0.0000000 
 0.0000000  0.0000000  0.0000000  0.0000000  0.0000000  0.0000000  0.0000000 
 0.0000000       .1E1  0.0000000 
 0.0000000  0.0000000  0.0000000  0.0000000  0.0000000  0.0000000  0.0000000 
 0.0000000  0.0000000       .1E1 

  .246481339E3  .886733476E2  .284665993E2  .900731252E1  .284970807E1
  .902608034E0  .285645586E0 .908342983E-1 .326868157E-1

 .85582E-2  .89694E-2  0.0000000  0.0000000  0.0000000  0.0000000  0.0000000 
 .36869E-1  .38194E-1  0.0000000  0.0000000  0.0000000  0.0000000  0.0000000 
  .22184E0   .22797E0  0.0000000  0.0000000  0.0000000  0.0000000  0.0000000 
  .82104E0   .81539E0  0.0000000  0.0000000  0.0000000  0.0000000  0.0000000 
 0.0000000  0.0000000       .1E1  0.0000000  0.0000000  0.0000000  0.0000000 
 0.0000000  0.0000000  0.0000000       .1E1  0.0000000  0.0000000  0.0000000 
 0.0000000  0.0000000  0.0000000  0.0000000       .1E1  0.0000000  0.0000000 
 0.0000000  0.0000000  0.0000000  0.0000000  0.0000000       .1E1  0.0000000 
 0.0000000  0.0000000  0.0000000  0.0000000  0.0000000  0.0000000       .1E1 

  .231008867E1  .850679292E0  .289959816E0  .106764044E0

      .1E1  0.0000000  0.0000000  0.0000000 
 0.0000000       .1E1  0.0000000  0.0000000 
 0.0000000  0.0000000       .1E1  0.0000000 
 0.0000000  0.0000000  0.0000000       .1E1 

  .707136979E0  .411767083E0

      .1E1  0.0000000 
 0.0000000       .1E1 

  .118850223E1

      .1E1 

SI:ccemd-3
EMSL BASIS SET LIBRARY

  5
    0    1    2    3    4
   10    7    4    2    1
   15    9    4    2    1

  .391618007E5  .166555922E5  .601258732E4   .21234748E4  .744989153E3
  .262910993E3  .919504161E2   .32186128E2  .113052324E2  .394507271E1
  .138552282E1  .486603639E0     .171868E0 .619071403E-1  .26318408E-1

 .37677E-3   .4307E-3   .5895E-3  0.0000000  0.0000000  0.0000000  0.0000000 
 0.0000000  0.0000000  0.0000000 
 .34969E-3  .38948E-3  .52075E-3  0.0000000  0.0000000  0.0000000  0.0000000 
 0.0000000  0.0000000  0.0000000 
 .24669E-2  .28294E-2  .38788E-2  0.0000000  0.0000000  0.0000000  0.0000000 
 0.0000000  0.0000000  0.0000000 
 .82471E-2  .92754E-2  .12465E-1  0.0000000  0.0000000  0.0000000  0.0000000 
 0.0000000  0.0000000  0.0000000 
 .29951E-1  .34018E-1  .45755E-1  0.0000000  0.0000000  0.0000000  0.0000000 
 0.0000000  0.0000000  0.0000000 
  .10274E0   .11326E0   .14511E0  0.0000000  0.0000000  0.0000000  0.0000000 
 0.0000000  0.0000000  0.0000000 
  .30624E0   .32811E0   .38473E0  0.0000000  0.0000000  0.0000000  0.0000000 
 0.0000000  0.0000000  0.0000000 
  .64987E0   .61824E0   .52854E0  0.0000000  0.0000000  0.0000000  0.0000000 
 0.0000000  0.0000000  0.0000000 
 0.0000000  0.0000000  0.0000000       .1E1  0.0000000  0.0000000  0.0000000 
 0.0000000  0.0000000  0.0000000 
 0.0000000  0.0000000  0.0000000  0.0000000       .1E1  0.0000000  0.0000000 
 0.0000000  0.0000000  0.0000000 
 0.0000000  0.0000000  0.0000000  0.0000000  0.0000000       .1E1  0.0000000 
 0.0000000  0.0000000  0.0000000 
 0.0000000  0.0000000  0.0000000  0.0000000  0.0000000  0.0000000       .1E1 
 0.0000000  0.0000000  0.0000000 
 0.0000000  0.0000000  0.0000000  0.0000000  0.0000000  0.0000000  0.0000000 
      .1E1  0.0000000  0.0000000 
 0.0000000  0.0000000  0.0000000  0.0000000  0.0000000  0.0000000  0.0000000 
 0.0000000       .1E1  0.0000000 
 0.0000000  0.0000000  0.0000000  0.0000000  0.0000000  0.0000000  0.0000000 
 0.0000000  0.0000000       .1E1 

  .246481339E3  .886733476E2  .284665993E2  .900731252E1  .284970807E1
  .902608034E0  .285645586E0 .908342983E-1 .326868157E-1

 .97546E-2   .9992E-2  0.0000000  0.0000000  0.0000000  0.0000000  0.0000000 
 .39948E-1  .42048E-1  0.0000000  0.0000000  0.0000000  0.0000000  0.0000000 
  .24166E0   .24294E0  0.0000000  0.0000000  0.0000000  0.0000000  0.0000000 
  .80317E0   .80116E0  0.0000000  0.0000000  0.0000000  0.0000000  0.0000000 
 0.0000000  0.0000000       .1E1  0.0000000  0.0000000  0.0000000  0.0000000 
 0.0000000  0.0000000  0.0000000       .1E1  0.0000000  0.0000000  0.0000000 
 0.0000000  0.0000000  0.0000000  0.0000000       .1E1  0.0000000  0.0000000 
 0.0000000  0.0000000  0.0000000  0.0000000  0.0000000       .1E1  0.0000000 
 0.0000000  0.0000000  0.0000000  0.0000000  0.0000000  0.0000000       .1E1 

  .231008867E1  .850679292E0  .289959816E0  .106764044E0

      .1E1  0.0000000  0.0000000  0.0000000 
 0.0000000       .1E1  0.0000000  0.0000000 
 0.0000000  0.0000000       .1E1  0.0000000 
 0.0000000  0.0000000  0.0000000       .1E1 

  .707136979E0  .411767083E0

      .1E1  0.0000000 
 0.0000000       .1E1 

  .118850223E1

      .1E1 

S:ccemd-3
EMSL BASIS SET LIBRARY

  5
    0    1    2    3    4
   10    7    4    2    1
   15    9    4    2    1

  .391618007E5  .166555922E5  .601258732E4   .21234748E4  .744989153E3
  .262910993E3  .919504161E2   .32186128E2  .113052324E2  .394507271E1
  .138552282E1  .486603639E0     .171868E0 .619071403E-1  .26318408E-1

 .46449E-3  .54013E-3  .77656E-3  0.0000000  0.0000000  0.0000000  0.0000000 
 0.0000000  0.0000000  0.0000000 
   .408E-3  .48865E-3  .68408E-3  0.0000000  0.0000000  0.0000000  0.0000000 
 0.0000000  0.0000000  0.0000000 
 .30676E-2  .35447E-2  .51041E-2  0.0000000  0.0000000  0.0000000  0.0000000 
 0.0000000  0.0000000  0.0000000 
 .98511E-2  .11578E-1  .16287E-1  0.0000000  0.0000000  0.0000000  0.0000000 
 0.0000000  0.0000000  0.0000000 
 .36741E-1  .42028E-1  .59074E-1  0.0000000  0.0000000  0.0000000  0.0000000 
 0.0000000  0.0000000  0.0000000 
  .11966E0   .13597E0   .17988E0  0.0000000  0.0000000  0.0000000  0.0000000 
 0.0000000  0.0000000  0.0000000 
  .34915E0   .36628E0   .43073E0  0.0000000  0.0000000  0.0000000  0.0000000 
 0.0000000  0.0000000  0.0000000 
  .59079E0   .55729E0   .44074E0  0.0000000  0.0000000  0.0000000  0.0000000 
 0.0000000  0.0000000  0.0000000 
 0.0000000  0.0000000  0.0000000       .1E1  0.0000000  0.0000000  0.0000000 
 0.0000000  0.0000000  0.0000000 
 0.0000000  0.0000000  0.0000000  0.0000000       .1E1  0.0000000  0.0000000 
 0.0000000  0.0000000  0.0000000 
 0.0000000  0.0000000  0.0000000  0.0000000  0.0000000       .1E1  0.0000000 
 0.0000000  0.0000000  0.0000000 
 0.0000000  0.0000000  0.0000000  0.0000000  0.0000000  0.0000000       .1E1 
 0.0000000  0.0000000  0.0000000 
 0.0000000  0.0000000  0.0000000  0.0000000  0.0000000  0.0000000  0.0000000 
      .1E1  0.0000000  0.0000000 
 0.0000000  0.0000000  0.0000000  0.0000000  0.0000000  0.0000000  0.0000000 
 0.0000000       .1E1  0.0000000 
 0.0000000  0.0000000  0.0000000  0.0000000  0.0000000  0.0000000  0.0000000 
 0.0000000  0.0000000       .1E1 

  .246481339E3  .886733476E2  .284665993E2  .900731252E1  .284970807E1
  .902608034E0  .285645586E0 .908342983E-1 .326868157E-1

 .11795E-1  .12429E-1  0.0000000  0.0000000  0.0000000  0.0000000  0.0000000 
 .48164E-1   .5151E-1  0.0000000  0.0000000  0.0000000  0.0000000  0.0000000 
  .26971E0   .27466E0  0.0000000  0.0000000  0.0000000  0.0000000  0.0000000 
  .77552E0   .76964E0  0.0000000  0.0000000  0.0000000  0.0000000  0.0000000 
 0.0000000  0.0000000       .1E1  0.0000000  0.0000000  0.0000000  0.0000000 
 0.0000000  0.0000000  0.0000000       .1E1  0.0000000  0.0000000  0.0000000 
 0.0000000  0.0000000  0.0000000  0.0000000       .1E1  0.0000000  0.0000000 
 0.0000000  0.0000000  0.0000000  0.0000000  0.0000000       .1E1  0.0000000 
 0.0000000  0.0000000  0.0000000  0.0000000  0.0000000  0.0000000       .1E1 

  .231008867E1  .850679292E0  .289959816E0  .106764044E0

      .1E1  0.0000000  0.0000000  0.0000000 
 0.0000000       .1E1  0.0000000  0.0000000 
 0.0000000  0.0000000       .1E1  0.0000000 
 0.0000000  0.0000000  0.0000000       .1E1 

  .707136979E0  .411767083E0

      .1E1  0.0000000 
 0.0000000       .1E1 

  .118850223E1

      .1E1 




