!  CVTZ  EMSL  Basis Set Exchange Library   3/19/13 5:04 PM
! Elements                             References
! --------                             ----------
! Li Be Na Mg K Ca : M. A. Iron, M. Oren, J. M. L. Martin, Alkali and Alkaline Earth Metal Compounds : Core-Valence Basis Sets and Importance of Subvalence, Mol. Phys. 101, 1345 (2003).
! 



LI:CVTZ
EMSL BASIS SET LIBRARY

  4
    0    1    2    3
    6    5    3    1
   26    9    3    1

       .5988E4       .8989E3       .2059E3       .5924E2       .1987E2
       .7406E1        .293E1       .1189E1       .4798E0      .7509E-1
      .2832E-1       .5988E4       .8989E3       .2059E3       .5924E2
       .1987E2       .7406E1        .293E1       .1189E1       .4798E0
      .7509E-1      .2832E-1      .7509E-1      .2832E-1  1.6623733541
  4.9087410257

   .133E-3  0.0000000  0.0000000  0.0000000  0.0000000  0.0000000 
  .1025E-2  0.0000000  0.0000000  0.0000000  0.0000000  0.0000000 
  .5272E-2  0.0000000  0.0000000  0.0000000  0.0000000  0.0000000 
 .20929E-1  0.0000000  0.0000000  0.0000000  0.0000000  0.0000000 
  .6634E-1  0.0000000  0.0000000  0.0000000  0.0000000  0.0000000 
  .16578E0  0.0000000  0.0000000  0.0000000  0.0000000  0.0000000 
  .31504E0  0.0000000  0.0000000  0.0000000  0.0000000  0.0000000 
  .39352E0  0.0000000  0.0000000  0.0000000  0.0000000  0.0000000 
  .19087E0  0.0000000  0.0000000  0.0000000  0.0000000  0.0000000 
  .5414E-2  0.0000000  0.0000000  0.0000000  0.0000000  0.0000000 
 -.1328E-2  0.0000000  0.0000000  0.0000000  0.0000000  0.0000000 
 0.0000000    -.21E-4  0.0000000  0.0000000  0.0000000  0.0000000 
 0.0000000   -.161E-3  0.0000000  0.0000000  0.0000000  0.0000000 
 0.0000000    -.82E-3  0.0000000  0.0000000  0.0000000  0.0000000 
 0.0000000  -.3326E-2  0.0000000  0.0000000  0.0000000  0.0000000 
 0.0000000 -.10519E-1  0.0000000  0.0000000  0.0000000  0.0000000 
 0.0000000 -.28097E-1  0.0000000  0.0000000  0.0000000  0.0000000 
 0.0000000 -.55936E-1  0.0000000  0.0000000  0.0000000  0.0000000 
 0.0000000 -.99237E-1  0.0000000  0.0000000  0.0000000  0.0000000 
 0.0000000  -.11219E0  0.0000000  0.0000000  0.0000000  0.0000000 
 0.0000000   .56789E0  0.0000000  0.0000000  0.0000000  0.0000000 
 0.0000000   .53038E0  0.0000000  0.0000000  0.0000000  0.0000000 
 0.0000000  0.0000000  1.0000000  0.0000000  0.0000000  0.0000000 
 0.0000000  0.0000000  0.0000000  1.0000000  0.0000000  0.0000000 
 0.0000000  0.0000000  0.0000000  0.0000000  1.0000000  0.0000000 
 0.0000000  0.0000000  0.0000000  0.0000000  0.0000000  1.0000000 

       .3266E1       .6511E0       .1696E0      .5578E-1       .205E-1
      .5578E-1       .205E-1  1.9801361590  7.7374111536

   .863E-2  0.0000000  0.0000000  0.0000000  0.0000000 
 .47538E-1  0.0000000  0.0000000  0.0000000  0.0000000 
  .20977E0  0.0000000  0.0000000  0.0000000  0.0000000 
  .52852E0  0.0000000  0.0000000  0.0000000  0.0000000 
  .38274E0  0.0000000  0.0000000  0.0000000  0.0000000 
 0.0000000  1.0000000  0.0000000  0.0000000  0.0000000 
 0.0000000  0.0000000  1.0000000  0.0000000  0.0000000 
 0.0000000  0.0000000  0.0000000  1.0000000  0.0000000 
 0.0000000  0.0000000  0.0000000  0.0000000  1.0000000 

       .1874E0       .801E-1  4.8814932277

 1.0000000  0.0000000  0.0000000 
 0.0000000  1.0000000  0.0000000 
 0.0000000  0.0000000  1.0000000 

       .1829E0

 1.0000000 

BE:CVTZ
EMSL BASIS SET LIBRARY

  4
    0    1    2    3
    6    5    3    1
   26    9    3    1

       .6863E4        .103E4       .2347E3       .6656E2       .2169E2
       .7734E1       .2916E1        .113E1       .2577E0       .1101E0
      .4409E-1       .6863E4        .103E4       .2347E3       .6656E2
       .2169E2       .7734E1       .2916E1        .113E1       .2577E0
       .1101E0      .4409E-1       .2577E0      .4409E-1  1.6452178654
  4.7235314402

 .23604E-3  0.0000000  0.0000000  0.0000000  0.0000000  0.0000000 
 .18264E-2  0.0000000  0.0000000  0.0000000  0.0000000  0.0000000 
 .94516E-2  0.0000000  0.0000000  0.0000000  0.0000000  0.0000000 
 .37957E-1  0.0000000  0.0000000  0.0000000  0.0000000  0.0000000 
  .11996E0  0.0000000  0.0000000  0.0000000  0.0000000  0.0000000 
  .28216E0  0.0000000  0.0000000  0.0000000  0.0000000  0.0000000 
   .4274E0  0.0000000  0.0000000  0.0000000  0.0000000  0.0000000 
  .26628E0  0.0000000  0.0000000  0.0000000  0.0000000  0.0000000 
 .18193E-1  0.0000000  0.0000000  0.0000000  0.0000000  0.0000000 
-.72752E-2  0.0000000  0.0000000  0.0000000  0.0000000  0.0000000 
 .19033E-2  0.0000000  0.0000000  0.0000000  0.0000000  0.0000000 
 0.0000000  -.4308E-4  0.0000000  0.0000000  0.0000000  0.0000000 
 0.0000000 -.33256E-3  0.0000000  0.0000000  0.0000000  0.0000000 
 0.0000000 -.17361E-2  0.0000000  0.0000000  0.0000000  0.0000000 
 0.0000000 -.70118E-2  0.0000000  0.0000000  0.0000000  0.0000000 
 0.0000000 -.23126E-1  0.0000000  0.0000000  0.0000000  0.0000000 
 0.0000000 -.58138E-1  0.0000000  0.0000000  0.0000000  0.0000000 
 0.0000000  -.11456E0  0.0000000  0.0000000  0.0000000  0.0000000 
 0.0000000  -.13591E0  0.0000000  0.0000000  0.0000000  0.0000000 
 0.0000000   .22803E0  0.0000000  0.0000000  0.0000000  0.0000000 
 0.0000000   .57744E0  0.0000000  0.0000000  0.0000000  0.0000000 
 0.0000000   .31787E0  0.0000000  0.0000000  0.0000000  0.0000000 
 0.0000000  0.0000000  1.0000000  0.0000000  0.0000000  0.0000000 
 0.0000000  0.0000000  0.0000000  1.0000000  0.0000000  0.0000000 
 0.0000000  0.0000000  0.0000000  0.0000000  1.0000000  0.0000000 
 0.0000000  0.0000000  0.0000000  0.0000000  0.0000000  1.0000000 

       .7436E1       .1577E1       .4352E0       .1438E0      .4994E-1
       .1438E0      .4994E-1  3.7976623259 14.5493526003

 .10736E-1  0.0000000  0.0000000  0.0000000  0.0000000 
 .62854E-1  0.0000000  0.0000000  0.0000000  0.0000000 
  .24818E0  0.0000000  0.0000000  0.0000000  0.0000000 
   .5237E0  0.0000000  0.0000000  0.0000000  0.0000000 
  .35343E0  0.0000000  0.0000000  0.0000000  0.0000000 
 0.0000000  1.0000000  0.0000000  0.0000000  0.0000000 
 0.0000000  0.0000000  1.0000000  0.0000000  0.0000000 
 0.0000000  0.0000000  0.0000000  1.0000000  0.0000000 
 0.0000000  0.0000000  0.0000000  0.0000000  1.0000000 

        .348E0       .1803E0  9.1830456548

 1.0000000  0.0000000  0.0000000 
 0.0000000  1.0000000  0.0000000 
 0.0000000  0.0000000  1.0000000 

        .325E0

 1.0000000 

NA:CVTZ
EMSL BASIS SET LIBRARY

  4
    0    1    2    3
    7    6    4    2
   52   24    4    2

        .423E6       .6334E5       .1441E5       .4077E4       .1328E4
       .4786E3       .1862E3       .7692E2       .3332E2         .15E2
       .6869E1       .2683E1       .1109E1        .454E0      .6015E-1
      .2382E-1        .423E6       .6334E5       .1441E5       .4077E4
       .1328E4       .4786E3       .1862E3       .7692E2       .3332E2
         .15E2       .6869E1       .2683E1       .1109E1        .454E0
      .6015E-1      .2382E-1        .423E6       .6334E5       .1441E5
       .4077E4       .1328E4       .4786E3       .1862E3       .7692E2
       .3332E2         .15E2       .6869E1       .2683E1       .1109E1
        .454E0      .6015E-1      .2382E-1        .454E0      .2382E-1
  0.9727005242  4.8679536692

 .18062E-4  0.0000000  0.0000000  0.0000000  0.0000000  0.0000000  0.0000000 
 .14043E-3  0.0000000  0.0000000  0.0000000  0.0000000  0.0000000  0.0000000 
 .73844E-3  0.0000000  0.0000000  0.0000000  0.0000000  0.0000000  0.0000000 
 .31118E-2  0.0000000  0.0000000  0.0000000  0.0000000  0.0000000  0.0000000 
 .11208E-1  0.0000000  0.0000000  0.0000000  0.0000000  0.0000000  0.0000000 
 .35283E-1  0.0000000  0.0000000  0.0000000  0.0000000  0.0000000  0.0000000 
  .9599E-1  0.0000000  0.0000000  0.0000000  0.0000000  0.0000000  0.0000000 
  .21374E0  0.0000000  0.0000000  0.0000000  0.0000000  0.0000000  0.0000000 
  .34869E0  0.0000000  0.0000000  0.0000000  0.0000000  0.0000000  0.0000000 
  .32457E0  0.0000000  0.0000000  0.0000000  0.0000000  0.0000000  0.0000000 
  .11263E0  0.0000000  0.0000000  0.0000000  0.0000000  0.0000000  0.0000000 
  .7068E-2  0.0000000  0.0000000  0.0000000  0.0000000  0.0000000  0.0000000 
 .59801E-3  0.0000000  0.0000000  0.0000000  0.0000000  0.0000000  0.0000000 
 .20413E-3  0.0000000  0.0000000  0.0000000  0.0000000  0.0000000  0.0000000 
-.53087E-5  0.0000000  0.0000000  0.0000000  0.0000000  0.0000000  0.0000000 
  .1826E-5  0.0000000  0.0000000  0.0000000  0.0000000  0.0000000  0.0000000 
 0.0000000 -.44065E-5  0.0000000  0.0000000  0.0000000  0.0000000  0.0000000 
 0.0000000 -.34344E-4  0.0000000  0.0000000  0.0000000  0.0000000  0.0000000 
 0.0000000 -.18011E-3  0.0000000  0.0000000  0.0000000  0.0000000  0.0000000 
 0.0000000  -.7639E-3  0.0000000  0.0000000  0.0000000  0.0000000  0.0000000 
 0.0000000 -.27525E-2  0.0000000  0.0000000  0.0000000  0.0000000  0.0000000 
 0.0000000 -.88602E-2  0.0000000  0.0000000  0.0000000  0.0000000  0.0000000 
 0.0000000 -.24794E-1  0.0000000  0.0000000  0.0000000  0.0000000  0.0000000 
 0.0000000   -.606E-1  0.0000000  0.0000000  0.0000000  0.0000000  0.0000000 
 0.0000000  -.11645E0  0.0000000  0.0000000  0.0000000  0.0000000  0.0000000 
 0.0000000  -.16244E0  0.0000000  0.0000000  0.0000000  0.0000000  0.0000000 
 0.0000000 -.43889E-1  0.0000000  0.0000000  0.0000000  0.0000000  0.0000000 
 0.0000000   .33792E0  0.0000000  0.0000000  0.0000000  0.0000000  0.0000000 
 0.0000000   .56135E0  0.0000000  0.0000000  0.0000000  0.0000000  0.0000000 
 0.0000000   .24524E0  0.0000000  0.0000000  0.0000000  0.0000000  0.0000000 
 0.0000000  .40675E-2  0.0000000  0.0000000  0.0000000  0.0000000  0.0000000 
 0.0000000 -.12675E-2  0.0000000  0.0000000  0.0000000  0.0000000  0.0000000 
 0.0000000  0.0000000  .66302E-6  0.0000000  0.0000000  0.0000000  0.0000000 
 0.0000000  0.0000000  .51577E-5  0.0000000  0.0000000  0.0000000  0.0000000 
 0.0000000  0.0000000  .27125E-4  0.0000000  0.0000000  0.0000000  0.0000000 
 0.0000000  0.0000000  .11464E-3  0.0000000  0.0000000  0.0000000  0.0000000 
 0.0000000  0.0000000  .41512E-3  0.0000000  0.0000000  0.0000000  0.0000000 
 0.0000000  0.0000000  .13298E-2  0.0000000  0.0000000  0.0000000  0.0000000 
 0.0000000  0.0000000   .3756E-2  0.0000000  0.0000000  0.0000000  0.0000000 
 0.0000000  0.0000000  .91402E-2  0.0000000  0.0000000  0.0000000  0.0000000 
 0.0000000  0.0000000  .17986E-1  0.0000000  0.0000000  0.0000000  0.0000000 
 0.0000000  0.0000000  .25148E-1  0.0000000  0.0000000  0.0000000  0.0000000 
 0.0000000  0.0000000  .76352E-2  0.0000000  0.0000000  0.0000000  0.0000000 
 0.0000000  0.0000000 -.61459E-1  0.0000000  0.0000000  0.0000000  0.0000000 
 0.0000000  0.0000000  -.11572E0  0.0000000  0.0000000  0.0000000  0.0000000 
 0.0000000  0.0000000  -.15891E0  0.0000000  0.0000000  0.0000000  0.0000000 
 0.0000000  0.0000000   .62641E0  0.0000000  0.0000000  0.0000000  0.0000000 
 0.0000000  0.0000000    .4754E0  0.0000000  0.0000000  0.0000000  0.0000000 
 0.0000000  0.0000000  0.0000000  1.0000000  0.0000000  0.0000000  0.0000000 
 0.0000000  0.0000000  0.0000000  0.0000000  1.0000000  0.0000000  0.0000000 
 0.0000000  0.0000000  0.0000000  0.0000000  0.0000000  1.0000000  0.0000000 
 0.0000000  0.0000000  0.0000000  0.0000000  0.0000000  0.0000000  1.0000000 

       .2433E3       .5739E2        .181E2       .6575E1       .2521E1
       .9607E0       .3512E0      .9827E-1      .3734E-1        .15E-1
       .2433E3       .5739E2        .181E2       .6575E1       .2521E1
       .9607E0       .3512E0      .9827E-1      .3734E-1        .15E-1
      .3734E-1        .15E-1  0.6447590117  1.9533692330

 .22439E-2  0.0000000  0.0000000  0.0000000  0.0000000  0.0000000 
   .174E-1  0.0000000  0.0000000  0.0000000  0.0000000  0.0000000 
 .77412E-1  0.0000000  0.0000000  0.0000000  0.0000000  0.0000000 
   .2191E0  0.0000000  0.0000000  0.0000000  0.0000000  0.0000000 
  .37852E0  0.0000000  0.0000000  0.0000000  0.0000000  0.0000000 
   .3949E0  0.0000000  0.0000000  0.0000000  0.0000000  0.0000000 
  .16042E0  0.0000000  0.0000000  0.0000000  0.0000000  0.0000000 
 .23331E-2  0.0000000  0.0000000  0.0000000  0.0000000  0.0000000 
 .19954E-2  0.0000000  0.0000000  0.0000000  0.0000000  0.0000000 
-.77734E-3  0.0000000  0.0000000  0.0000000  0.0000000  0.0000000 
 0.0000000  -.2224E-3  0.0000000  0.0000000  0.0000000  0.0000000 
 0.0000000 -.17428E-2  0.0000000  0.0000000  0.0000000  0.0000000 
 0.0000000 -.77546E-2  0.0000000  0.0000000  0.0000000  0.0000000 
 0.0000000 -.22519E-1  0.0000000  0.0000000  0.0000000  0.0000000 
 0.0000000 -.38433E-1  0.0000000  0.0000000  0.0000000  0.0000000 
 0.0000000 -.45018E-1  0.0000000  0.0000000  0.0000000  0.0000000 
 0.0000000 -.19213E-1  0.0000000  0.0000000  0.0000000  0.0000000 
 0.0000000    .1827E0  0.0000000  0.0000000  0.0000000  0.0000000 
 0.0000000    .5579E0  0.0000000  0.0000000  0.0000000  0.0000000 
 0.0000000   .37302E0  0.0000000  0.0000000  0.0000000  0.0000000 
 0.0000000  0.0000000  1.0000000  0.0000000  0.0000000  0.0000000 
 0.0000000  0.0000000  0.0000000  1.0000000  0.0000000  0.0000000 
 0.0000000  0.0000000  0.0000000  0.0000000  1.0000000  0.0000000 
 0.0000000  0.0000000  0.0000000  0.0000000  0.0000000  1.0000000 

       .1367E0       .636E-1  1.6002329770  5.4055870011

 1.0000000  0.0000000  0.0000000  0.0000000 
 0.0000000  1.0000000  0.0000000  0.0000000 
 0.0000000  0.0000000  1.0000000  0.0000000 
 0.0000000  0.0000000  0.0000000  1.0000000 

       .1397E0  3.4309079349

 1.0000000  0.0000000 
 0.0000000  1.0000000 

MG:CVTZ
EMSL BASIS SET LIBRARY

  4
    0    1    2    3
    7    6    4    2
   49   24    4    2

       .1649E6       .2471E5       .5628E4       .1596E4        .521E3
        .188E3       .7301E2        .299E2       .1254E2       .4306E1
       .1826E1       .7417E0       .1457E0      .7612E-1       .331E-1
       .1649E6       .2471E5       .5628E4       .1596E4        .521E3
        .188E3       .7301E2        .299E2       .1254E2       .4306E1
       .1826E1       .7417E0       .1457E0      .7612E-1       .331E-1
       .1649E6       .2471E5       .5628E4       .1596E4        .521E3
        .188E3       .7301E2        .299E2       .1254E2       .4306E1
       .1826E1       .7417E0       .1457E0      .7612E-1       .331E-1
       .1457E0       .331E-1  0.9205872712  5.7787885890

 .72993E-4  0.0000000  0.0000000  0.0000000  0.0000000  0.0000000  0.0000000 
 .56665E-3  0.0000000  0.0000000  0.0000000  0.0000000  0.0000000  0.0000000 
 .29627E-2  0.0000000  0.0000000  0.0000000  0.0000000  0.0000000  0.0000000 
 .12296E-1  0.0000000  0.0000000  0.0000000  0.0000000  0.0000000  0.0000000 
 .42732E-1  0.0000000  0.0000000  0.0000000  0.0000000  0.0000000  0.0000000 
  .12301E0  0.0000000  0.0000000  0.0000000  0.0000000  0.0000000  0.0000000 
  .27483E0  0.0000000  0.0000000  0.0000000  0.0000000  0.0000000  0.0000000 
  .40182E0  0.0000000  0.0000000  0.0000000  0.0000000  0.0000000  0.0000000 
   .2647E0  0.0000000  0.0000000  0.0000000  0.0000000  0.0000000  0.0000000 
 .33261E-1  0.0000000  0.0000000  0.0000000  0.0000000  0.0000000  0.0000000 
-.44134E-2  0.0000000  0.0000000  0.0000000  0.0000000  0.0000000  0.0000000 
 .20602E-2  0.0000000  0.0000000  0.0000000  0.0000000  0.0000000  0.0000000 
-.83847E-3  0.0000000  0.0000000  0.0000000  0.0000000  0.0000000  0.0000000 
 .70819E-3  0.0000000  0.0000000  0.0000000  0.0000000  0.0000000  0.0000000 
 -.2006E-3  0.0000000  0.0000000  0.0000000  0.0000000  0.0000000  0.0000000 
 0.0000000 -.18425E-4  0.0000000  0.0000000  0.0000000  0.0000000  0.0000000 
 0.0000000  -.1435E-3  0.0000000  0.0000000  0.0000000  0.0000000  0.0000000 
 0.0000000 -.74871E-3  0.0000000  0.0000000  0.0000000  0.0000000  0.0000000 
 0.0000000 -.31441E-2  0.0000000  0.0000000  0.0000000  0.0000000  0.0000000 
 0.0000000 -.11048E-1  0.0000000  0.0000000  0.0000000  0.0000000  0.0000000 
 0.0000000 -.33606E-1  0.0000000  0.0000000  0.0000000  0.0000000  0.0000000 
 0.0000000 -.82595E-1  0.0000000  0.0000000  0.0000000  0.0000000  0.0000000 
 0.0000000  -.15931E0  0.0000000  0.0000000  0.0000000  0.0000000  0.0000000 
 0.0000000  -.15289E0  0.0000000  0.0000000  0.0000000  0.0000000  0.0000000 
 0.0000000   .19085E0  0.0000000  0.0000000  0.0000000  0.0000000  0.0000000 
 0.0000000   .57996E0  0.0000000  0.0000000  0.0000000  0.0000000  0.0000000 
 0.0000000   .37203E0  0.0000000  0.0000000  0.0000000  0.0000000  0.0000000 
 0.0000000  .21169E-1  0.0000000  0.0000000  0.0000000  0.0000000  0.0000000 
 0.0000000 -.11934E-1  0.0000000  0.0000000  0.0000000  0.0000000  0.0000000 
 0.0000000  .27733E-2  0.0000000  0.0000000  0.0000000  0.0000000  0.0000000 
 0.0000000  0.0000000  .35518E-5  0.0000000  0.0000000  0.0000000  0.0000000 
 0.0000000  0.0000000  .27642E-4  0.0000000  0.0000000  0.0000000  0.0000000 
 0.0000000  0.0000000   .1444E-3  0.0000000  0.0000000  0.0000000  0.0000000 
 0.0000000  0.0000000  .60574E-3  0.0000000  0.0000000  0.0000000  0.0000000 
 0.0000000  0.0000000  .21353E-2  0.0000000  0.0000000  0.0000000  0.0000000 
 0.0000000  0.0000000  .64993E-2  0.0000000  0.0000000  0.0000000  0.0000000 
 0.0000000  0.0000000  .16145E-1  0.0000000  0.0000000  0.0000000  0.0000000 
 0.0000000  0.0000000  .31577E-1  0.0000000  0.0000000  0.0000000  0.0000000 
 0.0000000  0.0000000  .31637E-1  0.0000000  0.0000000  0.0000000  0.0000000 
 0.0000000  0.0000000 -.43914E-1  0.0000000  0.0000000  0.0000000  0.0000000 
 0.0000000  0.0000000  -.15109E0  0.0000000  0.0000000  0.0000000  0.0000000 
 0.0000000  0.0000000  -.21767E0  0.0000000  0.0000000  0.0000000  0.0000000 
 0.0000000  0.0000000   .25981E0  0.0000000  0.0000000  0.0000000  0.0000000 
 0.0000000  0.0000000   .54725E0  0.0000000  0.0000000  0.0000000  0.0000000 
 0.0000000  0.0000000   .32591E0  0.0000000  0.0000000  0.0000000  0.0000000 
 0.0000000  0.0000000  0.0000000  1.0000000  0.0000000  0.0000000  0.0000000 
 0.0000000  0.0000000  0.0000000  0.0000000  1.0000000  0.0000000  0.0000000 
 0.0000000  0.0000000  0.0000000  0.0000000  0.0000000  1.0000000  0.0000000 
 0.0000000  0.0000000  0.0000000  0.0000000  0.0000000  0.0000000  1.0000000 

       .3169E3       .7486E2       .2372E2       .8669E1       .3363E1
        .131E1       .4911E0       .2364E0      .8733E-1      .3237E-1
       .3169E3       .7486E2       .2372E2       .8669E1       .3363E1
        .131E1       .4911E0       .2364E0      .8733E-1      .3237E-1
      .8733E-1      .3237E-1  1.0535210745  3.0364235255

 .20753E-2  0.0000000  0.0000000  0.0000000  0.0000000  0.0000000 
 .16287E-1  0.0000000  0.0000000  0.0000000  0.0000000  0.0000000 
  .7387E-1  0.0000000  0.0000000  0.0000000  0.0000000  0.0000000 
   .2143E0  0.0000000  0.0000000  0.0000000  0.0000000  0.0000000 
  .38215E0  0.0000000  0.0000000  0.0000000  0.0000000  0.0000000 
  .39818E0  0.0000000  0.0000000  0.0000000  0.0000000  0.0000000 
  .15288E0  0.0000000  0.0000000  0.0000000  0.0000000  0.0000000 
-.43754E-2  0.0000000  0.0000000  0.0000000  0.0000000  0.0000000 
 .62958E-2  0.0000000  0.0000000  0.0000000  0.0000000  0.0000000 
-.15677E-2  0.0000000  0.0000000  0.0000000  0.0000000  0.0000000 
 0.0000000 -.32973E-3  0.0000000  0.0000000  0.0000000  0.0000000 
 0.0000000 -.25875E-2  0.0000000  0.0000000  0.0000000  0.0000000 
 0.0000000 -.11912E-1  0.0000000  0.0000000  0.0000000  0.0000000 
 0.0000000 -.35023E-1  0.0000000  0.0000000  0.0000000  0.0000000 
 0.0000000 -.63997E-1  0.0000000  0.0000000  0.0000000  0.0000000 
 0.0000000 -.70444E-1  0.0000000  0.0000000  0.0000000  0.0000000 
 0.0000000 -.37584E-1  0.0000000  0.0000000  0.0000000  0.0000000 
 0.0000000   .17704E0  0.0000000  0.0000000  0.0000000  0.0000000 
 0.0000000   .56671E0  0.0000000  0.0000000  0.0000000  0.0000000 
 0.0000000   .39614E0  0.0000000  0.0000000  0.0000000  0.0000000 
 0.0000000  0.0000000  1.0000000  0.0000000  0.0000000  0.0000000 
 0.0000000  0.0000000  0.0000000  1.0000000  0.0000000  0.0000000 
 0.0000000  0.0000000  0.0000000  0.0000000  1.0000000  0.0000000 
 0.0000000  0.0000000  0.0000000  0.0000000  0.0000000  1.0000000 

        .294E0        .126E0  2.1460271700  7.0378303861

 1.0000000  0.0000000  0.0000000  0.0000000 
 0.0000000  1.0000000  0.0000000  0.0000000 
 0.0000000  0.0000000  1.0000000  0.0000000 
 0.0000000  0.0000000  0.0000000  1.0000000 

        .252E0  4.4855713424

 1.0000000  0.0000000 
 0.0000000  1.0000000 

K:CVTZ
EMSL BASIS SET LIBRARY

  4
    0    1    2    3
    8    7    4    2
   92   33    4    2

 .190934566E-1  .48993857E-1  .118216834E0  .270720214E0  .593866398E0
  .125952437E1  .260673686E1  .531353628E1  .107668582E2  .218895211E2
  .450659466E2  .948306548E2  .205854354E3  .465270446E3  .110511639E4
  .278413802E4  .750890714E4   .21882099E5  .695425391E5  .243267711E6
  .945396084E6  .411966192E7 .190934566E-1  .48993857E-1  .118216834E0
  .270720214E0  .593866398E0  .125952437E1  .260673686E1  .531353628E1
  .107668582E2  .218895211E2  .450659466E2  .948306548E2  .205854354E3
  .465270446E3  .110511639E4  .278413802E4  .750890714E4   .21882099E5
  .695425391E5  .243267711E6  .945396084E6  .411966192E7 .190934566E-1
  .48993857E-1  .118216834E0  .270720214E0  .593866398E0  .125952437E1
  .260673686E1  .531353628E1  .107668582E2  .218895211E2  .450659466E2
  .948306548E2  .205854354E3  .465270446E3  .110511639E4  .278413802E4
  .750890714E4   .21882099E5  .695425391E5  .243267711E6  .945396084E6
  .411966192E7 .190934566E-1  .48993857E-1  .118216834E0  .270720214E0
  .593866398E0  .125952437E1  .260673686E1  .531353628E1  .107668582E2
  .218895211E2  .450659466E2  .948306548E2  .205854354E3  .465270446E3
  .110511639E4  .278413802E4  .750890714E4   .21882099E5  .695425391E5
  .243267711E6  .945396084E6  .411966192E7  0.0181486651  0.0507479214
  0.3458959019  1.7791738252

-0.0000017  0.0000000  0.0000000  0.0000000  0.0000000  0.0000000  0.0000000 
 0.0000000 
 0.0000069  0.0000000  0.0000000  0.0000000  0.0000000  0.0000000  0.0000000 
 0.0000000 
-0.0000180  0.0000000  0.0000000  0.0000000  0.0000000  0.0000000  0.0000000 
 0.0000000 
 0.0000311  0.0000000  0.0000000  0.0000000  0.0000000  0.0000000  0.0000000 
 0.0000000 
-0.0001034  0.0000000  0.0000000  0.0000000  0.0000000  0.0000000  0.0000000 
 0.0000000 
 0.0000871  0.0000000  0.0000000  0.0000000  0.0000000  0.0000000  0.0000000 
 0.0000000 
-0.0001675  0.0000000  0.0000000  0.0000000  0.0000000  0.0000000  0.0000000 
 0.0000000 
 0.0012580  0.0000000  0.0000000  0.0000000  0.0000000  0.0000000  0.0000000 
 0.0000000 
 0.0091359  0.0000000  0.0000000  0.0000000  0.0000000  0.0000000  0.0000000 
 0.0000000 
 0.1089558  0.0000000  0.0000000  0.0000000  0.0000000  0.0000000  0.0000000 
 0.0000000 
 0.3003930  0.0000000  0.0000000  0.0000000  0.0000000  0.0000000  0.0000000 
 0.0000000 
 0.3353748  0.0000000  0.0000000  0.0000000  0.0000000  0.0000000  0.0000000 
 0.0000000 
 0.2211925  0.0000000  0.0000000  0.0000000  0.0000000  0.0000000  0.0000000 
 0.0000000 
 0.1085498  0.0000000  0.0000000  0.0000000  0.0000000  0.0000000  0.0000000 
 0.0000000 
 0.0441086  0.0000000  0.0000000  0.0000000  0.0000000  0.0000000  0.0000000 
 0.0000000 
 0.0156832  0.0000000  0.0000000  0.0000000  0.0000000  0.0000000  0.0000000 
 0.0000000 
 0.0049855  0.0000000  0.0000000  0.0000000  0.0000000  0.0000000  0.0000000 
 0.0000000 
 0.0014266  0.0000000  0.0000000  0.0000000  0.0000000  0.0000000  0.0000000 
 0.0000000 
 0.0003639  0.0000000  0.0000000  0.0000000  0.0000000  0.0000000  0.0000000 
 0.0000000 
 0.0000833  0.0000000  0.0000000  0.0000000  0.0000000  0.0000000  0.0000000 
 0.0000000 
 0.0000158  0.0000000  0.0000000  0.0000000  0.0000000  0.0000000  0.0000000 
 0.0000000 
 0.0000034  0.0000000  0.0000000  0.0000000  0.0000000  0.0000000  0.0000000 
 0.0000000 
 0.0000000  0.0000747  0.0000000  0.0000000  0.0000000  0.0000000  0.0000000 
 0.0000000 
 0.0000000 -0.0003055  0.0000000  0.0000000  0.0000000  0.0000000  0.0000000 
 0.0000000 
 0.0000000  0.0007772  0.0000000  0.0000000  0.0000000  0.0000000  0.0000000 
 0.0000000 
 0.0000000 -0.0010364  0.0000000  0.0000000  0.0000000  0.0000000  0.0000000 
 0.0000000 
 0.0000000  0.0048661  0.0000000  0.0000000  0.0000000  0.0000000  0.0000000 
 0.0000000 
 0.0000000  0.0261237  0.0000000  0.0000000  0.0000000  0.0000000  0.0000000 
 0.0000000 
 0.0000000  0.3035823  0.0000000  0.0000000  0.0000000  0.0000000  0.0000000 
 0.0000000 
 0.0000000  0.5596213  0.0000000  0.0000000  0.0000000  0.0000000  0.0000000 
 0.0000000 
 0.0000000  0.2742353  0.0000000  0.0000000  0.0000000  0.0000000  0.0000000 
 0.0000000 
 0.0000000 -0.0605529  0.0000000  0.0000000  0.0000000  0.0000000  0.0000000 
 0.0000000 
 0.0000000 -0.1778603  0.0000000  0.0000000  0.0000000  0.0000000  0.0000000 
 0.0000000 
 0.0000000 -0.1401339  0.0000000  0.0000000  0.0000000  0.0000000  0.0000000 
 0.0000000 
 0.0000000 -0.0757792  0.0000000  0.0000000  0.0000000  0.0000000  0.0000000 
 0.0000000 
 0.0000000 -0.0337877  0.0000000  0.0000000  0.0000000  0.0000000  0.0000000 
 0.0000000 
 0.0000000 -0.0131095  0.0000000  0.0000000  0.0000000  0.0000000  0.0000000 
 0.0000000 
 0.0000000 -0.0045676  0.0000000  0.0000000  0.0000000  0.0000000  0.0000000 
 0.0000000 
 0.0000000 -0.0014391  0.0000000  0.0000000  0.0000000  0.0000000  0.0000000 
 0.0000000 
 0.0000000 -0.0004105  0.0000000  0.0000000  0.0000000  0.0000000  0.0000000 
 0.0000000 
 0.0000000 -0.0001046  0.0000000  0.0000000  0.0000000  0.0000000  0.0000000 
 0.0000000 
 0.0000000 -0.0000239  0.0000000  0.0000000  0.0000000  0.0000000  0.0000000 
 0.0000000 
 0.0000000 -0.0000045  0.0000000  0.0000000  0.0000000  0.0000000  0.0000000 
 0.0000000 
 0.0000000 -0.0000009  0.0000000  0.0000000  0.0000000  0.0000000  0.0000000 
 0.0000000 
 0.0000000  0.0000000 -0.0005211  0.0000000  0.0000000  0.0000000  0.0000000 
 0.0000000 
 0.0000000  0.0000000  0.0031475  0.0000000  0.0000000  0.0000000  0.0000000 
 0.0000000 
 0.0000000  0.0000000  0.0157936  0.0000000  0.0000000  0.0000000  0.0000000 
 0.0000000 
 0.0000000  0.0000000  0.3692456  0.0000000  0.0000000  0.0000000  0.0000000 
 0.0000000 
 0.0000000  0.0000000  0.6557213  0.0000000  0.0000000  0.0000000  0.0000000 
 0.0000000 
 0.0000000  0.0000000  0.2386509  0.0000000  0.0000000  0.0000000  0.0000000 
 0.0000000 
 0.0000000  0.0000000 -0.2967875  0.0000000  0.0000000  0.0000000  0.0000000 
 0.0000000 
 0.0000000  0.0000000 -0.3387573  0.0000000  0.0000000  0.0000000  0.0000000 
 0.0000000 
 0.0000000  0.0000000 -0.1135115  0.0000000  0.0000000  0.0000000  0.0000000 
 0.0000000 
 0.0000000  0.0000000  0.0215828  0.0000000  0.0000000  0.0000000  0.0000000 
 0.0000000 
 0.0000000  0.0000000  0.0639696  0.0000000  0.0000000  0.0000000  0.0000000 
 0.0000000 
 0.0000000  0.0000000  0.0478548  0.0000000  0.0000000  0.0000000  0.0000000 
 0.0000000 
 0.0000000  0.0000000  0.0254931  0.0000000  0.0000000  0.0000000  0.0000000 
 0.0000000 
 0.0000000  0.0000000  0.0112036  0.0000000  0.0000000  0.0000000  0.0000000 
 0.0000000 
 0.0000000  0.0000000  0.0043416  0.0000000  0.0000000  0.0000000  0.0000000 
 0.0000000 
 0.0000000  0.0000000  0.0015053  0.0000000  0.0000000  0.0000000  0.0000000 
 0.0000000 
 0.0000000  0.0000000  0.0004750  0.0000000  0.0000000  0.0000000  0.0000000 
 0.0000000 
 0.0000000  0.0000000  0.0001351  0.0000000  0.0000000  0.0000000  0.0000000 
 0.0000000 
 0.0000000  0.0000000  0.0000345  0.0000000  0.0000000  0.0000000  0.0000000 
 0.0000000 
 0.0000000  0.0000000  0.0000078  0.0000000  0.0000000  0.0000000  0.0000000 
 0.0000000 
 0.0000000  0.0000000  0.0000014  0.0000000  0.0000000  0.0000000  0.0000000 
 0.0000000 
 0.0000000  0.0000000  0.0000003  0.0000000  0.0000000  0.0000000  0.0000000 
 0.0000000 
 0.0000000  0.0000000  0.0000000  0.6327898  0.0000000  0.0000000  0.0000000 
 0.0000000 
 0.0000000  0.0000000  0.0000000  0.5779513  0.0000000  0.0000000  0.0000000 
 0.0000000 
 0.0000000  0.0000000  0.0000000 -0.1320925  0.0000000  0.0000000  0.0000000 
 0.0000000 
 0.0000000  0.0000000  0.0000000 -0.1978189  0.0000000  0.0000000  0.0000000 
 0.0000000 
 0.0000000  0.0000000  0.0000000 -0.1746060  0.0000000  0.0000000  0.0000000 
 0.0000000 
 0.0000000  0.0000000  0.0000000 -0.0581647  0.0000000  0.0000000  0.0000000 
 0.0000000 
 0.0000000  0.0000000  0.0000000  0.0625640  0.0000000  0.0000000  0.0000000 
 0.0000000 
 0.0000000  0.0000000  0.0000000  0.0707981  0.0000000  0.0000000  0.0000000 
 0.0000000 
 0.0000000  0.0000000  0.0000000  0.0221727  0.0000000  0.0000000  0.0000000 
 0.0000000 
 0.0000000  0.0000000  0.0000000 -0.0040778  0.0000000  0.0000000  0.0000000 
 0.0000000 
 0.0000000  0.0000000  0.0000000 -0.0125215  0.0000000  0.0000000  0.0000000 
 0.0000000 
 0.0000000  0.0000000  0.0000000 -0.0092564  0.0000000  0.0000000  0.0000000 
 0.0000000 
 0.0000000  0.0000000  0.0000000 -0.0049413  0.0000000  0.0000000  0.0000000 
 0.0000000 
 0.0000000  0.0000000  0.0000000 -0.0021626  0.0000000  0.0000000  0.0000000 
 0.0000000 
 0.0000000  0.0000000  0.0000000 -0.0008396  0.0000000  0.0000000  0.0000000 
 0.0000000 
 0.0000000  0.0000000  0.0000000 -0.0002904  0.0000000  0.0000000  0.0000000 
 0.0000000 
 0.0000000  0.0000000  0.0000000 -0.0000918  0.0000000  0.0000000  0.0000000 
 0.0000000 
 0.0000000  0.0000000  0.0000000 -0.0000260  0.0000000  0.0000000  0.0000000 
 0.0000000 
 0.0000000  0.0000000  0.0000000 -0.0000066  0.0000000  0.0000000  0.0000000 
 0.0000000 
 0.0000000  0.0000000  0.0000000 -0.0000015  0.0000000  0.0000000  0.0000000 
 0.0000000 
 0.0000000  0.0000000  0.0000000 -0.0000002  0.0000000  0.0000000  0.0000000 
 0.0000000 
 0.0000000  0.0000000  0.0000000 -0.0000000  0.0000000  0.0000000  0.0000000 
 0.0000000 
 0.0000000  0.0000000  0.0000000  0.0000000  1.0000000  0.0000000  0.0000000 
 0.0000000 
 0.0000000  0.0000000  0.0000000  0.0000000  0.0000000  1.0000000  0.0000000 
 0.0000000 
 0.0000000  0.0000000  0.0000000  0.0000000  0.0000000  0.0000000  1.0000000 
 0.0000000 
 0.0000000  0.0000000  0.0000000  0.0000000  0.0000000  0.0000000  0.0000000 
 1.0000000 

  .128826309E0  .302794526E0  .662449106E0  .137502317E1  .276002156E1
   .54607444E1  .108547569E2  .220957725E2  .469473491E2  .106125002E3
  .260148343E3  .704876589E3  .215171992E4   .75427721E4  .128826309E0
  .302794526E0  .662449106E0  .137502317E1  .276002156E1   .54607444E1
  .108547569E2  .220957725E2  .469473491E2  .106125002E3  .260148343E3
  .704876589E3  .215171992E4   .75427721E4  0.0275233530  0.0598342601
  0.2236708155  0.5294791856  2.5987944798

 0.0000069  0.0000000  0.0000000  0.0000000  0.0000000  0.0000000  0.0000000 
 0.0000496  0.0000000  0.0000000  0.0000000  0.0000000  0.0000000  0.0000000 
 0.0013403  0.0000000  0.0000000  0.0000000  0.0000000  0.0000000  0.0000000 
 0.0243695  0.0000000  0.0000000  0.0000000  0.0000000  0.0000000  0.0000000 
 0.1595450  0.0000000  0.0000000  0.0000000  0.0000000  0.0000000  0.0000000 
 0.3282312  0.0000000  0.0000000  0.0000000  0.0000000  0.0000000  0.0000000 
 0.3255254  0.0000000  0.0000000  0.0000000  0.0000000  0.0000000  0.0000000 
 0.2141915  0.0000000  0.0000000  0.0000000  0.0000000  0.0000000  0.0000000 
 0.1013986  0.0000000  0.0000000  0.0000000  0.0000000  0.0000000  0.0000000 
 0.0355559  0.0000000  0.0000000  0.0000000  0.0000000  0.0000000  0.0000000 
 0.0097063  0.0000000  0.0000000  0.0000000  0.0000000  0.0000000  0.0000000 
 0.0020583  0.0000000  0.0000000  0.0000000  0.0000000  0.0000000  0.0000000 
 0.0003322  0.0000000  0.0000000  0.0000000  0.0000000  0.0000000  0.0000000 
 0.0000474  0.0000000  0.0000000  0.0000000  0.0000000  0.0000000  0.0000000 
 0.0000000  0.0791500  0.0000000  0.0000000  0.0000000  0.0000000  0.0000000 
 0.0000000  0.3573940  0.0000000  0.0000000  0.0000000  0.0000000  0.0000000 
 0.0000000  0.4462486  0.0000000  0.0000000  0.0000000  0.0000000  0.0000000 
 0.0000000  0.2549527  0.0000000  0.0000000  0.0000000  0.0000000  0.0000000 
 0.0000000  0.0017893  0.0000000  0.0000000  0.0000000  0.0000000  0.0000000 
 0.0000000 -0.1204543  0.0000000  0.0000000  0.0000000  0.0000000  0.0000000 
 0.0000000 -0.1107443  0.0000000  0.0000000  0.0000000  0.0000000  0.0000000 
 0.0000000 -0.0704583  0.0000000  0.0000000  0.0000000  0.0000000  0.0000000 
 0.0000000 -0.0322015  0.0000000  0.0000000  0.0000000  0.0000000  0.0000000 
 0.0000000 -0.0110583  0.0000000  0.0000000  0.0000000  0.0000000  0.0000000 
 0.0000000 -0.0029765  0.0000000  0.0000000  0.0000000  0.0000000  0.0000000 
 0.0000000 -0.0006296  0.0000000  0.0000000  0.0000000  0.0000000  0.0000000 
 0.0000000 -0.0001011  0.0000000  0.0000000  0.0000000  0.0000000  0.0000000 
 0.0000000 -0.0000144  0.0000000  0.0000000  0.0000000  0.0000000  0.0000000 
 0.0000000  0.0000000  1.0000000  0.0000000  0.0000000  0.0000000  0.0000000 
 0.0000000  0.0000000  0.0000000  1.0000000  0.0000000  0.0000000  0.0000000 
 0.0000000  0.0000000  0.0000000  0.0000000  1.0000000  0.0000000  0.0000000 
 0.0000000  0.0000000  0.0000000  0.0000000  0.0000000  1.0000000  0.0000000 
 0.0000000  0.0000000  0.0000000  0.0000000  0.0000000  0.0000000  1.0000000 

  0.0598916844  0.4311105955  1.0358684196  2.5856768395

 1.0000000  0.0000000  0.0000000  0.0000000 
 0.0000000  1.0000000  0.0000000  0.0000000 
 0.0000000  0.0000000  1.0000000  0.0000000 
 0.0000000  0.0000000  0.0000000  1.0000000 

  0.0887804601  1.1289185352

 1.0000000  0.0000000 
 0.0000000  1.0000000 

CA:CVTZ
EMSL BASIS SET LIBRARY

  4
    0    1    2    3
    8    7    4    2
   92   33    4    2

 0.02541084418 0.06303070044 0.14781388590 0.33062874164 0.71164016356
 1.48698635129 3.04307325054 6.15331193293 12.4030577392 25.1422485957
 51.7091253452 108.855455705 236.638470470 535.926025653 1275.67752123
 3219.77647458 8693.43709145 25332.0589264 80370.1635951 280089.489513
 1081704.35115 4670489.00738 0.02541084418 0.06303070044 0.14781388590
 0.33062874164 0.71164016356 1.48698635129 3.04307325054 6.15331193293
 12.4030577392 25.1422485957 51.7091253452 108.855455705 236.638470470
 535.926025653 1275.67752123 3219.77647458 8693.43709145 25332.0589264
 80370.1635951 280089.489513 1081704.35115 4670489.00738 0.02541084418
 0.06303070044 0.14781388590 0.33062874164 0.71164016356 1.48698635129
 3.04307325054 6.15331193293 12.4030577392 25.1422485957 51.7091253452
 108.855455705 236.638470470 535.926025653 1275.67752123 3219.77647458
 8693.43709145 25332.0589264 80370.1635951 280089.489513 1081704.35115
 4670489.00738 0.02541084418 0.06303070044 0.14781388590 0.33062874164
 0.71164016356 1.48698635129 3.04307325054 6.15331193293 12.4030577392
 25.1422485957 51.7091253452 108.855455705 236.638470470 535.926025653
 1275.67752123 3219.77647458 8693.43709145 25332.0589264 80370.1635951
 280089.489513 1081704.35115 4670489.00738 0.02541084418 0.14781388590
  0.4499982319  2.2508513755

-0.0000023  0.0000000  0.0000000  0.0000000  0.0000000  0.0000000  0.0000000 
 0.0000000 
 0.0000095  0.0000000  0.0000000  0.0000000  0.0000000  0.0000000  0.0000000 
 0.0000000 
-0.0000243  0.0000000  0.0000000  0.0000000  0.0000000  0.0000000  0.0000000 
 0.0000000 
 0.0000442  0.0000000  0.0000000  0.0000000  0.0000000  0.0000000  0.0000000 
 0.0000000 
-0.0001282  0.0000000  0.0000000  0.0000000  0.0000000  0.0000000  0.0000000 
 0.0000000 
 0.0001153  0.0000000  0.0000000  0.0000000  0.0000000  0.0000000  0.0000000 
 0.0000000 
-0.0002168  0.0000000  0.0000000  0.0000000  0.0000000  0.0000000  0.0000000 
 0.0000000 
 0.0013210  0.0000000  0.0000000  0.0000000  0.0000000  0.0000000  0.0000000 
 0.0000000 
 0.0105421  0.0000000  0.0000000  0.0000000  0.0000000  0.0000000  0.0000000 
 0.0000000 
 0.1169802  0.0000000  0.0000000  0.0000000  0.0000000  0.0000000  0.0000000 
 0.0000000 
 0.3064147  0.0000000  0.0000000  0.0000000  0.0000000  0.0000000  0.0000000 
 0.0000000 
 0.3322693  0.0000000  0.0000000  0.0000000  0.0000000  0.0000000  0.0000000 
 0.0000000 
 0.2155237  0.0000000  0.0000000  0.0000000  0.0000000  0.0000000  0.0000000 
 0.0000000 
 0.1046303  0.0000000  0.0000000  0.0000000  0.0000000  0.0000000  0.0000000 
 0.0000000 
 0.0421986  0.0000000  0.0000000  0.0000000  0.0000000  0.0000000  0.0000000 
 0.0000000 
 0.0149271  0.0000000  0.0000000  0.0000000  0.0000000  0.0000000  0.0000000 
 0.0000000 
 0.0047292  0.0000000  0.0000000  0.0000000  0.0000000  0.0000000  0.0000000 
 0.0000000 
 0.0013512  0.0000000  0.0000000  0.0000000  0.0000000  0.0000000  0.0000000 
 0.0000000 
 0.0003448  0.0000000  0.0000000  0.0000000  0.0000000  0.0000000  0.0000000 
 0.0000000 
 0.0000792  0.0000000  0.0000000  0.0000000  0.0000000  0.0000000  0.0000000 
 0.0000000 
 0.0000150  0.0000000  0.0000000  0.0000000  0.0000000  0.0000000  0.0000000 
 0.0000000 
 0.0000033  0.0000000  0.0000000  0.0000000  0.0000000  0.0000000  0.0000000 
 0.0000000 
 0.0000000  0.0000775  0.0000000  0.0000000  0.0000000  0.0000000  0.0000000 
 0.0000000 
 0.0000000 -0.0003044  0.0000000  0.0000000  0.0000000  0.0000000  0.0000000 
 0.0000000 
 0.0000000  0.0007690  0.0000000  0.0000000  0.0000000  0.0000000  0.0000000 
 0.0000000 
 0.0000000 -0.0010364  0.0000000  0.0000000  0.0000000  0.0000000  0.0000000 
 0.0000000 
 0.0000000  0.0049014  0.0000000  0.0000000  0.0000000  0.0000000  0.0000000 
 0.0000000 
 0.0000000  0.0308004  0.0000000  0.0000000  0.0000000  0.0000000  0.0000000 
 0.0000000 
 0.0000000  0.3157102  0.0000000  0.0000000  0.0000000  0.0000000  0.0000000 
 0.0000000 
 0.0000000  0.5594788  0.0000000  0.0000000  0.0000000  0.0000000  0.0000000 
 0.0000000 
 0.0000000  0.2619114  0.0000000  0.0000000  0.0000000  0.0000000  0.0000000 
 0.0000000 
 0.0000000 -0.0709144  0.0000000  0.0000000  0.0000000  0.0000000  0.0000000 
 0.0000000 
 0.0000000 -0.1804205  0.0000000  0.0000000  0.0000000  0.0000000  0.0000000 
 0.0000000 
 0.0000000 -0.1389310  0.0000000  0.0000000  0.0000000  0.0000000  0.0000000 
 0.0000000 
 0.0000000 -0.0742580  0.0000000  0.0000000  0.0000000  0.0000000  0.0000000 
 0.0000000 
 0.0000000 -0.0328332  0.0000000  0.0000000  0.0000000  0.0000000  0.0000000 
 0.0000000 
 0.0000000 -0.0126598  0.0000000  0.0000000  0.0000000  0.0000000  0.0000000 
 0.0000000 
 0.0000000 -0.0043911  0.0000000  0.0000000  0.0000000  0.0000000  0.0000000 
 0.0000000 
 0.0000000 -0.0013793  0.0000000  0.0000000  0.0000000  0.0000000  0.0000000 
 0.0000000 
 0.0000000 -0.0003929  0.0000000  0.0000000  0.0000000  0.0000000  0.0000000 
 0.0000000 
 0.0000000 -0.0001001  0.0000000  0.0000000  0.0000000  0.0000000  0.0000000 
 0.0000000 
 0.0000000 -0.0000230  0.0000000  0.0000000  0.0000000  0.0000000  0.0000000 
 0.0000000 
 0.0000000 -0.0000043  0.0000000  0.0000000  0.0000000  0.0000000  0.0000000 
 0.0000000 
 0.0000000 -0.0000009  0.0000000  0.0000000  0.0000000  0.0000000  0.0000000 
 0.0000000 
 0.0000000  0.0000000 -0.0010398  0.0000000  0.0000000  0.0000000  0.0000000 
 0.0000000 
 0.0000000  0.0000000  0.0038272  0.0000000  0.0000000  0.0000000  0.0000000 
 0.0000000 
 0.0000000  0.0000000  0.0078195  0.0000000  0.0000000  0.0000000  0.0000000 
 0.0000000 
 0.0000000  0.0000000  0.3510890  0.0000000  0.0000000  0.0000000  0.0000000 
 0.0000000 
 0.0000000  0.0000000  0.6907201  0.0000000  0.0000000  0.0000000  0.0000000 
 0.0000000 
 0.0000000  0.0000000  0.2409839  0.0000000  0.0000000  0.0000000  0.0000000 
 0.0000000 
 0.0000000  0.0000000 -0.3181562  0.0000000  0.0000000  0.0000000  0.0000000 
 0.0000000 
 0.0000000  0.0000000 -0.3551664  0.0000000  0.0000000  0.0000000  0.0000000 
 0.0000000 
 0.0000000  0.0000000 -0.1140817  0.0000000  0.0000000  0.0000000  0.0000000 
 0.0000000 
 0.0000000  0.0000000  0.0269381  0.0000000  0.0000000  0.0000000  0.0000000 
 0.0000000 
 0.0000000  0.0000000  0.0678957  0.0000000  0.0000000  0.0000000  0.0000000 
 0.0000000 
 0.0000000  0.0000000  0.0496820  0.0000000  0.0000000  0.0000000  0.0000000 
 0.0000000 
 0.0000000  0.0000000  0.0261383  0.0000000  0.0000000  0.0000000  0.0000000 
 0.0000000 
 0.0000000  0.0000000  0.0113958  0.0000000  0.0000000  0.0000000  0.0000000 
 0.0000000 
 0.0000000  0.0000000  0.0043869  0.0000000  0.0000000  0.0000000  0.0000000 
 0.0000000 
 0.0000000  0.0000000  0.0015146  0.0000000  0.0000000  0.0000000  0.0000000 
 0.0000000 
 0.0000000  0.0000000  0.0004763  0.0000000  0.0000000  0.0000000  0.0000000 
 0.0000000 
 0.0000000  0.0000000  0.0001354  0.0000000  0.0000000  0.0000000  0.0000000 
 0.0000000 
 0.0000000  0.0000000  0.0000345  0.0000000  0.0000000  0.0000000  0.0000000 
 0.0000000 
 0.0000000  0.0000000  0.0000079  0.0000000  0.0000000  0.0000000  0.0000000 
 0.0000000 
 0.0000000  0.0000000  0.0000015  0.0000000  0.0000000  0.0000000  0.0000000 
 0.0000000 
 0.0000000  0.0000000  0.0000003  0.0000000  0.0000000  0.0000000  0.0000000 
 0.0000000 
 0.0000000  0.0000000  0.0000000  0.4708062  0.0000000  0.0000000  0.0000000 
 0.0000000 
 0.0000000  0.0000000  0.0000000  0.6754042  0.0000000  0.0000000  0.0000000 
 0.0000000 
 0.0000000  0.0000000  0.0000000  0.0417074  0.0000000  0.0000000  0.0000000 
 0.0000000 
 0.0000000  0.0000000  0.0000000 -0.2860460  0.0000000  0.0000000  0.0000000 
 0.0000000 
 0.0000000  0.0000000  0.0000000 -0.2454719  0.0000000  0.0000000  0.0000000 
 0.0000000 
 0.0000000  0.0000000  0.0000000 -0.0738328  0.0000000  0.0000000  0.0000000 
 0.0000000 
 0.0000000  0.0000000  0.0000000  0.0846020  0.0000000  0.0000000  0.0000000 
 0.0000000 
 0.0000000  0.0000000  0.0000000  0.0925750  0.0000000  0.0000000  0.0000000 
 0.0000000 
 0.0000000  0.0000000  0.0000000  0.0277725  0.0000000  0.0000000  0.0000000 
 0.0000000 
 0.0000000  0.0000000  0.0000000 -0.0064049  0.0000000  0.0000000  0.0000000 
 0.0000000 
 0.0000000  0.0000000  0.0000000 -0.0164293  0.0000000  0.0000000  0.0000000 
 0.0000000 
 0.0000000  0.0000000  0.0000000 -0.0118984  0.0000000  0.0000000  0.0000000 
 0.0000000 
 0.0000000  0.0000000  0.0000000 -0.0062625  0.0000000  0.0000000  0.0000000 
 0.0000000 
 0.0000000  0.0000000  0.0000000 -0.0027210  0.0000000  0.0000000  0.0000000 
 0.0000000 
 0.0000000  0.0000000  0.0000000 -0.0010486  0.0000000  0.0000000  0.0000000 
 0.0000000 
 0.0000000  0.0000000  0.0000000 -0.0003614  0.0000000  0.0000000  0.0000000 
 0.0000000 
 0.0000000  0.0000000  0.0000000 -0.0001138  0.0000000  0.0000000  0.0000000 
 0.0000000 
 0.0000000  0.0000000  0.0000000 -0.0000323  0.0000000  0.0000000  0.0000000 
 0.0000000 
 0.0000000  0.0000000  0.0000000 -0.0000082  0.0000000  0.0000000  0.0000000 
 0.0000000 
 0.0000000  0.0000000  0.0000000 -0.0000018  0.0000000  0.0000000  0.0000000 
 0.0000000 
 0.0000000  0.0000000  0.0000000 -0.0000003  0.0000000  0.0000000  0.0000000 
 0.0000000 
 0.0000000  0.0000000  0.0000000 -0.0000000  0.0000000  0.0000000  0.0000000 
 0.0000000 
 0.0000000  0.0000000  0.0000000  0.0000000  1.0000000  0.0000000  0.0000000 
 0.0000000 
 0.0000000  0.0000000  0.0000000  0.0000000  0.0000000  1.0000000  0.0000000 
 0.0000000 
 0.0000000  0.0000000  0.0000000  0.0000000  0.0000000  0.0000000  1.0000000 
 0.0000000 
 0.0000000  0.0000000  0.0000000  0.0000000  0.0000000  0.0000000  0.0000000 
 1.0000000 

 0.16653249690 0.38981237624 0.84188045907 1.71373983793 3.35892645816
 6.47558068923 12.5441444458 24.9430155826 52.0072555417 116.157555283
 283.897141589 775.650521114 2420.04895314 8808.39311899 0.16653249690
 0.38981237624 0.84188045907 1.71373983793 3.35892645816 6.47558068923
 12.5441444458 24.9430155826 52.0072555417 116.157555283 283.897141589
 775.650521114 2420.04895314 8808.39311899 0.16653249690 0.38981237624
  0.0559602444  0.8189608854  3.7602627099

-0.0000382  0.0000000  0.0000000  0.0000000  0.0000000  0.0000000  0.0000000 
 0.0001274  0.0000000  0.0000000  0.0000000  0.0000000  0.0000000  0.0000000 
 0.0015593  0.0000000  0.0000000  0.0000000  0.0000000  0.0000000  0.0000000 
 0.0311841  0.0000000  0.0000000  0.0000000  0.0000000  0.0000000  0.0000000 
 0.1696529  0.0000000  0.0000000  0.0000000  0.0000000  0.0000000  0.0000000 
 0.3223589  0.0000000  0.0000000  0.0000000  0.0000000  0.0000000  0.0000000 
 0.3142406  0.0000000  0.0000000  0.0000000  0.0000000  0.0000000  0.0000000 
 0.2094320  0.0000000  0.0000000  0.0000000  0.0000000  0.0000000  0.0000000 
 0.1018974  0.0000000  0.0000000  0.0000000  0.0000000  0.0000000  0.0000000 
 0.0367705  0.0000000  0.0000000  0.0000000  0.0000000  0.0000000  0.0000000 
 0.0101983  0.0000000  0.0000000  0.0000000  0.0000000  0.0000000  0.0000000 
 0.0021567  0.0000000  0.0000000  0.0000000  0.0000000  0.0000000  0.0000000 
 0.0003396  0.0000000  0.0000000  0.0000000  0.0000000  0.0000000  0.0000000 
 0.0000451  0.0000000  0.0000000  0.0000000  0.0000000  0.0000000  0.0000000 
 0.0000000  0.0691695  0.0000000  0.0000000  0.0000000  0.0000000  0.0000000 
 0.0000000  0.3573470  0.0000000  0.0000000  0.0000000  0.0000000  0.0000000 
 0.0000000  0.4662277  0.0000000  0.0000000  0.0000000  0.0000000  0.0000000 
 0.0000000  0.2435433  0.0000000  0.0000000  0.0000000  0.0000000  0.0000000 
 0.0000000 -0.0090772  0.0000000  0.0000000  0.0000000  0.0000000  0.0000000 
 0.0000000 -0.1272936  0.0000000  0.0000000  0.0000000  0.0000000  0.0000000 
 0.0000000 -0.1145595  0.0000000  0.0000000  0.0000000  0.0000000  0.0000000 
 0.0000000 -0.0739720  0.0000000  0.0000000  0.0000000  0.0000000  0.0000000 
 0.0000000 -0.0346436  0.0000000  0.0000000  0.0000000  0.0000000  0.0000000 
 0.0000000 -0.0122461  0.0000000  0.0000000  0.0000000  0.0000000  0.0000000 
 0.0000000 -0.0033426  0.0000000  0.0000000  0.0000000  0.0000000  0.0000000 
 0.0000000 -0.0007055  0.0000000  0.0000000  0.0000000  0.0000000  0.0000000 
 0.0000000 -0.0001104  0.0000000  0.0000000  0.0000000  0.0000000  0.0000000 
 0.0000000 -0.0000147  0.0000000  0.0000000  0.0000000  0.0000000  0.0000000 
 0.0000000  0.0000000  1.0000000  0.0000000  0.0000000  0.0000000  0.0000000 
 0.0000000  0.0000000  0.0000000  1.0000000  0.0000000  0.0000000  0.0000000 
 0.0000000  0.0000000  0.0000000  0.0000000  1.0000000  0.0000000  0.0000000 
 0.0000000  0.0000000  0.0000000  0.0000000  0.0000000  1.0000000  0.0000000 
 0.0000000  0.0000000  0.0000000  0.0000000  0.0000000  0.0000000  1.0000000 

  0.0822549022  0.2124268180  0.7946174299  2.1468368570

 1.0000000  0.0000000  0.0000000  0.0000000 
 0.0000000  1.0000000  0.0000000  0.0000000 
 0.0000000  0.0000000  1.0000000  0.0000000 
 0.0000000  0.0000000  0.0000000  1.0000000 

  0.1474011780  1.3868465157

 1.0000000  0.0000000 
 0.0000000  1.0000000 




