!  DZ (Dunning)  EMSL  Basis Set Exchange Library   6/9/11 8:40 PM
! T.H. DUNNING, JR., J. CHEM. PHYS. 53, 2823 (1970). 
!  T.H. DUNNING, JR. AND P.J. HAY, IN METHODS OF ELECTRONIC STRUCTURE THEORY, 
!  VOL. 2, H.F. SCHAEFER III, ED., PLENUM PRESS (1977).
!   


H:DZ (Dunning)
EMSL BASIS SET LIBRARY

  1
    0
    2
    4

    19.2406000     2.8992000     0.6534000     0.1776000

 0.0328280  0.0000000 
 0.2312080  0.0000000 
 0.8172380  0.0000000 
 0.0000000  1.0000000 

HE:DZ
SAK Dunning DZ EXTRPL

  1
    0
    4
    8

   921.2999878   138.6999969    31.9400005     3.1580000     1.1569999
     0.4446000     0.0766600     0.0286400

 0.0013670  0.0000000 0.0000000 0.0000000
 0.0104250  0.0000000 0.0000000 0.0000000
 0.0498590  0.0000000 0.0000000 0.0000000
 0.3446040  0.0000000 0.0000000 0.0000000
 0.4251970  0.0000000 0.0000000 0.0000000
 0.0000000  1.0000000 0.0000000 0.0000000
 0.0000000  0.0000000 1.0000000 0.0000000
 0.0000000  0.0000000 0.0000000 1.0000000

LI:DZ (Dunning)
EMSL BASIS SET LIBRARY

  2
    0    1
    4    2
    9    4

   921.3000000   138.7000000    31.9400000     9.3530000     3.1580000
     1.1570000     0.4446000     0.0766600     0.0286400

 0.0013670  0.0000000  0.0000000  0.0000000 
 0.0104250  0.0000000  0.0000000  0.0000000 
 0.0498590  0.0000000  0.0000000  0.0000000 
 0.1607010  0.0000000  0.0000000  0.0000000 
 0.3446040  0.0000000  0.0000000  0.0000000 
 0.4251970  0.0000000  0.0000000  0.0000000 
 0.0000000  1.0000000  0.0000000  0.0000000 
 0.0000000  0.0000000  1.0000000  0.0000000 
 0.0000000  0.0000000  0.0000000  1.0000000 

     1.4880000     0.2667000     0.0720100     0.0237000

 0.0387700  0.0000000 
 0.2362570  0.0000000 
 0.8304480  0.0000000 
 0.0000000  1.0000000 

B:DZ (Dunning)
EMSL BASIS SET LIBRARY

  2
    0    1
    4    2
    9    5

  2788.4100000   419.0390000    96.4683000    28.0694000     9.3760000
     1.3057000     3.4062000     0.3245000     0.1022000

 0.0021220  0.0000000  0.0000000  0.0000000 
 0.0161710  0.0000000  0.0000000  0.0000000 
 0.0783560  0.0000000  0.0000000  0.0000000 
 0.2632500  0.0000000  0.0000000  0.0000000 
 0.5967290  0.0000000  0.0000000  0.0000000 
 0.2303970  0.0000000  0.0000000  0.0000000 
 0.0000000  1.0000000  0.0000000  0.0000000 
 0.0000000  0.0000000  1.0000000  0.0000000 
 0.0000000  0.0000000  0.0000000  1.0000000 

    11.3413000     2.4360000     0.6836000     0.2134000     0.0701000

 0.0179870  0.0000000 
 0.1103390  0.0000000 
 0.3831110  0.0000000 
 0.6478600  0.0000000 
 0.0000000  1.0000000 

C:DZ (Dunning)
EMSL BASIS SET LIBRARY

  2
    0    1
    4    2
    9    5

  4232.6100000   634.8820000   146.0970000    42.4974000    14.1892000
     1.9666000     5.1477000     0.4962000     0.1533000

 0.0020290  0.0000000  0.0000000  0.0000000 
 0.0155350  0.0000000  0.0000000  0.0000000 
 0.0754110  0.0000000  0.0000000  0.0000000 
 0.2571210  0.0000000  0.0000000  0.0000000 
 0.5965550  0.0000000  0.0000000  0.0000000 
 0.2425170  0.0000000  0.0000000  0.0000000 
 0.0000000  1.0000000  0.0000000  0.0000000 
 0.0000000  0.0000000  1.0000000  0.0000000 
 0.0000000  0.0000000  0.0000000  1.0000000 

    18.1557000     3.9864000     1.1429000     0.3594000     0.1146000

 0.0185340  0.0000000 
 0.1154420  0.0000000 
 0.3862060  0.0000000 
 0.6400890  0.0000000 
 0.0000000  1.0000000 

N:DZ (Dunning)
EMSL BASIS SET LIBRARY

  2
    0    1
    4    2
    9    5

  5909.4400000   887.4510000   204.7490000    59.8376000    19.9981000
     2.6860000     7.1927000     0.7000000     0.2133000

 0.0020040  0.0000000  0.0000000  0.0000000 
 0.0153100  0.0000000  0.0000000  0.0000000 
 0.0742930  0.0000000  0.0000000  0.0000000 
 0.2533640  0.0000000  0.0000000  0.0000000 
 0.6005760  0.0000000  0.0000000  0.0000000 
 0.2451110  0.0000000  0.0000000  0.0000000 
 0.0000000  1.0000000  0.0000000  0.0000000 
 0.0000000  0.0000000  1.0000000  0.0000000 
 0.0000000  0.0000000  0.0000000  1.0000000 

    26.7860000     5.9564000     1.7074000     0.5314000     0.1654000

 0.0182570  0.0000000 
 0.1164070  0.0000000 
 0.3901110  0.0000000 
 0.6372210  0.0000000 
 0.0000000  1.0000000 

O:DZ (Dunning)
EMSL BASIS SET LIBRARY

  2
    0    1
    4    2
    9    5

  7816.5400000  1175.8200000   273.1880000    81.1696000    27.1836000
     3.4136000     9.5322000     0.9398000     0.2846000

 0.0020310  0.0000000  0.0000000  0.0000000 
 0.0154360  0.0000000  0.0000000  0.0000000 
 0.0737710  0.0000000  0.0000000  0.0000000 
 0.2476060  0.0000000  0.0000000  0.0000000 
 0.6118320  0.0000000  0.0000000  0.0000000 
 0.2412050  0.0000000  0.0000000  0.0000000 
 0.0000000  1.0000000  0.0000000  0.0000000 
 0.0000000  0.0000000  1.0000000  0.0000000 
 0.0000000  0.0000000  0.0000000  1.0000000 

    35.1832000     7.9040000     2.3051000     0.7171000     0.2137000

 0.0195800  0.0000000 
 0.1241890  0.0000000 
 0.3947270  0.0000000 
 0.6273750  0.0000000 
 0.0000000  1.0000000 

F:DZ (Dunning)
EMSL BASIS SET LIBRARY

  2
    0    1
    4    2
    9    5

  9994.7900000  1506.0300000   350.2690000   104.0530000    34.8432000
     4.3688000    12.2164000     1.2078000     0.3634000

 0.0020170  0.0000000  0.0000000  0.0000000 
 0.0152950  0.0000000  0.0000000  0.0000000 
 0.0731100  0.0000000  0.0000000  0.0000000 
 0.2464200  0.0000000  0.0000000  0.0000000 
 0.6125930  0.0000000  0.0000000  0.0000000 
 0.2424890  0.0000000  0.0000000  0.0000000 
 0.0000000  1.0000000  0.0000000  0.0000000 
 0.0000000  0.0000000  1.0000000  0.0000000 
 0.0000000  0.0000000  0.0000000  1.0000000 

    44.3555000    10.0820000     2.9959000     0.9383000     0.2733000

 0.0208680  0.0000000 
 0.1300920  0.0000000 
 0.3962190  0.0000000 
 0.6203680  0.0000000 
 0.0000000  1.0000000 

NE:DZ (Dunning)
EMSL BASIS SET LIBRARY

  2
    0    1
    4    2
   10    5

 12100.0000000  1821.0000000   432.8000000   132.5000000    43.7700000
    14.9100000     5.1270000    14.9100000     1.4910000     0.4468000

 0.0012000  0.0000000  0.0000000  0.0000000 
 0.0090920  0.0000000  0.0000000  0.0000000 
 0.0413050  0.0000000  0.0000000  0.0000000 
 0.1378670  0.0000000  0.0000000  0.0000000 
 0.3624330  0.0000000  0.0000000  0.0000000 
 0.4722470  0.0000000  0.0000000  0.0000000 
 0.1300350  0.0000000  0.0000000  0.0000000 
 0.0000000  1.0000000  0.0000000  0.0000000 
 0.0000000  0.0000000  1.0000000  0.0000000 
 0.0000000  0.0000000  0.0000000  1.0000000 

    56.4500000    12.9200000     3.8650000     1.2030000     0.3444000

 0.0208750  0.0000000 
 0.1300320  0.0000000 
 0.3956790  0.0000000 
 0.6214500  0.0000000 
 0.0000000  1.0000000 

AL:DZ (Dunning)
EMSL BASIS SET LIBRARY

  2
    0    1
    6    4
   12    8

 23490.0000000  3548.0000000   823.5000000   237.7000000    78.6000000
    78.6000000    29.0500000    11.6200000     3.4650000     1.2330000
     0.2018000     0.0780500

 0.0025090  0.0000000  0.0000000  0.0000000  0.0000000  0.0000000 
 0.0189860  0.0000000  0.0000000  0.0000000  0.0000000  0.0000000 
 0.0929140  0.0000000  0.0000000  0.0000000  0.0000000  0.0000000 
 0.3359350  0.0000000  0.0000000  0.0000000  0.0000000  0.0000000 
 0.6473910  0.0000000  0.0000000  0.0000000  0.0000000  0.0000000 
 0.0000000  0.1119370  0.0000000  0.0000000  0.0000000  0.0000000 
 0.0000000  0.6559760  0.0000000  0.0000000  0.0000000  0.0000000 
 0.0000000  0.2833490  0.0000000  0.0000000  0.0000000  0.0000000 
 0.0000000  0.0000000  1.0000000  0.0000000  0.0000000  0.0000000 
 0.0000000  0.0000000  0.0000000  1.0000000  0.0000000  0.0000000 
 0.0000000  0.0000000  0.0000000  0.0000000  1.0000000  0.0000000 
 0.0000000  0.0000000  0.0000000  0.0000000  0.0000000  1.0000000 

   141.5000000    33.2200000    10.3900000     3.5930000     3.5930000
     1.2420000     0.3040000     0.0762900

 0.0178820  0.0000000  0.0000000  0.0000000 
 0.1203750  0.0000000  0.0000000  0.0000000 
 0.4115800  0.0000000  0.0000000  0.0000000 
 0.5953530  0.0000000  0.0000000  0.0000000 
 0.0000000  0.2117580  0.0000000  0.0000000 
 0.0000000  0.8377950  0.0000000  0.0000000 
 0.0000000  0.0000000  1.0000000  0.0000000 
 0.0000000  0.0000000  0.0000000  1.0000000 

SI:DZ (Dunning)
EMSL BASIS SET LIBRARY

  2
    0    1
    6    4
   12    8

 26740.0000000  4076.0000000   953.3000000   274.6000000    90.6800000
    90.6800000    33.5300000    13.4600000     4.0510000     1.4840000
     0.2704000     0.0993200

 0.0025830  0.0000000  0.0000000  0.0000000  0.0000000  0.0000000 
 0.0192370  0.0000000  0.0000000  0.0000000  0.0000000  0.0000000 
 0.0938430  0.0000000  0.0000000  0.0000000  0.0000000  0.0000000 
 0.3412350  0.0000000  0.0000000  0.0000000  0.0000000  0.0000000 
 0.6416750  0.0000000  0.0000000  0.0000000  0.0000000  0.0000000 
 0.0000000  0.1214390  0.0000000  0.0000000  0.0000000  0.0000000 
 0.0000000  0.6531430  0.0000000  0.0000000  0.0000000  0.0000000 
 0.0000000  0.2776240  0.0000000  0.0000000  0.0000000  0.0000000 
 0.0000000  0.0000000  1.0000000  0.0000000  0.0000000  0.0000000 
 0.0000000  0.0000000  0.0000000  1.0000000  0.0000000  0.0000000 
 0.0000000  0.0000000  0.0000000  0.0000000  1.0000000  0.0000000 
 0.0000000  0.0000000  0.0000000  0.0000000  0.0000000  1.0000000 

   163.7000000    38.3500000    12.0200000     4.1850000     4.1850000
     1.4830000     0.3350000     0.0969900

 0.0114980  0.0000000  0.0000000  0.0000000 
 0.0777260  0.0000000  0.0000000  0.0000000 
 0.2635950  0.0000000  0.0000000  0.0000000 
 0.7582690  0.0000000  0.0000000  0.0000000 
 0.0000000 -1.1730450  0.0000000  0.0000000 
 0.0000000  1.4383350  0.0000000  0.0000000 
 0.0000000  0.0000000  1.0000000  0.0000000 
 0.0000000  0.0000000  0.0000000  1.0000000 

P:DZ (Dunning)
EMSL BASIS SET LIBRARY

  2
    0    1
    6    4
   12    8

 30630.0000000  4684.0000000  1094.0000000   315.3000000   104.1000000
   104.1000000    38.4200000    15.4500000     4.6560000     1.7590000
     0.3409000     0.1238000

 0.0026190  0.0000000  0.0000000  0.0000000  0.0000000  0.0000000 
 0.0194790  0.0000000  0.0000000  0.0000000  0.0000000  0.0000000 
 0.0952070  0.0000000  0.0000000  0.0000000  0.0000000  0.0000000 
 0.3457420  0.0000000  0.0000000  0.0000000  0.0000000  0.0000000 
 0.6362880  0.0000000  0.0000000  0.0000000  0.0000000  0.0000000 
 0.0000000  0.1307060  0.0000000  0.0000000  0.0000000  0.0000000 
 0.0000000  0.6502740  0.0000000  0.0000000  0.0000000  0.0000000 
 0.0000000  0.2723080  0.0000000  0.0000000  0.0000000  0.0000000 
 0.0000000  0.0000000  1.0000000  0.0000000  0.0000000  0.0000000 
 0.0000000  0.0000000  0.0000000  1.0000000  0.0000000  0.0000000 
 0.0000000  0.0000000  0.0000000  0.0000000  1.0000000  0.0000000 
 0.0000000  0.0000000  0.0000000  0.0000000  0.0000000  1.0000000 

   187.7000000    43.6300000    13.6000000     4.7660000     4.7660000
     1.7430000     0.4192000     0.1245000

 0.0131580  0.0000000  0.0000000  0.0000000 
 0.0904940  0.0000000  0.0000000  0.0000000 
 0.3050540  0.0000000  0.0000000  0.0000000 
 0.7135790  0.0000000  0.0000000  0.0000000 
 0.0000000 -0.7925730  0.0000000  0.0000000 
 0.0000000  1.4299870  0.0000000  0.0000000 
 0.0000000  0.0000000  1.0000000  0.0000000 
 0.0000000  0.0000000  0.0000000  1.0000000 

S:DZ (Dunning)
EMSL BASIS SET LIBRARY

  2
    0    1
    6    4
   12    8

 35710.0000000  5397.0000000  1250.0000000   359.9000000   119.2000000
   119.2000000    43.9800000    17.6300000     5.4200000     2.0740000
     0.4246000     0.1519000

 0.0025650  0.0000000  0.0000000  0.0000000  0.0000000  0.0000000 
 0.0194050  0.0000000  0.0000000  0.0000000  0.0000000  0.0000000 
 0.0955950  0.0000000  0.0000000  0.0000000  0.0000000  0.0000000 
 0.3457930  0.0000000  0.0000000  0.0000000  0.0000000  0.0000000 
 0.6357940  0.0000000  0.0000000  0.0000000  0.0000000  0.0000000 
 0.0000000  0.1300960  0.0000000  0.0000000  0.0000000  0.0000000 
 0.0000000  0.6513010  0.0000000  0.0000000  0.0000000  0.0000000 
 0.0000000  0.2719550  0.0000000  0.0000000  0.0000000  0.0000000 
 0.0000000  0.0000000  1.0000000  0.0000000  0.0000000  0.0000000 
 0.0000000  0.0000000  0.0000000  1.0000000  0.0000000  0.0000000 
 0.0000000  0.0000000  0.0000000  0.0000000  1.0000000  0.0000000 
 0.0000000  0.0000000  0.0000000  0.0000000  0.0000000  1.0000000 

   212.9000000    49.6000000    15.5200000     5.4760000     5.4760000
     2.0440000     0.5218000     0.1506000

 0.0140910  0.0000000  0.0000000  0.0000000 
 0.0966850  0.0000000  0.0000000  0.0000000 
 0.3238740  0.0000000  0.0000000  0.0000000 
 0.6917560  0.0000000  0.0000000  0.0000000 
 0.0000000 -0.6267370  0.0000000  0.0000000 
 0.0000000  1.3770510  0.0000000  0.0000000 
 0.0000000  0.0000000  1.0000000  0.0000000 
 0.0000000  0.0000000  0.0000000  1.0000000 

CL:DZ (Dunning)
EMSL BASIS SET LIBRARY

  2
    0    1
    6    4
   12    8

 40850.0000000  6179.0000000  1425.0000000   409.2000000   135.5000000
   135.5000000    50.1300000    20.2100000     6.2830000     2.4600000
     0.5271000     0.1884000

 0.0025320  0.0000000  0.0000000  0.0000000  0.0000000  0.0000000 
 0.0192070  0.0000000  0.0000000  0.0000000  0.0000000  0.0000000 
 0.0952570  0.0000000  0.0000000  0.0000000  0.0000000  0.0000000 
 0.3455890  0.0000000  0.0000000  0.0000000  0.0000000  0.0000000 
 0.6364010  0.0000000  0.0000000  0.0000000  0.0000000  0.0000000 
 0.0000000  0.1209560  0.0000000  0.0000000  0.0000000  0.0000000 
 0.0000000  0.6485110  0.0000000  0.0000000  0.0000000  0.0000000 
 0.0000000  0.2754870  0.0000000  0.0000000  0.0000000  0.0000000 
 0.0000000  0.0000000  1.0000000  0.0000000  0.0000000  0.0000000 
 0.0000000  0.0000000  0.0000000  1.0000000  0.0000000  0.0000000 
 0.0000000  0.0000000  0.0000000  0.0000000  1.0000000  0.0000000 
 0.0000000  0.0000000  0.0000000  0.0000000  0.0000000  1.0000000 

   240.8000000    56.5600000    17.8500000     6.3500000     6.3500000
     2.4030000     0.6410000     0.1838000

 0.0145950  0.0000000  0.0000000  0.0000000 
 0.0990470  0.0000000  0.0000000  0.0000000 
 0.3305620  0.0000000  0.0000000  0.0000000 
 0.6828740  0.0000000  0.0000000  0.0000000 
 0.0000000 -0.5617850  0.0000000  0.0000000 
 0.0000000  1.3519010  0.0000000  0.0000000 
 0.0000000  0.0000000  1.0000000  0.0000000 
 0.0000000  0.0000000  0.0000000  1.0000000 
