!  DZP + Diffuse (Dunning)  EMSL  Basis Set Exchange Library   3/19/13 5:46 PM
! T.H. DUNNING, JR., J. CHEM. PHYS. 53, 2823 (1970). 
!  T.H. DUNNING, JR. AND P.J. HAY, IN METHODS OF ELECTRONIC STRUCTURE THEORY, 
!  VOL. 2, H.F. SCHAEFER III, ED., PLENUM PRESS (1977).
!   

!  H - F: T.H. DUNNING JR. AND P.J. HAY, IN METHODS OF ELECTRONIC STRUCTURE 
!               THEORY VOL. 2, H.F. SCHAEFER III, ED., PLENUM PRESS (1977). 
!   Si - Cl:    E. MAGNUSSON AND H.F. SCHAEFER III, JCP 83, 5721 (1985).
!   

! T.H. DUNNING JR. AND P.J. HAY, IN METHODS OF ELECTRONIC STRUCTURE THEORY, 
!  VOL. 2, H.F. SCHAEFER III, ED., PLENUM PRESS (1977).
!   


H:DZP + Diffuse (Dunning)
EMSL BASIS SET LIBRARY

  2
    0    1
    3    1
    5    1

    19.2406000     2.8992000     0.6534000     0.1776000     0.0482730

 0.0328280  0.0000000  0.0000000 
 0.2312080  0.0000000  0.0000000 
 0.8172380  0.0000000  0.0000000 
 0.0000000  1.0000000  0.0000000 
 0.0000000  0.0000000  1.0000000 

     1.0000000

 1.0000000 

LI:DZP + Diffuse (Dunning)
EMSL BASIS SET LIBRARY

  3
    0    1    2
    5    3    1
   10    5    1

   921.3000000   138.7000000    31.9400000     9.3530000     3.1580000
     1.1570000     0.4446000     0.0766600     0.0286400     0.0107000

 0.0013670  0.0000000  0.0000000  0.0000000  0.0000000 
 0.0104250  0.0000000  0.0000000  0.0000000  0.0000000 
 0.0498590  0.0000000  0.0000000  0.0000000  0.0000000 
 0.1607010  0.0000000  0.0000000  0.0000000  0.0000000 
 0.3446040  0.0000000  0.0000000  0.0000000  0.0000000 
 0.4251970  0.0000000  0.0000000  0.0000000  0.0000000 
 0.0000000  1.0000000  0.0000000  0.0000000  0.0000000 
 0.0000000  0.0000000  1.0000000  0.0000000  0.0000000 
 0.0000000  0.0000000  0.0000000  1.0000000  0.0000000 
 0.0000000  0.0000000  0.0000000  0.0000000  1.0000000 

     1.4880000     0.2667000     0.0720100     0.0237000     0.0078000

 0.0387700  0.0000000  0.0000000 
 0.2362570  0.0000000  0.0000000 
 0.8304480  0.0000000  0.0000000 
 0.0000000  1.0000000  0.0000000 
 0.0000000  0.0000000  1.0000000 

     0.2000000

 1.0000000 

B:DZP + Diffuse (Dunning)
EMSL BASIS SET LIBRARY

  3
    0    1    2
    4    3    1
    9    6    1

  2788.4100000   419.0390000    96.4683000    28.0694000     9.3760000
     1.3057000     3.4062000     0.3245000     0.1022000

 0.0021220  0.0000000  0.0000000  0.0000000 
 0.0161710  0.0000000  0.0000000  0.0000000 
 0.0783560  0.0000000  0.0000000  0.0000000 
 0.2632500  0.0000000  0.0000000  0.0000000 
 0.5967290  0.0000000  0.0000000  0.0000000 
 0.2303970  0.0000000  0.0000000  0.0000000 
 0.0000000  1.0000000  0.0000000  0.0000000 
 0.0000000  0.0000000  1.0000000  0.0000000 
 0.0000000  0.0000000  0.0000000  1.0000000 

    11.3413000     2.4360000     0.6836000     0.2134000     0.0701000
     0.0190000

 0.0179870  0.0000000  0.0000000 
 0.1103390  0.0000000  0.0000000 
 0.3831110  0.0000000  0.0000000 
 0.6478600  0.0000000  0.0000000 
 0.0000000  1.0000000  0.0000000 
 0.0000000  0.0000000  1.0000000 

     0.7000000

 1.0000000 

C:DZP + Diffuse (Dunning)
EMSL BASIS SET LIBRARY

  3
    0    1    2
    4    3    1
    9    6    1

  4232.6100000   634.8820000   146.0970000    42.4974000    14.1892000
     1.9666000     5.1477000     0.4962000     0.1533000

 0.0020290  0.0000000  0.0000000  0.0000000 
 0.0155350  0.0000000  0.0000000  0.0000000 
 0.0754110  0.0000000  0.0000000  0.0000000 
 0.2571210  0.0000000  0.0000000  0.0000000 
 0.5965550  0.0000000  0.0000000  0.0000000 
 0.2425170  0.0000000  0.0000000  0.0000000 
 0.0000000  1.0000000  0.0000000  0.0000000 
 0.0000000  0.0000000  1.0000000  0.0000000 
 0.0000000  0.0000000  0.0000000  1.0000000 

    18.1557000     3.9864000     1.1429000     0.3594000     0.1146000
     0.0340000

 0.0185340  0.0000000  0.0000000 
 0.1154420  0.0000000  0.0000000 
 0.3862060  0.0000000  0.0000000 
 0.6400890  0.0000000  0.0000000 
 0.0000000  1.0000000  0.0000000 
 0.0000000  0.0000000  1.0000000 

     0.7500000

 1.0000000 

N:DZP + Diffuse (Dunning)
EMSL BASIS SET LIBRARY

  3
    0    1    2
    4    3    1
    9    6    1

  5909.4400000   887.4510000   204.7490000    59.8376000    19.9981000
     2.6860000     7.1927000     0.7000000     0.2133000

 0.0020040  0.0000000  0.0000000  0.0000000 
 0.0153100  0.0000000  0.0000000  0.0000000 
 0.0742930  0.0000000  0.0000000  0.0000000 
 0.2533640  0.0000000  0.0000000  0.0000000 
 0.6005760  0.0000000  0.0000000  0.0000000 
 0.2451110  0.0000000  0.0000000  0.0000000 
 0.0000000  1.0000000  0.0000000  0.0000000 
 0.0000000  0.0000000  1.0000000  0.0000000 
 0.0000000  0.0000000  0.0000000  1.0000000 

    26.7860000     5.9564000     1.7074000     0.5314000     0.1654000
     0.0480000

 0.0182570  0.0000000  0.0000000 
 0.1164070  0.0000000  0.0000000 
 0.3901110  0.0000000  0.0000000 
 0.6372210  0.0000000  0.0000000 
 0.0000000  1.0000000  0.0000000 
 0.0000000  0.0000000  1.0000000 

     0.8000000

 1.0000000 

O:DZP + Diffuse (Dunning)
EMSL BASIS SET LIBRARY

  3
    0    1    2
    4    3    1
    9    6    1

  7816.5400000  1175.8200000   273.1880000    81.1696000    27.1836000
     3.4136000     9.5322000     0.9398000     0.2846000

 0.0020310  0.0000000  0.0000000  0.0000000 
 0.0154360  0.0000000  0.0000000  0.0000000 
 0.0737710  0.0000000  0.0000000  0.0000000 
 0.2476060  0.0000000  0.0000000  0.0000000 
 0.6118320  0.0000000  0.0000000  0.0000000 
 0.2412050  0.0000000  0.0000000  0.0000000 
 0.0000000  1.0000000  0.0000000  0.0000000 
 0.0000000  0.0000000  1.0000000  0.0000000 
 0.0000000  0.0000000  0.0000000  1.0000000 

    35.1832000     7.9040000     2.3051000     0.7171000     0.2137000
     0.0590000

 0.0195800  0.0000000  0.0000000 
 0.1241890  0.0000000  0.0000000 
 0.3947270  0.0000000  0.0000000 
 0.6273750  0.0000000  0.0000000 
 0.0000000  1.0000000  0.0000000 
 0.0000000  0.0000000  1.0000000 

     0.8500000

 1.0000000 

F:DZP + Diffuse (Dunning)
EMSL BASIS SET LIBRARY

  3
    0    1    2
    4    3    1
    9    6    1

  9994.7900000  1506.0300000   350.2690000   104.0530000    34.8432000
     4.3688000    12.2164000     1.2078000     0.3634000

 0.0020170  0.0000000  0.0000000  0.0000000 
 0.0152950  0.0000000  0.0000000  0.0000000 
 0.0731100  0.0000000  0.0000000  0.0000000 
 0.2464200  0.0000000  0.0000000  0.0000000 
 0.6125930  0.0000000  0.0000000  0.0000000 
 0.2424890  0.0000000  0.0000000  0.0000000 
 0.0000000  1.0000000  0.0000000  0.0000000 
 0.0000000  0.0000000  1.0000000  0.0000000 
 0.0000000  0.0000000  0.0000000  1.0000000 

    44.3555000    10.0820000     2.9959000     0.9383000     0.2733000
     0.0740000

 0.0208680  0.0000000  0.0000000 
 0.1300920  0.0000000  0.0000000 
 0.3962190  0.0000000  0.0000000 
 0.6203680  0.0000000  0.0000000 
 0.0000000  1.0000000  0.0000000 
 0.0000000  0.0000000  1.0000000 

     0.9000000

 1.0000000 

NE:DZP + Diffuse (Dunning)
EMSL BASIS SET LIBRARY

  3
    0    1    2
    4    3    1
   10    6    1

 12100.0000000  1821.0000000   432.8000000   132.5000000    43.7700000
    14.9100000     5.1270000    14.9100000     1.4910000     0.4468000

 0.0012000  0.0000000  0.0000000  0.0000000 
 0.0090920  0.0000000  0.0000000  0.0000000 
 0.0413050  0.0000000  0.0000000  0.0000000 
 0.1378670  0.0000000  0.0000000  0.0000000 
 0.3624330  0.0000000  0.0000000  0.0000000 
 0.4722470  0.0000000  0.0000000  0.0000000 
 0.1300350  0.0000000  0.0000000  0.0000000 
 0.0000000  1.0000000  0.0000000  0.0000000 
 0.0000000  0.0000000  1.0000000  0.0000000 
 0.0000000  0.0000000  0.0000000  1.0000000 

    56.4500000    12.9200000     3.8650000     1.2030000     0.3444000
     0.0890000

 0.0208750  0.0000000  0.0000000 
 0.1300320  0.0000000  0.0000000 
 0.3956790  0.0000000  0.0000000 
 0.6214500  0.0000000  0.0000000 
 0.0000000  1.0000000  0.0000000 
 0.0000000  0.0000000  1.0000000 

     0.9500000

 1.0000000 




