!  IGLO-II  EMSL  Basis Set Exchange Library   3/19/13 5:54 PM
! W. Kutzelnigg, U. Fleischer, M. Schindler, The IGLO-Method: Ab Initio
! Calculation and Interpretation of NMR Chemical Shifts and Magnetic 
! Susceptibilities, Springer-Verlag, Heidelberg, 1990, vol. 23.
!   


H:IGLO-II
EMSL BASIS SET LIBRARY

  2
    0    1
    3    1
    5    1

    33.6444000     5.0579600     1.1468000    0.32114400    0.10130900

   .612E-2  0.0000000  0.0000000 
  .4575E-1  0.0000000  0.0000000 
 0.2057200  0.0000000  0.0000000 
 0.0000000  1.0000000  0.0000000 
 0.0000000  0.0000000  1.0000000 

     0.6500000

 1.0000000 

B:IGLO-II
EMSL BASIS SET LIBRARY

  3
    0    1    2
    5    4    1
    9    5    1

  2796.6035000   420.8679900    96.9158660    28.1030580     9.3784384
     3.4280972     1.3353938    0.32384228    0.10202139

 .12822E-2  0.0000000  0.0000000  0.0000000  0.0000000 
 .97664E-2  0.0000000  0.0000000  0.0000000  0.0000000 
 .47453E-1  0.0000000  0.0000000  0.0000000  0.0000000 
 0.1602862  0.0000000  0.0000000  0.0000000  0.0000000 
 0.3619185  0.0000000  0.0000000  0.0000000  0.0000000 
 0.0000000  1.0000000  0.0000000  0.0000000  0.0000000 
 0.0000000  0.0000000  1.0000000  0.0000000  0.0000000 
 0.0000000  0.0000000  0.0000000  1.0000000  0.0000000 
 0.0000000  0.0000000  0.0000000  0.0000000  1.0000000 

    11.2907200     2.4257124    0.68564974    0.21569117    0.07010236

  .1445E-1  0.0000000  0.0000000  0.0000000 
 .88292E-1  0.0000000  0.0000000  0.0000000 
 0.0000000  1.0000000  0.0000000  0.0000000 
 0.0000000  0.0000000  1.0000000  0.0000000 
 0.0000000  0.0000000  0.0000000  1.0000000 

     0.7000000

 1.0000000 

C:IGLO-II
EMSL BASIS SET LIBRARY

  3
    0    1    2
    5    4    1
    9    5    1

  4240.3098000   637.7782700   146.7453400    42.5314280    14.1848040
     5.1756943     2.0072531    0.49677422    0.15348718

 .12152E-2  0.0000000  0.0000000  0.0000000  0.0000000 
 .92732E-2  0.0000000  0.0000000  0.0000000  0.0000000 
 .45279E-1  0.0000000  0.0000000  0.0000000  0.0000000 
 0.1549233  0.0000000  0.0000000  0.0000000  0.0000000 
 0.3580834  0.0000000  0.0000000  0.0000000  0.0000000 
 0.0000000  1.0000000  0.0000000  0.0000000  0.0000000 
 0.0000000  0.0000000  1.0000000  0.0000000  0.0000000 
 0.0000000  0.0000000  0.0000000  1.0000000  0.0000000 
 0.0000000  0.0000000  0.0000000  0.0000000  1.0000000 

    18.0991440     3.9769145     1.1450768    0.36188831    0.11460548

 .14761E-1  0.0000000  0.0000000  0.0000000 
 .91649E-1  0.0000000  0.0000000  0.0000000 
 0.0000000  1.0000000  0.0000000  0.0000000 
 0.0000000  0.0000000  1.0000000  0.0000000 
 0.0000000  0.0000000  0.0000000  1.0000000 

     1.0000000

 1.0000000 

N:IGLO-II
EMSL BASIS SET LIBRARY

  3
    0    1    2
    5    4    1
    9    5    1

  6024.2736000   906.5957700   208.4478000    60.1036830    19.9733480
     7.3341985     2.8938194    0.70806350    0.21581223

 .11604E-2  0.0000000  0.0000000  0.0000000  0.0000000 
 .88501E-2  0.0000000  0.0000000  0.0000000  0.0000000 
 .43504E-1  0.0000000  0.0000000  0.0000000  0.0000000 
 0.1515437  0.0000000  0.0000000  0.0000000  0.0000000 
 0.3548706  0.0000000  0.0000000  0.0000000  0.0000000 
 0.0000000  1.0000000  0.0000000  0.0000000  0.0000000 
 0.0000000  0.0000000  1.0000000  0.0000000  0.0000000 
 0.0000000  0.0000000  0.0000000  1.0000000  0.0000000 
 0.0000000  0.0000000  0.0000000  0.0000000  1.0000000 

    26.3626090     5.8777343     1.7167892    0.54594357    0.16994634

 .14901E-1  0.0000000  0.0000000  0.0000000 
 .93338E-1  0.0000000  0.0000000  0.0000000 
 0.0000000  1.0000000  0.0000000  0.0000000 
 0.0000000  0.0000000  1.0000000  0.0000000 
 0.0000000  0.0000000  0.0000000  1.0000000 

     1.0000000

 1.0000000 

O:IGLO-II
EMSL BASIS SET LIBRARY

  3
    0    1    2
    5    4    1
    9    5    1

  8046.1590000  1211.9849000   279.5249100    80.9329960    26.9342700
     9.8393320     3.8340374    0.95681143    0.28899604

 .11346E-2  0.0000000  0.0000000  0.0000000  0.0000000 
 .86365E-2  0.0000000  0.0000000  0.0000000  0.0000000 
 .42298E-1  0.0000000  0.0000000  0.0000000  0.0000000 
 0.1476031  0.0000000  0.0000000  0.0000000  0.0000000 
 0.3514763  0.0000000  0.0000000  0.0000000  0.0000000 
 0.0000000  1.0000000  0.0000000  0.0000000  0.0000000 
 0.0000000  0.0000000  1.0000000  0.0000000  0.0000000 
 0.0000000  0.0000000  0.0000000  1.0000000  0.0000000 
 0.0000000  0.0000000  0.0000000  0.0000000  1.0000000 

    34.9066140     7.8465639     2.3049855    0.72205670    0.21525878

 .15618E-1  0.0000000  0.0000000  0.0000000 
 .98281E-1  0.0000000  0.0000000  0.0000000 
 0.0000000  1.0000000  0.0000000  0.0000000 
 0.0000000  0.0000000  1.0000000  0.0000000 
 0.0000000  0.0000000  0.0000000  1.0000000 

     1.0000000

 1.0000000 

F:IGLO-II
EMSL BASIS SET LIBRARY

  3
    0    1    2
    5    4    1
    9    5    1

 10255.8630000  1545.5575000   357.0697700   103.6314300    34.5026160
    12.5460950     4.8318328     1.2331235    0.36996157

 .11293E-2  0.0000000  0.0000000  0.0000000  0.0000000 
 .85868E-2  0.0000000  0.0000000  0.0000000  0.0000000 
 .41957E-1  0.0000000  0.0000000  0.0000000  0.0000000 
 0.1464913  0.0000000  0.0000000  0.0000000  0.0000000 
 0.3519113  0.0000000  0.0000000  0.0000000  0.0000000 
 0.0000000  1.0000000  0.0000000  0.0000000  0.0000000 
 0.0000000  0.0000000  1.0000000  0.0000000  0.0000000 
 0.0000000  0.0000000  0.0000000  1.0000000  0.0000000 
 0.0000000  0.0000000  0.0000000  0.0000000  1.0000000 

    44.6080070    10.0966730     2.9848813    0.93222839    0.27221117

 .16249E-1  0.0000000  0.0000000  0.0000000 
 0.1021961  0.0000000  0.0000000  0.0000000 
 0.0000000  1.0000000  0.0000000  0.0000000 
 0.0000000  0.0000000  1.0000000  0.0000000 
 0.0000000  0.0000000  0.0000000  1.0000000 

     1.0000000

 1.0000000 

AL:IGLO-II
EMSL BASIS SET LIBRARY

  3
    0    1    2
    7    6    2
   11    7    2

 23491.0820000  3547.6323000   823.4719900   237.6793800    78.6020590
    29.0499060    11.6238120     3.4653431     1.2331429    0.20181005
    0.07804797

  .1016E-2  0.0000000  0.0000000  0.0000000  0.0000000  0.0000000  0.0000000 
 .76897E-2  0.0000000  0.0000000  0.0000000  0.0000000  0.0000000  0.0000000 
 .37632E-1  0.0000000  0.0000000  0.0000000  0.0000000  0.0000000  0.0000000 
 0.1360466  0.0000000  0.0000000  0.0000000  0.0000000  0.0000000  0.0000000 
 0.3365529  0.0000000  0.0000000  0.0000000  0.0000000  0.0000000  0.0000000 
 0.0000000  1.0000000  0.0000000  0.0000000  0.0000000  0.0000000  0.0000000 
 0.0000000  0.0000000  1.0000000  0.0000000  0.0000000  0.0000000  0.0000000 
 0.0000000  0.0000000  0.0000000  1.0000000  0.0000000  0.0000000  0.0000000 
 0.0000000  0.0000000  0.0000000  0.0000000  1.0000000  0.0000000  0.0000000 
 0.0000000  0.0000000  0.0000000  0.0000000  0.0000000  1.0000000  0.0000000 
 0.0000000  0.0000000  0.0000000  0.0000000  0.0000000  0.0000000  1.0000000 

   141.5103600    33.2176290    10.3930140     3.5925839     1.2421020
    0.30402357    0.07628914

 .10997E-1  0.0000000  0.0000000  0.0000000  0.0000000  0.0000000 
 .73983E-1  0.0000000  0.0000000  0.0000000  0.0000000  0.0000000 
 0.0000000  1.0000000  0.0000000  0.0000000  0.0000000  0.0000000 
 0.0000000  0.0000000  1.0000000  0.0000000  0.0000000  0.0000000 
 0.0000000  0.0000000  0.0000000  1.0000000  0.0000000  0.0000000 
 0.0000000  0.0000000  0.0000000  0.0000000  1.0000000  0.0000000 
 0.0000000  0.0000000  0.0000000  0.0000000  0.0000000  1.0000000 

     0.3000000     1.2000000

 1.0000000  0.0000000 
 0.0000000  1.0000000 

SI:IGLO-II
EMSL BASIS SET LIBRARY

  3
    0    1    2
    7    6    2
   11    7    2

 26737.3890000  4076.3786000   953.2931500   274.5844100    90.6819870
    33.5290570    13.4576290     4.0506916     1.4841839    0.27044323
    0.09932161

 .10391E-2  0.0000000  0.0000000  0.0000000  0.0000000  0.0000000  0.0000000 
 .77377E-2  0.0000000  0.0000000  0.0000000  0.0000000  0.0000000  0.0000000 
 .37756E-1  0.0000000  0.0000000  0.0000000  0.0000000  0.0000000  0.0000000 
 0.1372761  0.0000000  0.0000000  0.0000000  0.0000000  0.0000000  0.0000000 
 0.3390371  0.0000000  0.0000000  0.0000000  0.0000000  0.0000000  0.0000000 
 0.0000000  1.0000000  0.0000000  0.0000000  0.0000000  0.0000000  0.0000000 
 0.0000000  0.0000000  1.0000000  0.0000000  0.0000000  0.0000000  0.0000000 
 0.0000000  0.0000000  0.0000000  1.0000000  0.0000000  0.0000000  0.0000000 
 0.0000000  0.0000000  0.0000000  0.0000000  1.0000000  0.0000000  0.0000000 
 0.0000000  0.0000000  0.0000000  0.0000000  0.0000000  1.0000000  0.0000000 
 0.0000000  0.0000000  0.0000000  0.0000000  0.0000000  0.0000000  1.0000000 

   163.7327000    38.3520810    12.0211140     4.1845733     1.4827170
    0.33498569    0.09699384

 .11657E-1  0.0000000  0.0000000  0.0000000  0.0000000  0.0000000 
 .78802E-1  0.0000000  0.0000000  0.0000000  0.0000000  0.0000000 
 0.0000000  1.4383350  0.0000000  0.0000000  0.0000000  0.0000000 
 0.0000000  0.0000000  1.0000000  0.0000000  0.0000000  0.0000000 
 0.0000000  0.0000000  0.0000000  1.0000000  0.0000000  0.0000000 
 0.0000000  0.0000000  0.0000000  0.0000000  1.0000000  0.0000000 
 0.0000000  0.0000000  0.0000000  0.0000000  0.0000000  1.0000000 

     0.3500000     1.4000000

 1.0000000  0.0000000 
 0.0000000  1.0000000 

P:IGLO-II
EMSL BASIS SET LIBRARY

  3
    0    1    2
    7    6    2
   11    7    2

 30632.3780000  4684.2521000  1093.5903000   315.2803300   104.1176300
    38.4157240    15.4465310     4.6559704     1.7588774    0.34094694
    0.12377993

  .1041E-2  0.0000000  0.0000000  0.0000000  0.0000000  0.0000000  0.0000000 
 .77457E-2  0.0000000  0.0000000  0.0000000  0.0000000  0.0000000  0.0000000 
 .37868E-1  0.0000000  0.0000000  0.0000000  0.0000000  0.0000000  0.0000000 
 0.1374056  0.0000000  0.0000000  0.0000000  0.0000000  0.0000000  0.0000000 
 0.3405349  0.0000000  0.0000000  0.0000000  0.0000000  0.0000000  0.0000000 
 0.0000000  0.1307060  0.0000000  0.0000000  0.0000000  0.0000000  0.0000000 
 0.0000000  0.0000000  1.0000000  0.0000000  0.0000000  0.0000000  0.0000000 
 0.0000000  0.0000000  0.0000000  1.0000000  0.0000000  0.0000000  0.0000000 
 0.0000000  0.0000000  0.0000000  0.0000000  1.0000000  0.0000000  0.0000000 
 0.0000000  0.0000000  0.0000000  0.0000000  0.0000000  1.0000000  0.0000000 
 0.0000000  0.0000000  0.0000000  0.0000000  0.0000000  0.0000000  1.0000000 

   187.7387100    43.6335500    13.6031690     4.7660461     1.7426185
    0.41920305    0.12451394

 .12252E-1  0.0000000  0.0000000  0.0000000  0.0000000  0.0000000 
 .84249E-1  0.0000000  0.0000000  0.0000000  0.0000000  0.0000000 
 0.0000000  1.0000000  0.0000000  0.0000000  0.0000000  0.0000000 
 0.0000000  0.0000000  1.0000000  0.0000000  0.0000000  0.0000000 
 0.0000000  0.0000000  0.0000000  1.0000000  0.0000000  0.0000000 
 0.0000000  0.0000000  0.0000000  0.0000000  1.0000000  0.0000000 
 0.0000000  0.0000000  0.0000000  0.0000000  0.0000000  1.0000000 

     0.3500000     1.4000000

 1.0000000  0.0000000 
 0.0000000  1.0000000 

S:IGLO-II
EMSL BASIS SET LIBRARY

  3
    0    1    2
    7    6    2
   11    7    2

 35713.9840000  5396.6277000  1249.7093000   359.9342600   119.1712600
    43.9835580    17.6266740     5.4200903     2.0738730    0.42642466
    0.15187254

 .10159E-2  0.0000000  0.0000000  0.0000000  0.0000000  0.0000000  0.0000000 
 .76896E-2  0.0000000  0.0000000  0.0000000  0.0000000  0.0000000  0.0000000 
 .37859E-1  0.0000000  0.0000000  0.0000000  0.0000000  0.0000000  0.0000000 
 0.1369735  0.0000000  0.0000000  0.0000000  0.0000000  0.0000000  0.0000000 
 0.3392712  0.0000000  0.0000000  0.0000000  0.0000000  0.0000000  0.0000000 
 0.0000000  1.0000000  0.0000000  0.0000000  0.0000000  0.0000000  0.0000000 
 0.0000000  0.0000000  1.0000000  0.0000000  0.0000000  0.0000000  0.0000000 
 0.0000000  0.0000000  0.0000000  1.0000000  0.0000000  0.0000000  0.0000000 
 0.0000000  0.0000000  0.0000000  0.0000000  1.0000000  0.0000000  0.0000000 
 0.0000000  0.0000000  0.0000000  0.0000000  0.0000000  1.0000000  0.0000000 
 0.0000000  0.0000000  0.0000000  0.0000000  0.0000000  0.0000000  1.0000000 

   212.8658600    49.6001950    15.5155380     5.4755711     2.0441527
    0.52179721    0.15064449

 .12776E-1  0.0000000  0.0000000  0.0000000  0.0000000  0.0000000 
 .87688E-1  0.0000000  0.0000000  0.0000000  0.0000000  0.0000000 
 0.0000000  1.0000000  0.0000000  0.0000000  0.0000000  0.0000000 
 0.0000000  0.0000000  1.0000000  0.0000000  0.0000000  0.0000000 
 0.0000000  0.0000000  0.0000000  1.0000000  0.0000000  0.0000000 
 0.0000000  0.0000000  0.0000000  0.0000000  1.0000000  0.0000000 
 0.0000000  0.0000000  0.0000000  0.0000000  0.0000000  1.0000000 

     0.4000000     1.6000000

 1.0000000  0.0000000 
 0.0000000  1.0000000 

CL:IGLO-II
EMSL BASIS SET LIBRARY

  3
    0    1    2
    7    6    2
   11    7    2

 40847.5640000  6178.5973000  1424.6428000   409.2096900   135.4764600
    50.1319430    20.2099350     6.2827101     2.4595546    0.52706222
    0.18840804

 .99932E-3  0.0000000  0.0000000  0.0000000  0.0000000  0.0000000  0.0000000 
 .75805E-2  0.0000000  0.0000000  0.0000000  0.0000000  0.0000000  0.0000000 
 .37586E-1  0.0000000  0.0000000  0.0000000  0.0000000  0.0000000  0.0000000 
 0.1363593  0.0000000  0.0000000  0.0000000  0.0000000  0.0000000  0.0000000 
 0.3379611  0.0000000  0.0000000  0.0000000  0.0000000  0.0000000  0.0000000 
 0.0000000  1.0000000  0.0000000  0.0000000  0.0000000  0.0000000  0.0000000 
 0.0000000  0.0000000  1.0000000  0.0000000  0.0000000  0.0000000  0.0000000 
 0.0000000  0.0000000  0.0000000  1.0000000  0.0000000  0.0000000  0.0000000 
 0.0000000  0.0000000  0.0000000  0.0000000  1.0000000  0.0000000  0.0000000 
 0.0000000  0.0000000  0.0000000  0.0000000  0.0000000  1.0000000  0.0000000 
 0.0000000  0.0000000  0.0000000  0.0000000  0.0000000  0.0000000  1.0000000 

   240.7668700    56.5624060    17.8457780     6.3498807     2.4030754
    0.64102163    0.18375019

 .13104E-1  0.0000000  0.0000000  0.0000000  0.0000000  0.0000000 
 .88954E-1  0.0000000  0.0000000  0.0000000  0.0000000  0.0000000 
 0.0000000  1.0000000  0.0000000  0.0000000  0.0000000  0.0000000 
 0.0000000  0.0000000  1.0000000  0.0000000  0.0000000  0.0000000 
 0.0000000  0.0000000  0.0000000  1.0000000  0.0000000  0.0000000 
 0.0000000  0.0000000  0.0000000  0.0000000  1.0000000  0.0000000 
 0.0000000  0.0000000  0.0000000  0.0000000  0.0000000  1.0000000 

     0.4000000     1.6000000

 1.0000000  0.0000000 
 0.0000000  1.0000000 




