!  IGLO-III  EMSL  Basis Set Exchange Library   3/19/13 5:54 PM
! W. Kutzelnigg, U. Fleischer, M. Schindler,Al - Cl:  The IGLO-Method: Ab Initio
! Calculation and Interpretation of NMR Chemical Shifts and Magnetic 
! Susceptibilities, Springer-Verlag, Heidelberg, 1990, vol. 23.
!   


H:IGLO-III
EMSL BASIS SET LIBRARY

  2
    0    1
    4    2
    6    2

    68.1600000    10.2465000     2.3464800    0.67332000    0.22466000
    0.08221700

   .255E-2  0.0000000  0.0000000  0.0000000 
  .1938E-1  0.0000000  0.0000000  0.0000000 
   .928E-1  0.0000000  0.0000000  0.0000000 
 0.0000000  1.0000000  0.0000000  0.0000000 
 0.0000000  0.0000000  1.0000000  0.0000000 
 0.0000000  0.0000000  0.0000000  1.0000000 

     0.3300000     1.3000000

 1.0000000  0.0000000 
 0.0000000  1.0000000 

B:IGLO-III
EMSL BASIS SET LIBRARY

  3
    0    1    2
    7    6    2
   11    7    2

 10624.8880000  1587.9563000   357.9583100    99.2632590    31.4713560
    10.9210030     4.0701935     1.6175599    0.42720825    0.16635220
    0.06656824

 .24298E-3  0.0000000  0.0000000  0.0000000  0.0000000  0.0000000  0.0000000 
 .18946E-2  0.0000000  0.0000000  0.0000000  0.0000000  0.0000000  0.0000000 
 .10024E-1  0.0000000  0.0000000  0.0000000  0.0000000  0.0000000  0.0000000 
 .41744E-1  0.0000000  0.0000000  0.0000000  0.0000000  0.0000000  0.0000000 
 0.1358195  0.0000000  0.0000000  0.0000000  0.0000000  0.0000000  0.0000000 
 0.0000000  1.0000000  0.0000000  0.0000000  0.0000000  0.0000000  0.0000000 
 0.0000000  0.0000000  1.0000000  0.0000000  0.0000000  0.0000000  0.0000000 
 0.0000000  0.0000000  0.0000000  1.0000000  0.0000000  0.0000000  0.0000000 
 0.0000000  0.0000000  0.0000000  0.0000000  1.0000000  0.0000000  0.0000000 
 0.0000000  0.0000000  0.0000000  0.0000000  0.0000000  1.0000000  0.0000000 
 0.0000000  0.0000000  0.0000000  0.0000000  0.0000000  0.0000000  1.0000000 

    24.2260280     5.6779476     1.7537825    0.64115199    0.25505904
    0.10423302     0.0427591

 .44105E-2  0.0000000  0.0000000  0.0000000  0.0000000  0.0000000 
 .27569E-1  0.0000000  0.0000000  0.0000000  0.0000000  0.0000000 
 0.0000000  1.0000000  0.0000000  0.0000000  0.0000000  0.0000000 
 0.0000000  0.0000000  1.0000000  0.0000000  0.0000000  0.0000000 
 0.0000000  0.0000000  0.0000000  1.0000000  0.0000000  0.0000000 
 0.0000000  0.0000000  0.0000000  0.0000000  1.0000000  0.0000000 
 0.0000000  0.0000000  0.0000000  0.0000000  0.0000000  1.0000000 

     0.3500000     1.4000000

 1.0000000  0.0000000 
 0.0000000  1.0000000 

C:IGLO-III
EMSL BASIS SET LIBRARY

  3
    0    1    2
    7    6    2
   11    7    2

 16371.0740000  2426.9925000   544.5441800   150.8048700    47.7081430
    16.4572410     6.0845578     2.3824631     0.6619866    0.24698997
     0.0949873

 .22642E-3  0.0000000  0.0000000  0.0000000  0.0000000  0.0000000  0.0000000 
 .17845E-2  0.0000000  0.0000000  0.0000000  0.0000000  0.0000000  0.0000000 
 .94902E-2  0.0000000  0.0000000  0.0000000  0.0000000  0.0000000  0.0000000 
 .39661E-1  0.0000000  0.0000000  0.0000000  0.0000000  0.0000000  0.0000000 
 0.1313402  0.0000000  0.0000000  0.0000000  0.0000000  0.0000000  0.0000000 
 0.0000000  1.0000000  0.0000000  0.0000000  0.0000000  0.0000000  0.0000000 
 0.0000000  0.0000000  1.0000000  0.0000000  0.0000000  0.0000000  0.0000000 
 0.0000000  0.0000000  0.0000000  1.0000000  0.0000000  0.0000000  0.0000000 
 0.0000000  0.0000000  0.0000000  0.0000000  1.0000000  0.0000000  0.0000000 
 0.0000000  0.0000000  0.0000000  0.0000000  0.0000000  1.0000000  0.0000000 
 0.0000000  0.0000000  0.0000000  0.0000000  0.0000000  0.0000000  1.0000000 

    40.7904230     9.5034633     2.9408357     1.0751115     0.4267024
    0.17481926    0.07113054

  .4097E-2  0.0000000  0.0000000  0.0000000  0.0000000  0.0000000 
 .27585E-1  0.0000000  0.0000000  0.0000000  0.0000000  0.0000000 
 0.0000000  1.0000000  0.0000000  0.0000000  0.0000000  0.0000000 
 0.0000000  0.0000000  1.0000000  0.0000000  0.0000000  0.0000000 
 0.0000000  0.0000000  0.0000000  1.0000000  0.0000000  0.0000000 
 0.0000000  0.0000000  0.0000000  0.0000000  1.0000000  0.0000000 
 0.0000000  0.0000000  0.0000000  0.0000000  0.0000000  1.0000000 

     0.3500000     1.4000000

 1.0000000  0.0000000 
 0.0000000  1.0000000 

N:IGLO-III
EMSL BASIS SET LIBRARY

  3
    0    1    2
    7    6    2
   11    7    2

 23274.8570000  3468.1830000   777.9884300   215.7197600    68.0780310
    23.4243970     8.6693766     3.4217533    0.93125652    0.34656886
    0.13311530

 .21521E-3  0.0000000  0.0000000  0.0000000  0.0000000  0.0000000  0.0000000 
 .16921E-2  0.0000000  0.0000000  0.0000000  0.0000000  0.0000000  0.0000000 
 .89941E-2  0.0000000  0.0000000  0.0000000  0.0000000  0.0000000  0.0000000 
  .3773E-1  0.0000000  0.0000000  0.0000000  0.0000000  0.0000000  0.0000000 
 0.1266711  0.0000000  0.0000000  0.0000000  0.0000000  0.0000000  0.0000000 
 0.0000000  1.0000000  0.0000000  0.0000000  0.0000000  0.0000000  0.0000000 
 0.0000000  0.0000000  1.0000000  0.0000000  0.0000000  0.0000000  0.0000000 
 0.0000000  0.0000000  0.0000000  1.0000000  0.0000000  0.0000000  0.0000000 
 0.0000000  0.0000000  0.0000000  0.0000000  1.0000000  0.0000000  0.0000000 
 0.0000000  0.0000000  0.0000000  0.0000000  0.0000000  1.0000000  0.0000000 
 0.0000000  0.0000000  0.0000000  0.0000000  0.0000000  0.0000000  1.0000000 

    60.3172400    14.1008110     4.3877179     1.6082717    0.63885442
    0.26035829    0.10396545

 .39766E-2  0.0000000  0.0000000  0.0000000  0.0000000  0.0000000 
 .27642E-1  0.0000000  0.0000000  0.0000000  0.0000000  0.0000000 
 0.0000000  1.0000000  0.0000000  0.0000000  0.0000000  0.0000000 
 0.0000000  0.0000000  1.0000000  0.0000000  0.0000000  0.0000000 
 0.0000000  0.0000000  0.0000000  1.0000000  0.0000000  0.0000000 
 0.0000000  0.0000000  0.0000000  0.0000000  1.0000000  0.0000000 
 0.0000000  0.0000000  0.0000000  0.0000000  0.0000000  1.0000000 

     0.3500000     1.4000000

 1.0000000  0.0000000 
 0.0000000  1.0000000 

O:IGLO-III
EMSL BASIS SET LIBRARY

  3
    0    1    2
    7    6    2
   11    7    2

 30664.5030000  4573.2014000  1029.5524000   285.9047400    90.3696530
    31.2195780    11.6077660     4.5927595     1.2711716    0.47214017
    0.17896534

 .21414E-3  0.0000000  0.0000000  0.0000000  0.0000000  0.0000000  0.0000000 
  .1678E-2  0.0000000  0.0000000  0.0000000  0.0000000  0.0000000  0.0000000 
 .88815E-2  0.0000000  0.0000000  0.0000000  0.0000000  0.0000000  0.0000000 
 .37281E-1  0.0000000  0.0000000  0.0000000  0.0000000  0.0000000  0.0000000 
 0.1251886  0.0000000  0.0000000  0.0000000  0.0000000  0.0000000  0.0000000 
 0.0000000  1.0000000  0.0000000  0.0000000  0.0000000  0.0000000  0.0000000 
 0.0000000  0.0000000  1.0000000  0.0000000  0.0000000  0.0000000  0.0000000 
 0.0000000  0.0000000  0.0000000  1.0000000  0.0000000  0.0000000  0.0000000 
 0.0000000  0.0000000  0.0000000  0.0000000  1.0000000  0.0000000  0.0000000 
 0.0000000  0.0000000  0.0000000  0.0000000  0.0000000  1.0000000  0.0000000 
 0.0000000  0.0000000  0.0000000  0.0000000  0.0000000  0.0000000  1.0000000 

    78.7029430    18.4092610     5.7530835     2.1107114    0.83712087
    0.33907630    0.13226310

 .42416E-2  0.0000000  0.0000000  0.0000000  0.0000000  0.0000000 
 .29868E-1  0.0000000  0.0000000  0.0000000  0.0000000  0.0000000 
 0.0000000  1.0000000  0.0000000  0.0000000  0.0000000  0.0000000 
 0.0000000  0.0000000  1.0000000  0.0000000  0.0000000  0.0000000 
 0.0000000  0.0000000  0.0000000  1.0000000  0.0000000  0.0000000 
 0.0000000  0.0000000  0.0000000  0.0000000  1.0000000  0.0000000 
 0.0000000  0.0000000  0.0000000  0.0000000  0.0000000  1.0000000 

     0.3500000     1.4000000

 1.0000000  0.0000000 
 0.0000000  1.0000000 

F:IGLO-III
EMSL BASIS SET LIBRARY

  3
    0    1    2
    7    6    2
   11    7    2

 37736.0000000  5867.0791000  1332.4679000   369.4406000   116.8430000
    40.3487700    14.9662700     5.8759295     1.6533352    0.61083583
    0.23328922

 .21825E-3  0.0000000  0.0000000  0.0000000  0.0000000  0.0000000  0.0000000 
 .16332E-2  0.0000000  0.0000000  0.0000000  0.0000000  0.0000000  0.0000000 
 .86818E-2  0.0000000  0.0000000  0.0000000  0.0000000  0.0000000  0.0000000 
 .36543E-1  0.0000000  0.0000000  0.0000000  0.0000000  0.0000000  0.0000000 
 0.1231096  0.0000000  0.0000000  0.0000000  0.0000000  0.0000000  0.0000000 
 0.0000000  1.0000000  0.0000000  0.0000000  0.0000000  0.0000000  0.0000000 
 0.0000000  0.0000000  1.0000000  0.0000000  0.0000000  0.0000000  0.0000000 
 0.0000000  0.0000000  0.0000000  1.0000000  0.0000000  0.0000000  0.0000000 
 0.0000000  0.0000000  0.0000000  0.0000000  1.0000000  0.0000000  0.0000000 
 0.0000000  0.0000000  0.0000000  0.0000000  0.0000000  1.0000000  0.0000000 
 0.0000000  0.0000000  0.0000000  0.0000000  0.0000000  0.0000000  1.0000000 

   102.2619200    23.9383810     7.5205914     2.7724566     1.1000514
    0.44677512    0.17187009

 .42732E-2  0.0000000  0.0000000  0.0000000  0.0000000  0.0000000 
 .30534E-1  0.0000000  0.0000000  0.0000000  0.0000000  0.0000000 
 0.0000000  1.0000000  0.0000000  0.0000000  0.0000000  0.0000000 
 0.0000000  0.0000000  1.0000000  0.0000000  0.0000000  0.0000000 
 0.0000000  0.0000000  0.0000000  1.0000000  0.0000000  0.0000000 
 0.0000000  0.0000000  0.0000000  0.0000000  1.0000000  0.0000000 
 0.0000000  0.0000000  0.0000000  0.0000000  0.0000000  1.0000000 

     0.3500000     1.4000000

 1.0000000  0.0000000 
 0.0000000  1.0000000 

AL:IGLO-III
EMSL BASIS SET LIBRARY

  3
    0    1    2
    8    7    3
   12    8    3

 55112.7000000  8204.6600000  1863.5600000   530.1950000   174.8950000
    64.0090000    25.3231000    10.5639000     3.2126000     1.1543200
     0.1781280     0.0658850

 .35194E-3  0.0000000  0.0000000  0.0000000  0.0000000  0.0000000  0.0000000 
 0.0000000 
 .27504E-2  0.0000000  0.0000000  0.0000000  0.0000000  0.0000000  0.0000000 
 0.0000000 
 .14185E-1  0.0000000  0.0000000  0.0000000  0.0000000  0.0000000  0.0000000 
 0.0000000 
 .55853E-1  0.0000000  0.0000000  0.0000000  0.0000000  0.0000000  0.0000000 
 0.0000000 
 0.1678908  0.0000000  0.0000000  0.0000000  0.0000000  0.0000000  0.0000000 
 0.0000000 
 0.0000000  1.0000000  0.0000000  0.0000000  0.0000000  0.0000000  0.0000000 
 0.0000000 
 0.0000000  0.0000000  1.0000000  0.0000000  0.0000000  0.0000000  0.0000000 
 0.0000000 
 0.0000000  0.0000000  0.0000000  1.0000000  0.0000000  0.0000000  0.0000000 
 0.0000000 
 0.0000000  0.0000000  0.0000000  0.0000000  1.0000000  0.0000000  0.0000000 
 0.0000000 
 0.0000000  0.0000000  0.0000000  0.0000000  0.0000000  1.0000000  0.0000000 
 0.0000000 
 0.0000000  0.0000000  0.0000000  0.0000000  0.0000000  0.0000000  1.0000000 
 0.0000000 
 0.0000000  0.0000000  0.0000000  0.0000000  0.0000000  0.0000000  0.0000000 
 1.0000000 

   352.5459500    83.0156160    26.0039460     9.2320879     3.3549762
     1.1882901    0.27615887    0.07277382

 .24125E-2  0.0000000  0.0000000  0.0000000  0.0000000  0.0000000  0.0000000 
  .1911E-1  0.0000000  0.0000000  0.0000000  0.0000000  0.0000000  0.0000000 
 0.0000000  1.0000000  0.0000000  0.0000000  0.0000000  0.0000000  0.0000000 
 0.0000000  0.0000000  1.0000000  0.0000000  0.0000000  0.0000000  0.0000000 
 0.0000000  0.0000000  0.0000000  1.0000000  0.0000000  0.0000000  0.0000000 
 0.0000000  0.0000000  0.0000000  0.0000000  1.0000000  0.0000000  0.0000000 
 0.0000000  0.0000000  0.0000000  0.0000000  0.0000000  1.0000000  0.0000000 
 0.0000000  0.0000000  0.0000000  0.0000000  0.0000000  0.0000000  1.0000000 

     0.1500000     0.6000000     2.4000000

 1.0000000  0.0000000  0.0000000 
 0.0000000  1.0000000  0.0000000 
 0.0000000  0.0000000  1.0000000 

SI:IGLO-III
EMSL BASIS SET LIBRARY

  3
    0    1    2
    8    7    3
   12    8    3

 69989.3000000 10380.2000000  2330.0100000   657.4660000   214.0040000
    77.6064000    30.6395000    12.8156000     3.9271400     1.4522100
     0.2576440     0.0944040

 .31441E-3  0.0000000  0.0000000  0.0000000  0.0000000  0.0000000  0.0000000 
 0.0000000 
 .24914E-2  0.0000000  0.0000000  0.0000000  0.0000000  0.0000000  0.0000000 
 0.0000000 
 .13035E-1  0.0000000  0.0000000  0.0000000  0.0000000  0.0000000  0.0000000 
 0.0000000 
  .5227E-1  0.0000000  0.0000000  0.0000000  0.0000000  0.0000000  0.0000000 
 0.0000000 
 0.1615142  0.0000000  0.0000000  0.0000000  0.0000000  0.0000000  0.0000000 
 0.0000000 
 0.0000000  1.0000000  0.0000000  0.0000000  0.0000000  0.0000000  0.0000000 
 0.0000000 
 0.0000000  0.0000000  1.0000000  0.0000000  0.0000000  0.0000000  0.0000000 
 0.0000000 
 0.0000000  0.0000000  0.0000000  1.0000000  0.0000000  0.0000000  0.0000000 
 0.0000000 
 0.0000000  0.0000000  0.0000000  0.0000000  1.0000000  0.0000000  0.0000000 
 0.0000000 
 0.0000000  0.0000000  0.0000000  0.0000000  0.0000000  1.0000000  0.0000000 
 0.0000000 
 0.0000000  0.0000000  0.0000000  0.0000000  0.0000000  0.0000000  1.0000000 
 0.0000000 
 0.0000000  0.0000000  0.0000000  0.0000000  0.0000000  0.0000000  0.0000000 
 1.0000000 

   401.6049000    95.3524260    30.3342200    10.9437270     4.0416822
     1.4615479    0.33021241    0.09522172

 .26089E-2  0.0000000  0.0000000  0.0000000  0.0000000  0.0000000  0.0000000 
 .20259E-1  0.0000000  0.0000000  0.0000000  0.0000000  0.0000000  0.0000000 
 0.0000000  1.4383350  0.0000000  0.0000000  0.0000000  0.0000000  0.0000000 
 0.0000000  0.0000000  1.0000000  0.0000000  0.0000000  0.0000000  0.0000000 
 0.0000000  0.0000000  0.0000000  1.0000000  0.0000000  0.0000000  0.0000000 
 0.0000000  0.0000000  0.0000000  0.0000000  1.0000000  0.0000000  0.0000000 
 0.0000000  0.0000000  0.0000000  0.0000000  0.0000000  1.0000000  0.0000000 
 0.0000000  0.0000000  0.0000000  0.0000000  0.0000000  0.0000000  1.0000000 

     0.1500000     0.6000000     2.4000000

 1.0000000  0.0000000  0.0000000 
 0.0000000  1.0000000  0.0000000 
 0.0000000  0.0000000  1.0000000 

P:IGLO-III
EMSL BASIS SET LIBRARY

  3
    0    1    2
    8    7    3
   12    8    3

 77492.3980000 11605.7940000  2645.9628000   753.9776300   248.7540300
    91.1566230    36.2256180    15.2111550     4.7139485     1.7825432
    0.34271273    0.12471095

 .32906E-3  0.0000000  0.0000000  0.0000000  0.0000000  0.0000000  0.0000000 
 0.0000000 
 .25517E-2  0.0000000  0.0000000  0.0000000  0.0000000  0.0000000  0.0000000 
 0.0000000 
  .1313E-1  0.0000000  0.0000000  0.0000000  0.0000000  0.0000000  0.0000000 
 0.0000000 
 .51897E-1  0.0000000  0.0000000  0.0000000  0.0000000  0.0000000  0.0000000 
 0.0000000 
 0.1579431  0.0000000  0.0000000  0.0000000  0.0000000  0.0000000  0.0000000 
 0.0000000 
 0.0000000  1.0000000  0.0000000  0.0000000  0.0000000  0.0000000  0.0000000 
 0.0000000 
 0.0000000  0.0000000  1.0000000  0.0000000  0.0000000  0.0000000  0.0000000 
 0.0000000 
 0.0000000  0.0000000  0.0000000  1.0000000  0.0000000  0.0000000  0.0000000 
 0.0000000 
 0.0000000  0.0000000  0.0000000  0.0000000  1.0000000  0.0000000  0.0000000 
 0.0000000 
 0.0000000  0.0000000  0.0000000  0.0000000  0.0000000  1.0000000  0.0000000 
 0.0000000 
 0.0000000  0.0000000  0.0000000  0.0000000  0.0000000  0.0000000  1.0000000 
 0.0000000 
 0.0000000  0.0000000  0.0000000  0.0000000  0.0000000  0.0000000  0.0000000 
 1.0000000 

   447.0388200   108.2982700    34.7673880    12.5833790     4.6988549
     1.7527599    0.42209549    0.12532092

 .28293E-2  0.0000000  0.0000000  0.0000000  0.0000000  0.0000000  0.0000000 
 .21309E-1  0.0000000  0.0000000  0.0000000  0.0000000  0.0000000  0.0000000 
 0.0000000  1.0000000  0.0000000  0.0000000  0.0000000  0.0000000  0.0000000 
 0.0000000  0.0000000  1.0000000  0.0000000  0.0000000  0.0000000  0.0000000 
 0.0000000  0.0000000  0.0000000  1.0000000  0.0000000  0.0000000  0.0000000 
 0.0000000  0.0000000  0.0000000  0.0000000  1.0000000  0.0000000  0.0000000 
 0.0000000  0.0000000  0.0000000  0.0000000  0.0000000  1.0000000  0.0000000 
 0.0000000  0.0000000  0.0000000  0.0000000  0.0000000  0.0000000  1.0000000 

     0.2500000     0.8000000     2.5000000

 1.0000000  0.0000000  0.0000000 
 0.0000000  1.0000000  0.0000000 
 0.0000000  0.0000000  1.0000000 

S:IGLO-III
EMSL BASIS SET LIBRARY

  3
    0    1    2
    8    7    3
   12    8    3

 94181.1000000 13921.8000000  3168.0400000   901.8430000   296.9540000
   108.6690000    43.1579000    18.1168000     5.5709600     2.1428700
    0.43438900    0.15709300

 .30557E-3  0.0000000  0.0000000  0.0000000  0.0000000  0.0000000  0.0000000 
 0.0000000 
  .2401E-2  0.0000000  0.0000000  0.0000000  0.0000000  0.0000000  0.0000000 
 0.0000000 
 .12354E-1  0.0000000  0.0000000  0.0000000  0.0000000  0.0000000  0.0000000 
 0.0000000 
 .49099E-1  0.0000000  0.0000000  0.0000000  0.0000000  0.0000000  0.0000000 
 0.0000000 
 0.1509901  0.0000000  0.0000000  0.0000000  0.0000000  0.0000000  0.0000000 
 0.0000000 
 0.0000000  1.0000000  0.0000000  0.0000000  0.0000000  0.0000000  0.0000000 
 0.0000000 
 0.0000000  0.0000000  1.0000000  0.0000000  0.0000000  0.0000000  0.0000000 
 0.0000000 
 0.0000000  0.0000000  0.0000000  1.0000000  0.0000000  0.0000000  0.0000000 
 0.0000000 
 0.0000000  0.0000000  0.0000000  0.0000000  1.0000000  0.0000000  0.0000000 
 0.0000000 
 0.0000000  0.0000000  0.0000000  0.0000000  0.0000000  1.0000000  0.0000000 
 0.0000000 
 0.0000000  0.0000000  0.0000000  0.0000000  0.0000000  0.0000000  1.0000000 
 0.0000000 
 0.0000000  0.0000000  0.0000000  0.0000000  0.0000000  0.0000000  0.0000000 
 1.0000000 

   532.0312700   126.6370100    39.7523480    14.1402430     5.2606910
     2.0063550    0.51597093    0.14946546

 .27351E-2  0.0000000  0.0000000  0.0000000  0.0000000  0.0000000  0.0000000 
 .21605E-1  0.0000000  0.0000000  0.0000000  0.0000000  0.0000000  0.0000000 
 0.0000000  1.0000000  0.0000000  0.0000000  0.0000000  0.0000000  0.0000000 
 0.0000000  0.0000000  1.0000000  0.0000000  0.0000000  0.0000000  0.0000000 
 0.0000000  0.0000000  0.0000000  1.0000000  0.0000000  0.0000000  0.0000000 
 0.0000000  0.0000000  0.0000000  0.0000000  1.0000000  0.0000000  0.0000000 
 0.0000000  0.0000000  0.0000000  0.0000000  0.0000000  1.0000000  0.0000000 
 0.0000000  0.0000000  0.0000000  0.0000000  0.0000000  0.0000000  1.0000000 

     0.2500000     0.8000000     2.5000000

 1.0000000  0.0000000  0.0000000 
 0.0000000  1.0000000  0.0000000 
 0.0000000  0.0000000  1.0000000 

CL:IGLO-III
EMSL BASIS SET LIBRARY

  3
    0    1    2
    8    7    3
   12    8    3

 105818.820000 15872.0060000  3619.6548000  1030.8038000   339.9078800
   124.5381000    49.5135020    20.8056040     6.4648238     2.5254537
    0.53783215    0.19349716

 .30548E-3  0.0000000  0.0000000  0.0000000  0.0000000  0.0000000  0.0000000 
 0.0000000 
 .23652E-2  0.0000000  0.0000000  0.0000000  0.0000000  0.0000000  0.0000000 
 0.0000000 
 .12189E-1  0.0000000  0.0000000  0.0000000  0.0000000  0.0000000  0.0000000 
 0.0000000 
 .48413E-1  0.0000000  0.0000000  0.0000000  0.0000000  0.0000000  0.0000000 
 0.0000000 
 0.1489525  0.0000000  0.0000000  0.0000000  0.0000000  0.0000000  0.0000000 
 0.0000000 
 0.0000000  1.0000000  0.0000000  0.0000000  0.0000000  0.0000000  0.0000000 
 0.0000000 
 0.0000000  0.0000000  1.0000000  0.0000000  0.0000000  0.0000000  0.0000000 
 0.0000000 
 0.0000000  0.0000000  0.0000000  1.0000000  0.0000000  0.0000000  0.0000000 
 0.0000000 
 0.0000000  0.0000000  0.0000000  0.0000000  1.0000000  0.0000000  0.0000000 
 0.0000000 
 0.0000000  0.0000000  0.0000000  0.0000000  0.0000000  1.0000000  0.0000000 
 0.0000000 
 0.0000000  0.0000000  0.0000000  0.0000000  0.0000000  0.0000000  1.0000000 
 0.0000000 
 0.0000000  0.0000000  0.0000000  0.0000000  0.0000000  0.0000000  0.0000000 
 1.0000000 

   622.0273600   145.4971900    45.0086590    15.9008890     5.9259437
     2.2943822    0.62806550    0.18123318

 .26799E-2  0.0000000  0.0000000  0.0000000  0.0000000  0.0000000  0.0000000 
 .22037E-1  0.0000000  0.0000000  0.0000000  0.0000000  0.0000000  0.0000000 
 0.0000000  1.0000000  0.0000000  0.0000000  0.0000000  0.0000000  0.0000000 
 0.0000000  0.0000000  1.0000000  0.0000000  0.0000000  0.0000000  0.0000000 
 0.0000000  0.0000000  0.0000000  1.0000000  0.0000000  0.0000000  0.0000000 
 0.0000000  0.0000000  0.0000000  0.0000000  1.0000000  0.0000000  0.0000000 
 0.0000000  0.0000000  0.0000000  0.0000000  0.0000000  1.0000000  0.0000000 
 0.0000000  0.0000000  0.0000000  0.0000000  0.0000000  0.0000000  1.0000000 

     0.2500000     0.8000000     2.5000000

 1.0000000  0.0000000  0.0000000 
 0.0000000  1.0000000  0.0000000 
 0.0000000  0.0000000  1.0000000 




