!  jul-cc-pV(T+d)Z  EMSL  Basis Set Exchange Library   8/12/15 12:10 PM
! Elements                             References
! --------                             ----------
! H-Ar: Ewa Papajak and Donald G. Truhlar, Convergent Partially Augmented Basis Sets for Post-Hartree?Fock Calculations of Molecular Properties and Reaction Barrier Heights, J. Chem. Theory Comput. 7, 10-18 (2011).
! H, Li-Ne: T.H. Dunning, Jr., J. Chem. Phys. 90, 1007 (1989).
! He: D.E. Woon and T.H. Dunning, Jr., J. Chem. Phys. 100, 2975 (1994).
! Li - Ne: T.H. Dunning, Jr., J. Chem. Phys. 90, 1007 (1989).
! B - F: R.A. Kendall, T.H. Dunning, Jr. and R.J. Harrison, J. Chem. Phys. 96, 6796 (1992).
! H-Ar: E. Papajak, D. G. Truhlar, J. Chem. Theory Comput. 597, 597 (2010).
! Al - Ar: D.E. Woon and T.H. Dunning, Jr., J. Chem. Phys. 98, 1358 (1993).
! Al - Ar: T.H. Dunning, Jr., K.A. Peterson and A.K. Wilson, J. Chem. Phys. 114, 9244 (2001).
! 



H:jul-cc-pV(T+d)Z
EMSL BASIS SET LIBRARY

  3
    0    1    2
    3    2    1
    5    2    1

    33.8700000     5.0950000     1.1590000     0.3258000     0.1027000

 0.0060680  0.0000000  0.0000000 
 0.0453080  0.0000000  0.0000000 
 0.2028220  0.0000000  0.0000000 
 0.0000000  1.0000000  0.0000000 
 0.0000000  0.0000000  1.0000000 

     1.4070000     0.3880000

 1.0000000  0.0000000 
 0.0000000  1.0000000 

     1.0570000

 1.0000000 

HE:jul-cc-pV(T+d)Z
EMSL BASIS SET LIBRARY

  3
    0    1    2
    3    2    1
    6    2    1

   234.0000000    35.1600000     7.9890000     2.2120000     0.6669000
     0.2089000

 0.0025870  0.0000000  0.0000000 
 0.0195330  0.0000000  0.0000000 
 0.0909980  0.0000000  0.0000000 
 0.2720500  0.0000000  0.0000000 
 0.0000000  1.0000000  0.0000000 
 0.0000000  0.0000000  1.0000000 

     3.0440000     0.7580000

 1.0000000  0.0000000 
 0.0000000  1.0000000 

     1.9650000

 1.0000000 

LI:jul-cc-pV(T+d)Z
EMSL BASIS SET LIBRARY

  4
    0    1    2    3
    5    4    3    2
   12    6    3    2

  5988.0000000   898.9000000   205.9000000    59.2400000    19.8700000
     7.4060000     2.9300000     1.1890000     0.4798000     0.0750900
     0.0283200     0.0076000

 0.0001330 -0.0000210  0.0000000  0.0000000  0.0000000 
 0.0010250 -0.0001610  0.0000000  0.0000000  0.0000000 
 0.0052720 -0.0008200  0.0000000  0.0000000  0.0000000 
 0.0209290 -0.0033260  0.0000000  0.0000000  0.0000000 
 0.0663400 -0.0105190  0.0000000  0.0000000  0.0000000 
 0.1657750 -0.0280970  0.0000000  0.0000000  0.0000000 
 0.3150380 -0.0559360  0.0000000  0.0000000  0.0000000 
 0.3935230 -0.0992370  0.0000000  0.0000000  0.0000000 
 0.1908700 -0.1121890  0.0000000  0.0000000  0.0000000 
 0.0000000  0.0000000  1.0000000  0.0000000  0.0000000 
 0.0000000  0.0000000  0.0000000  1.0000000  0.0000000 
 0.0000000  0.0000000  0.0000000  0.0000000  1.0000000 

     3.2660000     0.6511000     0.1696000     0.0557800     0.0205000
     0.0091000

 0.0086300  0.0000000  0.0000000  0.0000000 
 0.0475380  0.0000000  0.0000000  0.0000000 
 0.2097720  0.0000000  0.0000000  0.0000000 
 0.0000000  1.0000000  0.0000000  0.0000000 
 0.0000000  0.0000000  1.0000000  0.0000000 
 0.0000000  0.0000000  0.0000000  1.0000000 

     0.1874000     0.0801000     0.0371000

 1.0000000  0.0000000  0.0000000 
 0.0000000  1.0000000  0.0000000 
 0.0000000  0.0000000  1.0000000 

     0.1829000     0.0816000

 1.0000000  0.0000000 
 0.0000000  1.0000000 

BE:jul-cc-pV(T+d)Z
EMSL BASIS SET LIBRARY

  4
    0    1    2    3
    5    4    3    2
   12    6    3    2

  6863.0000000  1030.0000000   234.7000000    66.5600000    21.6900000
     7.7340000     2.9160000     1.1300000     0.1101000     0.2577000
     0.0440900     0.0150300

 0.0002360 -0.0000430  0.0000000  0.0000000  0.0000000 
 0.0018260 -0.0003330  0.0000000  0.0000000  0.0000000 
 0.0094520 -0.0017360  0.0000000  0.0000000  0.0000000 
 0.0379570 -0.0070120  0.0000000  0.0000000  0.0000000 
 0.1199650 -0.0231260  0.0000000  0.0000000  0.0000000 
 0.2821620 -0.0581380  0.0000000  0.0000000  0.0000000 
 0.4274040 -0.1145560  0.0000000  0.0000000  0.0000000 
 0.2662780 -0.1359080  0.0000000  0.0000000  0.0000000 
-0.0072750  0.5774410  0.0000000  0.0000000  0.0000000 
 0.0000000  0.0000000  1.0000000  0.0000000  0.0000000 
 0.0000000  0.0000000  0.0000000  1.0000000  0.0000000 
 0.0000000  0.0000000  0.0000000  0.0000000  1.0000000 

     7.4360000     1.5770000     0.4352000     0.1438000     0.0499400
     0.0070600

 0.0107360  0.0000000  0.0000000  0.0000000 
 0.0628540  0.0000000  0.0000000  0.0000000 
 0.2481800  0.0000000  0.0000000  0.0000000 
 0.0000000  1.0000000  0.0000000  0.0000000 
 0.0000000  0.0000000  1.0000000  0.0000000 
 0.0000000  0.0000000  0.0000000  1.0000000 

     0.3480000     0.1803000     0.0654000

 1.0000000  0.0000000  0.0000000 
 0.0000000  1.0000000  0.0000000 
 0.0000000  0.0000000  1.0000000 

     0.3250000     0.1533000

 1.0000000  0.0000000 
 0.0000000  1.0000000 

B:jul-cc-pV(T+d)Z
EMSL BASIS SET LIBRARY

  4
    0    1    2    3
    5    4    3    2
   11    6    3    2

  5473.0000000   820.9000000   186.8000000    52.8300000    17.0800000
     5.9990000     2.2080000     0.2415000     0.5879000     0.0861000
     0.0291400

 0.0005550 -0.0001120  0.0000000  0.0000000  0.0000000 
 0.0042910 -0.0008680  0.0000000  0.0000000  0.0000000 
 0.0219490 -0.0044840  0.0000000  0.0000000  0.0000000 
 0.0844410 -0.0176830  0.0000000  0.0000000  0.0000000 
 0.2385570 -0.0536390  0.0000000  0.0000000  0.0000000 
 0.4350720 -0.1190050  0.0000000  0.0000000  0.0000000 
 0.3419550 -0.1658240  0.0000000  0.0000000  0.0000000 
-0.0095450  0.5959810  0.0000000  0.0000000  0.0000000 
 0.0000000  0.0000000  1.0000000  0.0000000  0.0000000 
 0.0000000  0.0000000  0.0000000  1.0000000  0.0000000 
 0.0000000  0.0000000  0.0000000  0.0000000  1.0000000 

    12.0500000     2.6130000     0.7475000     0.2385000     0.0769800
     0.0209600

 0.0131180  0.0000000  0.0000000  0.0000000 
 0.0798960  0.0000000  0.0000000  0.0000000 
 0.2772750  0.0000000  0.0000000  0.0000000 
 0.0000000  1.0000000  0.0000000  0.0000000 
 0.0000000  0.0000000  1.0000000  0.0000000 
 0.0000000  0.0000000  0.0000000  1.0000000 

     0.6610000     0.1990000     0.0604000

 1.0000000  0.0000000  0.0000000 
 0.0000000  1.0000000  0.0000000 
 0.0000000  0.0000000  1.0000000 

     0.4900000     0.1630000

 1.0000000  0.0000000 
 0.0000000  1.0000000 

C:jul-cc-pV(T+d)Z
EMSL BASIS SET LIBRARY

  4
    0    1    2    3
    5    4    3    2
   11    6    3    2

  8236.0000000  1235.0000000   280.8000000    79.2700000    25.5900000
     8.9970000     3.3190000     0.3643000     0.9059000     0.1285000
     0.0440200

 0.0005310 -0.0001130  0.0000000  0.0000000  0.0000000 
 0.0041080 -0.0008780  0.0000000  0.0000000  0.0000000 
 0.0210870 -0.0045400  0.0000000  0.0000000  0.0000000 
 0.0818530 -0.0181330  0.0000000  0.0000000  0.0000000 
 0.2348170 -0.0557600  0.0000000  0.0000000  0.0000000 
 0.4344010 -0.1268950  0.0000000  0.0000000  0.0000000 
 0.3461290 -0.1703520  0.0000000  0.0000000  0.0000000 
-0.0089830  0.5986840  0.0000000  0.0000000  0.0000000 
 0.0000000  0.0000000  1.0000000  0.0000000  0.0000000 
 0.0000000  0.0000000  0.0000000  1.0000000  0.0000000 
 0.0000000  0.0000000  0.0000000  0.0000000  1.0000000 

    18.7100000     4.1330000     1.2000000     0.3827000     0.1209000
     0.0356900

 0.0140310  0.0000000  0.0000000  0.0000000 
 0.0868660  0.0000000  0.0000000  0.0000000 
 0.2902160  0.0000000  0.0000000  0.0000000 
 0.0000000  1.0000000  0.0000000  0.0000000 
 0.0000000  0.0000000  1.0000000  0.0000000 
 0.0000000  0.0000000  0.0000000  1.0000000 

     1.0970000     0.3180000     0.1000000

 1.0000000  0.0000000  0.0000000 
 0.0000000  1.0000000  0.0000000 
 0.0000000  0.0000000  1.0000000 

     0.7610000     0.2680000

 1.0000000  0.0000000 
 0.0000000  1.0000000 

N:jul-cc-pV(T+d)Z
EMSL BASIS SET LIBRARY

  4
    0    1    2    3
    5    4    3    2
   11    6    3    2

 11420.0000000  1712.0000000   389.3000000   110.0000000    35.5700000
    12.5400000     4.6440000     0.5118000     1.2930000     0.1787000
     0.0576000

 0.0005230 -0.0001150  0.0000000  0.0000000  0.0000000 
 0.0040450 -0.0008950  0.0000000  0.0000000  0.0000000 
 0.0207750 -0.0046240  0.0000000  0.0000000  0.0000000 
 0.0807270 -0.0185280  0.0000000  0.0000000  0.0000000 
 0.2330740 -0.0573390  0.0000000  0.0000000  0.0000000 
 0.4335010 -0.1320760  0.0000000  0.0000000  0.0000000 
 0.3474720 -0.1725100  0.0000000  0.0000000  0.0000000 
-0.0085080  0.5999440  0.0000000  0.0000000  0.0000000 
 0.0000000  0.0000000  1.0000000  0.0000000  0.0000000 
 0.0000000  0.0000000  0.0000000  1.0000000  0.0000000 
 0.0000000  0.0000000  0.0000000  0.0000000  1.0000000 

    26.6300000     5.9480000     1.7420000     0.5550000     0.1725000
     0.0491000

 0.0146700  0.0000000  0.0000000  0.0000000 
 0.0917640  0.0000000  0.0000000  0.0000000 
 0.2986830  0.0000000  0.0000000  0.0000000 
 0.0000000  1.0000000  0.0000000  0.0000000 
 0.0000000  0.0000000  1.0000000  0.0000000 
 0.0000000  0.0000000  0.0000000  1.0000000 

     1.6540000     0.4690000     0.1510000

 1.0000000  0.0000000  0.0000000 
 0.0000000  1.0000000  0.0000000 
 0.0000000  0.0000000  1.0000000 

     1.0930000     0.3640000

 1.0000000  0.0000000 
 0.0000000  1.0000000 

O:jul-cc-pV(T+d)Z
EMSL BASIS SET LIBRARY

  4
    0    1    2    3
    5    4    3    2
   11    6    3    2

 15330.0000000  2299.0000000   522.4000000   147.3000000    47.5500000
    16.7600000     6.2070000     0.6882000     1.7520000     0.2384000
     0.0737600

 0.0005080 -0.0001150  0.0000000  0.0000000  0.0000000 
 0.0039290 -0.0008950  0.0000000  0.0000000  0.0000000 
 0.0202430 -0.0046360  0.0000000  0.0000000  0.0000000 
 0.0791810 -0.0187240  0.0000000  0.0000000  0.0000000 
 0.2306870 -0.0584630  0.0000000  0.0000000  0.0000000 
 0.4331180 -0.1364630  0.0000000  0.0000000  0.0000000 
 0.3502600 -0.1757400  0.0000000  0.0000000  0.0000000 
-0.0081540  0.6034180  0.0000000  0.0000000  0.0000000 
 0.0000000  0.0000000  1.0000000  0.0000000  0.0000000 
 0.0000000  0.0000000  0.0000000  1.0000000  0.0000000 
 0.0000000  0.0000000  0.0000000  0.0000000  1.0000000 

    34.4600000     7.7490000     2.2800000     0.7156000     0.2140000
     0.0597400

 0.0159280  0.0000000  0.0000000  0.0000000 
 0.0997400  0.0000000  0.0000000  0.0000000 
 0.3104920  0.0000000  0.0000000  0.0000000 
 0.0000000  1.0000000  0.0000000  0.0000000 
 0.0000000  0.0000000  1.0000000  0.0000000 
 0.0000000  0.0000000  0.0000000  1.0000000 

     2.3140000     0.6450000     0.2140000

 1.0000000  0.0000000  0.0000000 
 0.0000000  1.0000000  0.0000000 
 0.0000000  0.0000000  1.0000000 

     1.4280000     0.5000000

 1.0000000  0.0000000 
 0.0000000  1.0000000 

F:jul-cc-pV(T+d)Z
EMSL BASIS SET LIBRARY

  4
    0    1    2    3
    5    4    3    2
   11    6    3    2

 19500.0000000  2923.0000000   664.5000000   187.5000000    60.6200000
    21.4200000     7.9500000     0.8815000     2.2570000     0.3041000
     0.0915800

 0.0005070 -0.0001170  0.0000000  0.0000000  0.0000000 
 0.0039230 -0.0009120  0.0000000  0.0000000  0.0000000 
 0.0202000 -0.0047170  0.0000000  0.0000000  0.0000000 
 0.0790100 -0.0190860  0.0000000  0.0000000  0.0000000 
 0.2304390 -0.0596550  0.0000000  0.0000000  0.0000000 
 0.4328720 -0.1400100  0.0000000  0.0000000  0.0000000 
 0.3499640 -0.1767820  0.0000000  0.0000000  0.0000000 
-0.0078920  0.6050430  0.0000000  0.0000000  0.0000000 
 0.0000000  0.0000000  1.0000000  0.0000000  0.0000000 
 0.0000000  0.0000000  0.0000000  1.0000000  0.0000000 
 0.0000000  0.0000000  0.0000000  0.0000000  1.0000000 

    43.8800000     9.9260000     2.9300000     0.9132000     0.2672000
     0.0736100

 0.0166650  0.0000000  0.0000000  0.0000000 
 0.1044720  0.0000000  0.0000000  0.0000000 
 0.3172600  0.0000000  0.0000000  0.0000000 
 0.0000000  1.0000000  0.0000000  0.0000000 
 0.0000000  0.0000000  1.0000000  0.0000000 
 0.0000000  0.0000000  0.0000000  1.0000000 

     3.1070000     0.8550000     0.2920000

 1.0000000  0.0000000  0.0000000 
 0.0000000  1.0000000  0.0000000 
 0.0000000  0.0000000  1.0000000 

     1.9170000     0.7240000

 1.0000000  0.0000000 
 0.0000000  1.0000000 

NE:jul-cc-pV(T+d)Z
EMSL BASIS SET LIBRARY

  4
    0    1    2    3
    5    4    3    2
   11    6    3    2

 24350.0000000  3650.0000000   829.6000000   234.0000000    75.6100000
    26.7300000     9.9270000     1.1020000     2.8360000     0.3782000
     0.1133000

 0.0005020 -0.0001180  0.0000000  0.0000000  0.0000000 
 0.0038810 -0.0009150  0.0000000  0.0000000  0.0000000 
 0.0199970 -0.0047370  0.0000000  0.0000000  0.0000000 
 0.0784180 -0.0192330  0.0000000  0.0000000  0.0000000 
 0.2296760 -0.0603690  0.0000000  0.0000000  0.0000000 
 0.4327220 -0.1425080  0.0000000  0.0000000  0.0000000 
 0.3506420 -0.1777100  0.0000000  0.0000000  0.0000000 
-0.0076450  0.6058360  0.0000000  0.0000000  0.0000000 
 0.0000000  0.0000000  1.0000000  0.0000000  0.0000000 
 0.0000000  0.0000000  0.0000000  1.0000000  0.0000000 
 0.0000000  0.0000000  0.0000000  0.0000000  1.0000000 

    54.7000000    12.4300000     3.6790000     1.1430000     0.3300000
     0.0917500

 0.0171510  0.0000000  0.0000000  0.0000000 
 0.1076560  0.0000000  0.0000000  0.0000000 
 0.3216810  0.0000000  0.0000000  0.0000000 
 0.0000000  1.0000000  0.0000000  0.0000000 
 0.0000000  0.0000000  1.0000000  0.0000000 
 0.0000000  0.0000000  0.0000000  1.0000000 

     4.0140000     1.0960000     0.3860000

 1.0000000  0.0000000  0.0000000 
 0.0000000  1.0000000  0.0000000 
 0.0000000  0.0000000  1.0000000 

     2.5440000     1.0840000

 1.0000000  0.0000000 
 0.0000000  1.0000000 

NA:jul-cc-pV(T+d)Z
EMSL BASIS SET LIBRARY

  4
    0    1    2    3
    6    5    3    2
   17   11    3    2

 423000.000000 63340.0000000 14410.0000000  4077.0000000  1328.0000000
   478.6000000   186.2000000    76.9200000    33.3200000    15.0000000
     6.8690000     2.6830000     1.1090000     0.0601500     0.4540000
     0.0238200     0.0066500

 .18062E-4 -.44065E-5  .66302E-6  0.0000000  0.0000000  0.0000000 
 .14043E-3 -.34344E-4  .51577E-5  0.0000000  0.0000000  0.0000000 
 .73844E-3 -.18011E-3  .27125E-4  0.0000000  0.0000000  0.0000000 
 .31118E-2  -.7639E-3  .11464E-3  0.0000000  0.0000000  0.0000000 
 .11208E-1 -.27525E-2  .41512E-3  0.0000000  0.0000000  0.0000000 
 .35283E-1 -.88602E-2  .13298E-2  0.0000000  0.0000000  0.0000000 
  .9599E-1 -.24794E-1   .3756E-2  0.0000000  0.0000000  0.0000000 
  .21374E0   -.606E-1  .91402E-2  0.0000000  0.0000000  0.0000000 
  .34869E0  -.11645E0  .17986E-1  0.0000000  0.0000000  0.0000000 
  .32457E0  -.16244E0  .25148E-1  0.0000000  0.0000000  0.0000000 
  .11263E0 -.43889E-1  .76352E-2  0.0000000  0.0000000  0.0000000 
  .7068E-2   .33792E0 -.61459E-1  0.0000000  0.0000000  0.0000000 
 .59801E-3   .56135E0  -.11572E0  0.0000000  0.0000000  0.0000000 
-.53087E-5  .40675E-2   .62641E0  0.0000000  0.0000000  0.0000000 
 0.0000000  0.0000000  0.0000000  1.0000000  0.0000000  0.0000000 
 0.0000000  0.0000000  0.0000000  0.0000000  1.0000000  0.0000000 
 0.0000000  0.0000000  0.0000000  0.0000000  0.0000000  1.0000000 

   243.3000000    57.3900000    18.1000000     6.5750000     2.5210000
     0.9607000     0.3512000     0.0982700     0.0373400     0.0150000
     0.0070000

 .22439E-2  -.2224E-3  0.0000000  0.0000000  0.0000000 
   .174E-1 -.17428E-2  0.0000000  0.0000000  0.0000000 
 .77412E-1 -.77546E-2  0.0000000  0.0000000  0.0000000 
   .2191E0 -.22519E-1  0.0000000  0.0000000  0.0000000 
  .37852E0 -.38433E-1  0.0000000  0.0000000  0.0000000 
   .3949E0 -.45018E-1  0.0000000  0.0000000  0.0000000 
  .16042E0 -.19213E-1  0.0000000  0.0000000  0.0000000 
 .23331E-2    .1827E0  0.0000000  0.0000000  0.0000000 
 0.0000000  0.0000000  1.0000000  0.0000000  0.0000000 
 0.0000000  0.0000000  0.0000000  1.0000000  0.0000000 
 0.0000000  0.0000000  0.0000000  0.0000000  1.0000000 

     0.1367000     0.0636000     0.0223000

 1.0000000  0.0000000  0.0000000 
 0.0000000  1.0000000  0.0000000 
 0.0000000  0.0000000  1.0000000 

     0.1397000     0.0714000

 1.0000000  0.0000000 
 0.0000000  1.0000000 

MG:jul-cc-pV(T+d)Z
EMSL BASIS SET LIBRARY

  4
    0    1    2    3
    6    5    3    2
   16   11    3    2

 164900.000000 24710.0000000  5628.0000000  1596.0000000   521.0000000
   188.0000000    73.0100000    29.9000000    12.5400000     4.3060000
     1.8260000     0.7417000     0.0761200     0.1457000     0.0331000
     0.0129000

 .72993E-4 -.18425E-4  .35518E-5  0.0000000  0.0000000  0.0000000 
 .56665E-3  -.1435E-3  .27642E-4  0.0000000  0.0000000  0.0000000 
 .29627E-2 -.74871E-3   .1444E-3  0.0000000  0.0000000  0.0000000 
 .12296E-1 -.31441E-2  .60574E-3  0.0000000  0.0000000  0.0000000 
 .42732E-1 -.11048E-1  .21353E-2  0.0000000  0.0000000  0.0000000 
  .12301E0 -.33606E-1  .64993E-2  0.0000000  0.0000000  0.0000000 
  .27483E0 -.82595E-1  .16145E-1  0.0000000  0.0000000  0.0000000 
  .40182E0  -.15931E0  .31577E-1  0.0000000  0.0000000  0.0000000 
   .2647E0  -.15289E0  .31637E-1  0.0000000  0.0000000  0.0000000 
 .33261E-1   .19085E0 -.43914E-1  0.0000000  0.0000000  0.0000000 
-.44134E-2   .57996E0  -.15109E0  0.0000000  0.0000000  0.0000000 
 .20602E-2   .37203E0  -.21767E0  0.0000000  0.0000000  0.0000000 
  .7082E-3 -.11934E-1   .54724E0  0.0000000  0.0000000  0.0000000 
 0.0000000  0.0000000  0.0000000  1.0000000  0.0000000  0.0000000 
 0.0000000  0.0000000  0.0000000  0.0000000  1.0000000  0.0000000 
 0.0000000  0.0000000  0.0000000  0.0000000  0.0000000  1.0000000 

   316.9000000    74.8600000    23.7200000     8.6690000     3.3630000
     1.3100000     0.4911000     0.2364000     0.0873300     0.0323700
     0.0074500

 .20753E-2 -.32973E-3  0.0000000  0.0000000  0.0000000 
 .16287E-1 -.25875E-2  0.0000000  0.0000000  0.0000000 
  .7387E-1 -.11912E-1  0.0000000  0.0000000  0.0000000 
   .2143E0 -.35023E-1  0.0000000  0.0000000  0.0000000 
  .38215E0 -.63997E-1  0.0000000  0.0000000  0.0000000 
  .39818E0 -.70444E-1  0.0000000  0.0000000  0.0000000 
  .15288E0 -.37584E-1  0.0000000  0.0000000  0.0000000 
-.43754E-2   .17704E0  0.0000000  0.0000000  0.0000000 
 0.0000000  0.0000000  1.0000000  0.0000000  0.0000000 
 0.0000000  0.0000000  0.0000000  1.0000000  0.0000000 
 0.0000000  0.0000000  0.0000000  0.0000000  1.0000000 

     0.1260000     0.2940000     0.0468000

 1.0000000  0.0000000  0.0000000 
 0.0000000  1.0000000  0.0000000 
 0.0000000  0.0000000  1.0000000 

     0.2520000     0.0940000

 1.0000000  0.0000000 
 0.0000000  1.0000000 

AL:jul-cc-pV(T+d)Z
EMSL BASIS SET LIBRARY

  4
    0    1    2    3
    6    5    4    2
   16   10    4    2

 205500.000000 30780.0000000  7006.0000000  1985.0000000   649.1000000
   235.0000000    91.6200000    37.6700000    15.9100000     5.8500000
     2.5420000     1.0570000     0.1455000     0.2931000     0.0565000
     0.0221000

 .67884E-4 -.17638E-4  .40732E-5  0.0000000  0.0000000  0.0000000 
 .52715E-3  -.1372E-3  .31657E-4  0.0000000  0.0000000  0.0000000 
  .2762E-2 -.71891E-3  .16612E-3  0.0000000  0.0000000  0.0000000 
 .11473E-1 -.30115E-2  .69499E-3  0.0000000  0.0000000  0.0000000 
 .39819E-1 -.10601E-1  .24551E-2  0.0000000  0.0000000  0.0000000 
  .11504E0 -.32134E-1   .7446E-2  0.0000000  0.0000000  0.0000000 
  .26089E0 -.80316E-1  .18825E-1  0.0000000  0.0000000  0.0000000 
  .39639E0  -.15679E0  .37277E-1  0.0000000  0.0000000  0.0000000 
   .2846E0  -.16838E0   .4195E-1  0.0000000  0.0000000  0.0000000 
 .44458E-1   .12688E0 -.35438E-1  0.0000000  0.0000000  0.0000000 
-.48984E-2   .56149E0  -.17513E0  0.0000000  0.0000000  0.0000000 
 .26125E-2   .43661E0   -.2762E0  0.0000000  0.0000000  0.0000000 
 .72207E-3 -.11456E-1   .65281E0  0.0000000  0.0000000  0.0000000 
 0.0000000  0.0000000  0.0000000  1.0000000  0.0000000  0.0000000 
 0.0000000  0.0000000  0.0000000  0.0000000  1.0000000  0.0000000 
 0.0000000  0.0000000  0.0000000  0.0000000  0.0000000  1.0000000 

   444.4000000   105.1000000    33.4700000    12.3300000     4.8690000
     1.9610000     0.1888000     0.7834000     0.0555700     0.0146000

 .16279E-2 -.28634E-3  0.0000000  0.0000000  0.0000000 
 .13069E-1 -.24231E-2  0.0000000  0.0000000  0.0000000 
 .61234E-1 -.10866E-1  0.0000000  0.0000000  0.0000000 
  .18787E0 -.36431E-1  0.0000000  0.0000000  0.0000000 
  .36045E0 -.64107E-1  0.0000000  0.0000000  0.0000000 
  .40845E0 -.97224E-1  0.0000000  0.0000000  0.0000000 
 .97651E-2   .50345E0  0.0000000  0.0000000  0.0000000 
 0.0000000  0.0000000  1.0000000  0.0000000  0.0000000 
 0.0000000  0.0000000  0.0000000  1.0000000  0.0000000 
 0.0000000  0.0000000  0.0000000  0.0000000  1.0000000 

     1.5700000     0.3330000     0.1110000     0.0357000

 1.0000000  0.0000000  0.0000000  0.0000000 
 0.0000000  1.0000000  0.0000000  0.0000000 
 0.0000000  0.0000000  1.0000000  0.0000000 
 0.0000000  0.0000000  0.0000000  1.0000000 

     0.2440000     0.0858000

 1.0000000  0.0000000 
 0.0000000  1.0000000 

SI:jul-cc-pV(T+d)Z
EMSL BASIS SET LIBRARY

  4
    0    1    2    3
    6    5    4    2
   16   10    4    2

 254900.000000 38190.0000000  8690.0000000  2462.0000000   804.8000000
   291.3000000   113.6000000    46.7500000    19.8200000     7.7080000
     3.3400000     1.4020000     0.2070000     0.4387000     0.0794400
     0.0330000

  .6251E-4 -.16637E-4  .42626E-5  0.0000000  0.0000000  0.0000000 
 .48555E-3 -.12931E-3  .33106E-4  0.0000000  0.0000000  0.0000000 
 .25452E-2 -.67883E-3  .17402E-3  0.0000000  0.0000000  0.0000000 
 .10587E-1 -.28412E-2  .72757E-3  0.0000000  0.0000000  0.0000000 
 .36879E-1 -.10055E-1  .25833E-2  0.0000000  0.0000000  0.0000000 
  .10748E0 -.30577E-1  .78635E-2  0.0000000  0.0000000  0.0000000 
  .24794E0 -.77726E-1  .20216E-1  0.0000000  0.0000000  0.0000000 
  .39093E0  -.15424E0  .40732E-1  0.0000000  0.0000000  0.0000000 
  .30203E0  -.18037E0  .49936E-1  0.0000000  0.0000000  0.0000000 
 .55924E-1  .79822E-1  -.2494E-1  0.0000000  0.0000000  0.0000000 
-.40241E-2   .54744E0  -.19035E0  0.0000000  0.0000000  0.0000000 
 .25803E-2   .48012E0  -.31835E0  0.0000000  0.0000000  0.0000000 
 .60793E-3   -.107E-1   .68118E0  0.0000000  0.0000000  0.0000000 
 0.0000000  0.0000000  0.0000000  1.0000000  0.0000000  0.0000000 
 0.0000000  0.0000000  0.0000000  0.0000000  1.0000000  0.0000000 
 0.0000000  0.0000000  0.0000000  0.0000000  0.0000000  1.0000000 

   481.5000000   113.9000000    36.2300000    13.3400000     5.2520000
     2.1200000     0.2528000     0.8561000     0.0788900     0.0237000

 .19204E-2 -.40522E-3  0.0000000  0.0000000  0.0000000 
 .15355E-1  -.3359E-2  0.0000000  0.0000000  0.0000000 
 .71399E-1 -.15286E-1  0.0000000  0.0000000  0.0000000 
  .21305E0 -.48922E-1  0.0000000  0.0000000  0.0000000 
  .39035E0 -.85501E-1  0.0000000  0.0000000  0.0000000 
  .39372E0  -.11214E0  0.0000000  0.0000000  0.0000000 
 .39563E-2   .55192E0  0.0000000  0.0000000  0.0000000 
 0.0000000  0.0000000  1.0000000  0.0000000  0.0000000 
 0.0000000  0.0000000  0.0000000  1.0000000  0.0000000 
 0.0000000  0.0000000  0.0000000  0.0000000  1.0000000 

     2.3030000     0.4760000     0.1600000     0.0551000

 1.0000000  0.0000000  0.0000000  0.0000000 
 0.0000000  1.0000000  0.0000000  0.0000000 
 0.0000000  0.0000000  1.0000000  0.0000000 
 0.0000000  0.0000000  0.0000000  1.0000000 

     0.3360000     0.1250000

 1.0000000  0.0000000 
 0.0000000  1.0000000 

P:jul-cc-pV(T+d)Z
EMSL BASIS SET LIBRARY

  4
    0    1    2    3
    6    5    4    2
   16   10    4    2

 312400.000000 46800.0000000 10650.0000000  3018.0000000   986.8000000
   357.4000000   139.6000000    57.6300000    24.6000000    10.1200000
     4.2830000     1.8050000     0.2782000     0.6158000     0.1055000
     0.0409000

 .57696E-4 -.15671E-4  .43063E-5  0.0000000  0.0000000  0.0000000 
  .4483E-3 -.12172E-3  .33419E-4  0.0000000  0.0000000  0.0000000 
 .23494E-2 -.63967E-3  .17588E-3  0.0000000  0.0000000  0.0000000 
 .97826E-2 -.26743E-2  .73434E-3  0.0000000  0.0000000  0.0000000 
 .34147E-1 -.94983E-2  .26178E-2  0.0000000  0.0000000  0.0000000 
   .1002E0 -.28935E-1  .79785E-2  0.0000000  0.0000000  0.0000000 
  .23437E0 -.74512E-1  .20794E-1  0.0000000  0.0000000  0.0000000 
  .38243E0  -.14994E0  .42445E-1  0.0000000  0.0000000  0.0000000 
  .31809E0  -.18947E0  .56344E-1  0.0000000  0.0000000  0.0000000 
 .70779E-1  .36327E-1 -.12736E-1  0.0000000  0.0000000  0.0000000 
 -.1818E-2   .52882E0   -.1965E0  0.0000000  0.0000000  0.0000000 
 .21618E-2   .51912E0  -.35356E0  0.0000000  0.0000000  0.0000000 
  .4323E-3  -.9257E-2   .70091E0  0.0000000  0.0000000  0.0000000 
 0.0000000  0.0000000  0.0000000  1.0000000  0.0000000  0.0000000 
 0.0000000  0.0000000  0.0000000  0.0000000  1.0000000  0.0000000 
 0.0000000  0.0000000  0.0000000  0.0000000  0.0000000  1.0000000 

   504.9000000   119.4000000    37.9600000    13.9500000     5.4570000
     2.1770000     0.2877000     0.8010000     0.0971400     0.0307000

 .23373E-2 -.55524E-3  0.0000000  0.0000000  0.0000000 
 .18541E-1 -.44591E-2  0.0000000  0.0000000  0.0000000 
 .84969E-1 -.20635E-1  0.0000000  0.0000000  0.0000000 
  .24462E0 -.61769E-1  0.0000000  0.0000000  0.0000000 
  .42277E0  -.10892E0  0.0000000  0.0000000  0.0000000 
  .36844E0   -.1056E0  0.0000000  0.0000000  0.0000000 
  -.379E-2   .57698E0  0.0000000  0.0000000  0.0000000 
 0.0000000  0.0000000  1.0000000  0.0000000  0.0000000 
 0.0000000  0.0000000  0.0000000  1.0000000  0.0000000 
 0.0000000  0.0000000  0.0000000  0.0000000  1.0000000 

     3.1200000     0.6480000     0.2180000     0.0775000

 1.0000000  0.0000000  0.0000000  0.0000000 
 0.0000000  1.0000000  0.0000000  0.0000000 
 0.0000000  0.0000000  1.0000000  0.0000000 
 0.0000000  0.0000000  0.0000000  1.0000000 

     0.4520000     0.1650000

 1.0000000  0.0000000 
 0.0000000  1.0000000 

S:jul-cc-pV(T+d)Z
EMSL BASIS SET LIBRARY

  4
    0    1    2    3
    6    5    4    2
   16   10    4    2

 374100.000000 56050.0000000 12760.0000000  3615.0000000  1183.0000000
   428.8000000   167.8000000    69.4700000    29.8400000    12.7200000
     5.2440000     2.2190000     0.3490000     0.7767000     0.1322000
     0.0497000

 .54214E-4 -.14984E-4  .43507E-5  0.0000000  0.0000000  0.0000000 
 .42086E-3  -.1162E-3  .33714E-4  0.0000000  0.0000000  0.0000000 
  .2207E-2 -.61158E-3  .17767E-3  0.0000000  0.0000000  0.0000000 
 .91926E-2 -.25537E-2  .74112E-3  0.0000000  0.0000000  0.0000000 
 .32112E-1 -.90871E-2  .26459E-2  0.0000000  0.0000000  0.0000000 
 .94668E-1 -.27704E-1  .80749E-2  0.0000000  0.0000000  0.0000000 
  .22363E0 -.72002E-1  .21228E-1  0.0000000  0.0000000  0.0000000 
  .37439E0  -.14644E0  .43832E-1  0.0000000  0.0000000  0.0000000 
  .32911E0  -.19515E0  .61272E-1  0.0000000  0.0000000  0.0000000 
 .84704E-1  .81919E-2 -.36151E-2  0.0000000  0.0000000  0.0000000 
 .44085E-3    .5166E0  -.20451E0  0.0000000  0.0000000  0.0000000 
 .16483E-2   .54218E0  -.38187E0  0.0000000  0.0000000  0.0000000 
 .30131E-3 -.91807E-2   .71415E0  0.0000000  0.0000000  0.0000000 
 0.0000000  0.0000000  0.0000000  1.0000000  0.0000000  0.0000000 
 0.0000000  0.0000000  0.0000000  0.0000000  1.0000000  0.0000000 
 0.0000000  0.0000000  0.0000000  0.0000000  0.0000000  1.0000000 

   574.4000000   135.8000000    43.1900000    15.8700000     6.2080000
     2.4830000     0.3229000     0.8688000     0.1098000     0.0351000

 .24226E-2  -.6201E-3  0.0000000  0.0000000  0.0000000 
  .1928E-1 -.49388E-2  0.0000000  0.0000000  0.0000000 
  .8854E-1 -.23265E-1  0.0000000  0.0000000  0.0000000 
  .25465E0  -.6852E-1  0.0000000  0.0000000  0.0000000 
  .43398E0   -.1239E0  0.0000000  0.0000000  0.0000000 
  .35495E0  -.9695E-1  0.0000000  0.0000000  0.0000000 
-.50298E-2   .56939E0  0.0000000  0.0000000  0.0000000 
 0.0000000  0.0000000  1.0000000  0.0000000  0.0000000 
 0.0000000  0.0000000  0.0000000  1.0000000  0.0000000 
 0.0000000  0.0000000  0.0000000  0.0000000  1.0000000 

     3.7560000     0.8120000     0.2730000     0.1010000

 1.0000000  0.0000000  0.0000000  0.0000000 
 0.0000000  1.0000000  0.0000000  0.0000000 
 0.0000000  0.0000000  1.0000000  0.0000000 
 0.0000000  0.0000000  0.0000000  1.0000000 

     0.5570000     0.2180000

 1.0000000  0.0000000 
 0.0000000  1.0000000 

CL:jul-cc-pV(T+d)Z
EMSL BASIS SET LIBRARY

  4
    0    1    2    3
    6    5    4    2
   16   10    4    2

 456100.000000 68330.0000000 15550.0000000  4405.0000000  1439.0000000
   520.4000000   203.1000000    83.9600000    36.2000000    15.8300000
     6.3340000     2.6940000     0.4313000     0.9768000     0.1625000
     0.0591000

 .49297E-4  -.1383E-4  .41855E-5  0.0000000  0.0000000  0.0000000 
 .38303E-3 -.10728E-3   .3244E-4  0.0000000  0.0000000  0.0000000 
 .20085E-2 -.56508E-3   .1711E-3  0.0000000  0.0000000  0.0000000 
 .83856E-2 -.23614E-2  .71418E-3  0.0000000  0.0000000  0.0000000 
  .2947E-1 -.84589E-2   .2567E-2  0.0000000  0.0000000  0.0000000 
 .87832E-1 -.25964E-1  .78855E-2  0.0000000  0.0000000  0.0000000 
  .21147E0 -.68636E-1  .21087E-1  0.0000000  0.0000000  0.0000000 
  .36536E0  -.14187E0  .44226E-1  0.0000000  0.0000000  0.0000000 
  .34088E0  -.19932E0  .65167E-1  0.0000000  0.0000000  0.0000000 
  .10213E0 -.19566E-1  .60301E-2  0.0000000  0.0000000  0.0000000 
 .31168E-2   .49974E0   -.2065E0  0.0000000  0.0000000  0.0000000 
 .10575E-2   .56374E0  -.40587E0  0.0000000  0.0000000  0.0000000 
 .15614E-3 -.83509E-2   .72566E0  0.0000000  0.0000000  0.0000000 
 0.0000000  0.0000000  0.0000000  1.0000000  0.0000000  0.0000000 
 0.0000000  0.0000000  0.0000000  0.0000000  1.0000000  0.0000000 
 0.0000000  0.0000000  0.0000000  0.0000000  0.0000000  1.0000000 

   663.3000000   156.8000000    49.9800000    18.4200000     7.2400000
     2.9220000     0.3818000     1.0220000     0.1301000     0.0419000

 .24045E-2 -.65214E-3  0.0000000  0.0000000  0.0000000 
 .19215E-1 -.51944E-2  0.0000000  0.0000000  0.0000000 
  .8851E-1 -.24694E-1  0.0000000  0.0000000  0.0000000 
  .25602E0 -.72817E-1  0.0000000  0.0000000  0.0000000 
  .43693E0  -.13403E0  0.0000000  0.0000000  0.0000000 
  .35033E0 -.94774E-1  0.0000000  0.0000000  0.0000000 
-.45842E-2   .56467E0  0.0000000  0.0000000  0.0000000 
 0.0000000  0.0000000  1.0000000  0.0000000  0.0000000 
 0.0000000  0.0000000  0.0000000  1.0000000  0.0000000 
 0.0000000  0.0000000  0.0000000  0.0000000  1.0000000 

     4.6100000     1.0110000     0.3390000     0.1300000

 1.0000000  0.0000000  0.0000000  0.0000000 
 0.0000000  1.0000000  0.0000000  0.0000000 
 0.0000000  0.0000000  1.0000000  0.0000000 
 0.0000000  0.0000000  0.0000000  1.0000000 

     0.7060000     0.3120000

 1.0000000  0.0000000 
 0.0000000  1.0000000 

AR:jul-cc-pV(T+d)Z
EMSL BASIS SET LIBRARY

  4
    0    1    2    3
    6    5    4    2
   16   10    4    2

 545000.000000 81640.0000000 18580.0000000  5261.0000000  1717.0000000
   619.9000000   241.6000000    99.7900000    43.1500000    19.1400000
     7.4880000     3.2050000     0.5204000     1.1960000     0.1954000
     0.0685000

 .45583E-4 -.12955E-4  .40499E-5  0.0000000  0.0000000  0.0000000 
 .35411E-3 -.10043E-3  .31369E-4  0.0000000  0.0000000  0.0000000 
  .1858E-2 -.52958E-3  .16565E-3  0.0000000  0.0000000  0.0000000 
 .77685E-2  -.2214E-2  .69166E-3  0.0000000  0.0000000  0.0000000 
 .27423E-1 -.79684E-2  .24979E-2  0.0000000  0.0000000  0.0000000 
 .82384E-1  -.2458E-1  .77107E-2  0.0000000  0.0000000  0.0000000 
  .20123E0  -.6578E-1  .20871E-1  0.0000000  0.0000000  0.0000000 
  .35678E0  -.13794E0  .44396E-1  0.0000000  0.0000000  0.0000000 
  .34956E0  -.20163E0  .68022E-1  0.0000000  0.0000000  0.0000000 
  .11827E0 -.41283E-1  .14135E-1  0.0000000  0.0000000  0.0000000 
 .56019E-2   .48468E0  -.20749E0  0.0000000  0.0000000  0.0000000 
 .48347E-3   .57922E0  -.42504E0  0.0000000  0.0000000  0.0000000 
 .29202E-4 -.72755E-2   .73363E0  0.0000000  0.0000000  0.0000000 
 0.0000000  0.0000000  0.0000000  1.0000000  0.0000000  0.0000000 
 0.0000000  0.0000000  0.0000000  0.0000000  1.0000000  0.0000000 
 0.0000000  0.0000000  0.0000000  0.0000000  0.0000000  1.0000000 

   761.8000000   180.2000000    57.5000000    21.2400000     8.3880000
     3.4160000     0.4523000     1.2060000     0.1545000     0.0487000

 .23698E-2 -.66721E-3  0.0000000  0.0000000  0.0000000 
  .1902E-1 -.53272E-2  0.0000000  0.0000000  0.0000000 
 .88081E-1 -.25549E-1  0.0000000  0.0000000  0.0000000 
  .25638E0  -.7572E-1  0.0000000  0.0000000  0.0000000 
  .43871E0  -.14113E0  0.0000000  0.0000000  0.0000000 
  .34757E0 -.93277E-1  0.0000000  0.0000000  0.0000000 
-.52388E-2   .56245E0  0.0000000  0.0000000  0.0000000 
 0.0000000  0.0000000  1.0000000  0.0000000  0.0000000 
 0.0000000  0.0000000  0.0000000  1.0000000  0.0000000 
 0.0000000  0.0000000  0.0000000  0.0000000  1.0000000 

     5.5510000     1.2350000     0.4120000     0.1550000

 1.0000000  0.0000000  0.0000000  0.0000000 
 0.0000000  1.0000000  0.0000000  0.0000000 
 0.0000000  0.0000000  1.0000000  0.0000000 
 0.0000000  0.0000000  0.0000000  1.0000000 

     0.8900000     0.4060000

 1.0000000  0.0000000 
 0.0000000  1.0000000 





