!  jul-cc-pV(D+d)Z  EMSL  Basis Set Exchange Library   8/12/15 12:04 PM
! Elements                             References
! --------                             ----------
! H-Ar: Ewa Papajak and Donald G. Truhlar, Convergent Partially Augmented Basis Sets for Post-Hartree?Fock Calculations of Molecular Properties and Reaction Barrier Heights, J. Chem. Theory Comput. 7, 10-18 (2011).
! H, Li-Ne: T.H. Dunning, Jr., J. Chem. Phys. 90, 1007 (1989).
! He: D.E. Woon and T.H. Dunning, Jr., J. Chem. Phys. 100, 2975 (1994).
! Li - Ne: T.H. Dunning, Jr., J. Chem. Phys. 90, 1007 (1989).
! B - F: R.A. Kendall, T.H. Dunning, Jr. and R.J. Harrison, J. Chem. Phys. 96, 6796 (1992).
! H-Ar: E. Papajak, D. G. Truhlar, J. Chem. Theory Comput. 597, 597 (2010).
! Al - Ar: D.E. Woon and T.H. Dunning, Jr., J. Chem. Phys. 98, 1358 (1993).
! Al - Ar: T.H. Dunning, Jr., K.A. Peterson and A.K. Wilson, J. Chem. Phys. 114, 9244 (2001).
! 



H:jul-cc-pV(D+d)Z
EMSL BASIS SET LIBRARY

  2
    0    1
    2    1
    4    1

    13.0100000     1.9620000     0.4446000     0.1220000

 0.0196850  0.0000000 
 0.1379770  0.0000000 
 0.4781480  0.0000000 
 0.0000000  1.0000000 

     0.7270000

 1.0000000 

HE:jul-cc-pV(D+d)Z
EMSL BASIS SET LIBRARY

  2
    0    1
    2    1
    4    1

    38.3600000     5.7700000     1.2400000     0.2976000

 0.0238090  0.0000000 
 0.1548910  0.0000000 
 0.4699870  0.0000000 
 0.0000000  1.0000000 

     1.2750000

 1.0000000 

LI:jul-cc-pV(D+d)Z
EMSL BASIS SET LIBRARY

  3
    0    1    2
    4    3    2
   10    5    2

  1469.0000000   220.5000000    50.2600000    14.2400000     4.5810000
     1.5800000     0.5640000     0.0734500     0.0280500     0.0086400

 0.0007660 -0.0001200  0.0000000  0.0000000 
 0.0058920 -0.0009230  0.0000000  0.0000000 
 0.0296710 -0.0046890  0.0000000  0.0000000 
 0.1091800 -0.0176820  0.0000000  0.0000000 
 0.2827890 -0.0489020  0.0000000  0.0000000 
 0.4531230 -0.0960090  0.0000000  0.0000000 
 0.2747740 -0.1363800  0.0000000  0.0000000 
 0.0097510  0.5751020  0.0000000  0.0000000 
 0.0000000  0.0000000  1.0000000  0.0000000 
 0.0000000  0.0000000  0.0000000  1.0000000 

     1.5340000     0.2749000     0.0736200     0.0240300     0.0057900

 0.0227840  0.0000000  0.0000000 
 0.1391070  0.0000000  0.0000000 
 0.5003750  0.0000000  0.0000000 
 0.0000000  1.0000000  0.0000000 
 0.0000000  0.0000000  1.0000000 

     0.1239000     0.0725000

 1.0000000  0.0000000 
 0.0000000  1.0000000 

BE:jul-cc-pV(D+d)Z
EMSL BASIS SET LIBRARY

  3
    0    1    2
    4    3    2
   10    5    2

  2940.0000000   441.2000000   100.5000000    28.4300000     9.1690000
     3.1960000     1.1590000     0.1811000     0.0589000     0.0187700

 0.0006800 -0.0001230  0.0000000  0.0000000 
 0.0052360 -0.0009660  0.0000000  0.0000000 
 0.0266060 -0.0048310  0.0000000  0.0000000 
 0.0999930 -0.0193140  0.0000000  0.0000000 
 0.2697020 -0.0532800  0.0000000  0.0000000 
 0.4514690 -0.1207230  0.0000000  0.0000000 
 0.2950740 -0.1334350  0.0000000  0.0000000 
 0.0125870  0.5307670  0.0000000  0.0000000 
 0.0000000  0.0000000  1.0000000  0.0000000 
 0.0000000  0.0000000  0.0000000  1.0000000 

     3.6190000     0.7110000     0.1951000     0.0601800     0.0085000

 0.0291110  0.0000000  0.0000000 
 0.1693650  0.0000000  0.0000000 
 0.5134580  0.0000000  0.0000000 
 0.0000000  1.0000000  0.0000000 
 0.0000000  0.0000000  1.0000000 

     0.2380000     0.0740000

 1.0000000  0.0000000 
 0.0000000  1.0000000 

B:jul-cc-pV(D+d)Z
EMSL BASIS SET LIBRARY

  3
    0    1    2
    4    3    2
   10    5    2

  4570.0000000   685.9000000   156.5000000    44.4700000    14.4800000
     5.1310000     1.8980000     0.3329000     0.1043000     0.0310500

 0.0006960 -0.0001390  0.0000000  0.0000000 
 0.0053530 -0.0010970  0.0000000  0.0000000 
 0.0271340 -0.0054440  0.0000000  0.0000000 
 0.1013800 -0.0219160  0.0000000  0.0000000 
 0.2720550 -0.0597510  0.0000000  0.0000000 
 0.4484030 -0.1387320  0.0000000  0.0000000 
 0.2901230 -0.1314820  0.0000000  0.0000000 
 0.0143220  0.5395260  0.0000000  0.0000000 
 0.0000000  0.0000000  1.0000000  0.0000000 
 0.0000000  0.0000000  0.0000000  1.0000000 

     6.0010000     1.2410000     0.3364000     0.0953800     0.0237800

 0.0354810  0.0000000  0.0000000 
 0.1980720  0.0000000  0.0000000 
 0.5052300  0.0000000  0.0000000 
 0.0000000  1.0000000  0.0000000 
 0.0000000  0.0000000  1.0000000 

     0.3430000     0.0904000

 1.0000000  0.0000000 
 0.0000000  1.0000000 

C:jul-cc-pV(D+d)Z
EMSL BASIS SET LIBRARY

  3
    0    1    2
    4    3    2
   10    5    2

  6665.0000000  1000.0000000   228.0000000    64.7100000    21.0600000
     7.4950000     2.7970000     0.5215000     0.1596000     0.0469000

 0.0006920 -0.0001460  0.0000000  0.0000000 
 0.0053290 -0.0011540  0.0000000  0.0000000 
 0.0270770 -0.0057250  0.0000000  0.0000000 
 0.1017180 -0.0233120  0.0000000  0.0000000 
 0.2747400 -0.0639550  0.0000000  0.0000000 
 0.4485640 -0.1499810  0.0000000  0.0000000 
 0.2850740 -0.1272620  0.0000000  0.0000000 
 0.0152040  0.5445290  0.0000000  0.0000000 
 0.0000000  0.0000000  1.0000000  0.0000000 
 0.0000000  0.0000000  0.0000000  1.0000000 

     9.4390000     2.0020000     0.5456000     0.1517000     0.0404100

 0.0381090  0.0000000  0.0000000 
 0.2094800  0.0000000  0.0000000 
 0.5085570  0.0000000  0.0000000 
 0.0000000  1.0000000  0.0000000 
 0.0000000  0.0000000  1.0000000 

     0.5500000     0.1510000

 1.0000000  0.0000000 
 0.0000000  1.0000000 

N:jul-cc-pV(D+d)Z
EMSL BASIS SET LIBRARY

  3
    0    1    2
    4    3    2
   10    5    2

  9046.0000000  1357.0000000   309.3000000    87.7300000    28.5600000
    10.2100000     3.8380000     0.7466000     0.2248000     0.0612400

 0.0007000 -0.0001530  0.0000000  0.0000000 
 0.0053890 -0.0012080  0.0000000  0.0000000 
 0.0274060 -0.0059920  0.0000000  0.0000000 
 0.1032070 -0.0245440  0.0000000  0.0000000 
 0.2787230 -0.0674590  0.0000000  0.0000000 
 0.4485400 -0.1580780  0.0000000  0.0000000 
 0.2782380 -0.1218310  0.0000000  0.0000000 
 0.0154400  0.5490030  0.0000000  0.0000000 
 0.0000000  0.0000000  1.0000000  0.0000000 
 0.0000000  0.0000000  0.0000000  1.0000000 

    13.5500000     2.9170000     0.7973000     0.2185000     0.0561100

 0.0399190  0.0000000  0.0000000 
 0.2171690  0.0000000  0.0000000 
 0.5103190  0.0000000  0.0000000 
 0.0000000  1.0000000  0.0000000 
 0.0000000  0.0000000  1.0000000 

     0.8170000     0.2300000

 1.0000000  0.0000000 
 0.0000000  1.0000000 

O:jul-cc-pV(D+d)Z
EMSL BASIS SET LIBRARY

  3
    0    1    2
    4    3    2
   10    5    2

 11720.0000000  1759.0000000   400.8000000   113.7000000    37.0300000
    13.2700000     5.0250000     1.0130000     0.3023000     0.0789600

 0.0007100 -0.0001600  0.0000000  0.0000000 
 0.0054700 -0.0012630  0.0000000  0.0000000 
 0.0278370 -0.0062670  0.0000000  0.0000000 
 0.1048000 -0.0257160  0.0000000  0.0000000 
 0.2830620 -0.0709240  0.0000000  0.0000000 
 0.4487190 -0.1654110  0.0000000  0.0000000 
 0.2709520 -0.1169550  0.0000000  0.0000000 
 0.0154580  0.5573680  0.0000000  0.0000000 
 0.0000000  0.0000000  1.0000000  0.0000000 
 0.0000000  0.0000000  0.0000000  1.0000000 

    17.7000000     3.8540000     1.0460000     0.2753000     0.0685600

 0.0430180  0.0000000  0.0000000 
 0.2289130  0.0000000  0.0000000 
 0.5087280  0.0000000  0.0000000 
 0.0000000  1.0000000  0.0000000 
 0.0000000  0.0000000  1.0000000 

     1.1850000     0.3320000

 1.0000000  0.0000000 
 0.0000000  1.0000000 

F:jul-cc-pV(D+d)Z
EMSL BASIS SET LIBRARY

  3
    0    1    2
    4    3    2
   10    5    2

 14710.0000000  2207.0000000   502.8000000   142.6000000    46.4700000
    16.7000000     6.3560000     1.3160000     0.3897000     0.0986300

 0.0007210 -0.0001650  0.0000000  0.0000000 
 0.0055530 -0.0013080  0.0000000  0.0000000 
 0.0282670 -0.0064950  0.0000000  0.0000000 
 0.1064440 -0.0266910  0.0000000  0.0000000 
 0.2868140 -0.0736900  0.0000000  0.0000000 
 0.4486410 -0.1707760  0.0000000  0.0000000 
 0.2647610 -0.1123270  0.0000000  0.0000000 
 0.0153330  0.5628140  0.0000000  0.0000000 
 0.0000000  0.0000000  1.0000000  0.0000000 
 0.0000000  0.0000000  0.0000000  1.0000000 

    22.6700000     4.9770000     1.3470000     0.3471000     0.0850200

 0.0448780  0.0000000  0.0000000 
 0.2357180  0.0000000  0.0000000 
 0.5085210  0.0000000  0.0000000 
 0.0000000  1.0000000  0.0000000 
 0.0000000  0.0000000  1.0000000 

     1.6400000     0.4640000

 1.0000000  0.0000000 
 0.0000000  1.0000000 

NE:jul-cc-pV(D+d)Z
EMSL BASIS SET LIBRARY

  3
    0    1    2
    4    3    2
   10    5    2

 17880.0000000  2683.0000000   611.5000000   173.5000000    56.6400000
    20.4200000     7.8100000     1.6530000     0.4869000     0.1230000

 0.0007380 -0.0001720  0.0000000  0.0000000 
 0.0056770 -0.0013570  0.0000000  0.0000000 
 0.0288830 -0.0067370  0.0000000  0.0000000 
 0.1085400 -0.0276630  0.0000000  0.0000000 
 0.2909070 -0.0762080  0.0000000  0.0000000 
 0.4483240 -0.1752270  0.0000000  0.0000000 
 0.2580260 -0.1070380  0.0000000  0.0000000 
 0.0150630  0.5670500  0.0000000  0.0000000 
 0.0000000  0.0000000  1.0000000  0.0000000 
 0.0000000  0.0000000  0.0000000  1.0000000 

    28.3900000     6.2700000     1.6950000     0.4317000     0.1064000

 0.0460870  0.0000000  0.0000000 
 0.2401810  0.0000000  0.0000000 
 0.5087440  0.0000000  0.0000000 
 0.0000000  1.0000000  0.0000000 
 0.0000000  0.0000000  1.0000000 

     2.2020000     0.6310000

 1.0000000  0.0000000 
 0.0000000  1.0000000 

NA:jul-cc-pV(D+d)Z
EMSL BASIS SET LIBRARY

  3
    0    1    2
    5    4    2
   13    9    2

 31700.0000000  4755.0000000  1082.0000000   306.4000000    99.5300000
    35.4200000    13.3000000     4.3920000     1.6760000     0.5889000
     0.0564000     0.0230700     0.0072500

 .45888E-3 -.11216E-3  .17016E-4  0.0000000  0.0000000 
 .35507E-2 -.86851E-3  .13069E-3  0.0000000  0.0000000 
 .18262E-1 -.45133E-2  .68778E-3  0.0000000  0.0000000 
 .71665E-1 -.18144E-1  .27236E-2  0.0000000  0.0000000 
  .21235E0  -.5808E-1  .89553E-2  0.0000000  0.0000000 
   .4162E0  -.13765E0  .20783E-1  0.0000000  0.0000000 
  .37302E0  -.19391E0  .31938E-1  0.0000000  0.0000000 
 .62505E-1  .85801E-1 -.19137E-1  0.0000000  0.0000000 
-.62453E-2   .60442E0   -.1026E0  0.0000000  0.0000000 
 .24337E-2   .44172E0  -.19894E0  0.0000000  0.0000000 
-.44238E-3  .13055E-1   .65595E0  0.0000000  0.0000000 
 0.0000000  0.0000000  0.0000000  1.0000000  0.0000000 
 0.0000000  0.0000000  0.0000000  0.0000000  1.0000000 

   138.1000000    32.2400000     9.9850000     3.4840000     1.2310000
     0.4177000     0.0651300     0.0205300     0.0063300

 .57964E-2 -.58153E-3  0.0000000  0.0000000 
 .41576E-1 -.40731E-2  0.0000000  0.0000000 
  .16287E0 -.16794E-1  0.0000000  0.0000000 
   .3594E0 -.35327E-1  0.0000000  0.0000000 
  .44999E0 -.52197E-1  0.0000000  0.0000000 
  .22751E0 -.16836E-1  0.0000000  0.0000000 
 .80825E-2   .43461E0  0.0000000  0.0000000 
 0.0000000  0.0000000  1.0000000  0.0000000 
 0.0000000  0.0000000  0.0000000  1.0000000 

     0.0973000     0.0468000

 1.0000000  0.0000000 
 0.0000000  1.0000000 

MG:jul-cc-pV(D+d)Z
EMSL BASIS SET LIBRARY

  3
    0    1    2
    5    4    2
   13    9    2

 47390.0000000  7108.0000000  1618.0000000   458.4000000   149.3000000
    53.5900000    20.7000000     8.3840000     2.5420000     0.8787000
     0.1077000     0.0399900     0.0148800

 .34602E-3 -.87784E-4  .16963E-4  0.0000000  0.0000000 
 .26808E-2 -.67472E-3  .12986E-3  0.0000000  0.0000000 
 .13837E-1  -.3556E-2  .68883E-3  0.0000000  0.0000000 
 .55177E-1 -.14215E-1  .27353E-2  0.0000000  0.0000000 
  .16966E0 -.47675E-1  .93122E-2  0.0000000  0.0000000 
   .3647E0  -.11489E0  .22326E-1  0.0000000  0.0000000 
  .40686E0  -.20068E0   .4112E-1  0.0000000  0.0000000 
  .13509E0 -.34122E-1  .54564E-2  0.0000000  0.0000000 
 .49088E-2   .57045E0  -.13401E0  0.0000000  0.0000000 
 .28646E-3   .54231E0  -.25618E0  0.0000000  0.0000000 
 .26459E-4  .21813E-1   .60586E0  0.0000000  0.0000000 
 0.0000000  0.0000000  0.0000000  1.0000000  0.0000000 
 0.0000000  0.0000000  0.0000000  0.0000000  1.0000000 

   179.9000000    42.1400000    13.1300000     4.6280000     1.6700000
     0.5857000     0.1311000     0.0411200     0.0093500

 .53816E-2 -.86595E-3  0.0000000  0.0000000 
 .39242E-1 -.61598E-2  0.0000000  0.0000000 
  .15744E0 -.26152E-1  0.0000000  0.0000000 
  .35854E0 -.57065E-1  0.0000000  0.0000000 
  .45723E0 -.87391E-1  0.0000000  0.0000000 
  .21592E0 -.12299E-1  0.0000000  0.0000000 
 .66495E-2   .50208E0  0.0000000  0.0000000 
 0.0000000  0.0000000  1.0000000  0.0000000 
 0.0000000  0.0000000  0.0000000  1.0000000 

     0.1870000     0.0595000

 1.0000000  0.0000000 
 0.0000000  1.0000000 

AL:jul-cc-pV(D+d)Z
EMSL BASIS SET LIBRARY

  3
    0    1    2
    5    4    3
   13    9    3

 64150.0000000  9617.0000000  2189.0000000   620.5000000   202.7000000
    73.1500000    28.5500000    11.7700000     3.3000000     1.1730000
     0.1752000     0.0647300     0.0231000

 .29025E-3 -.75805E-4  .17508E-4  0.0000000  0.0000000 
 .22506E-2 -.58179E-3  .13421E-3  0.0000000  0.0000000 
 .11646E-1 -.30811E-2  .71244E-3  0.0000000  0.0000000 
 .46738E-1 -.12311E-1  .28433E-2  0.0000000  0.0000000 
   .1463E0 -.41978E-1  .97684E-2  0.0000000  0.0000000 
  .33028E0  -.10337E0  .24185E-1  0.0000000  0.0000000 
  .41586E0  -.19631E0  .47499E-1  0.0000000  0.0000000 
  .18925E0    -.83E-1  .20362E-1  0.0000000  0.0000000 
 .11589E-1   .54104E0  -.15879E0  0.0000000  0.0000000 
-.12838E-2    .5788E0  -.31169E0  0.0000000  0.0000000 
 .42588E-3  .28815E-1   .62015E0  0.0000000  0.0000000 
 0.0000000  0.0000000  0.0000000  1.0000000  0.0000000 
 0.0000000  0.0000000  0.0000000  0.0000000  1.0000000 

   258.8000000    60.8900000    19.1400000     6.8810000     2.5740000
     0.9572000     0.2099000     0.0598600     0.0153000

 .40685E-2 -.74805E-3  0.0000000  0.0000000 
 .30682E-1  -.5458E-2  0.0000000  0.0000000 
  .12915E0 -.24537E-1  0.0000000  0.0000000 
  .32083E0 -.58214E-1  0.0000000  0.0000000 
  .45382E0 -.98376E-1  0.0000000  0.0000000 
  .27507E0 -.26006E-1  0.0000000  0.0000000 
 .19081E-1   .46402E0  0.0000000  0.0000000 
 0.0000000  0.0000000  1.0000000  0.0000000 
 0.0000000  0.0000000  0.0000000  1.0000000 

     1.1950000     0.1900000     0.0552000

 1.0000000  0.0000000  0.0000000 
 0.0000000  1.0000000  0.0000000 
 0.0000000  0.0000000  1.0000000 

SI:jul-cc-pV(D+d)Z
EMSL BASIS SET LIBRARY

  3
    0    1    2
    5    4    3
   13    9    3

 78860.0000000 11820.0000000  2692.0000000   763.4000000   249.6000000
    90.2800000    35.2900000    14.5100000     4.0530000     1.4820000
     0.2517000     0.0924300     0.0332000

 .27044E-3 -.72318E-4  .18511E-4  0.0000000  0.0000000 
 .20972E-2 -.55512E-3  .14224E-3  0.0000000  0.0000000 
 .10851E-1  -.2938E-2  .75218E-3  0.0000000  0.0000000 
 .43675E-1 -.11769E-1  .30228E-2  0.0000000  0.0000000 
  .13765E0 -.40291E-1  .10368E-1  0.0000000  0.0000000 
  .31664E0  -.10061E0  .26256E-1  0.0000000  0.0000000 
  .41858E0  -.19653E0  .52399E-1  0.0000000  0.0000000 
  .21021E0  -.10238E0  .29096E-1  0.0000000  0.0000000 
 .14495E-1   .52719E0    -.178E0  0.0000000  0.0000000 
-.20359E-2   .59325E0  -.34687E0  0.0000000  0.0000000 
 .62419E-3  .33265E-1   .62302E0  0.0000000  0.0000000 
 0.0000000  0.0000000  0.0000000  1.0000000  0.0000000 
 0.0000000  0.0000000  0.0000000  0.0000000  1.0000000 

   315.9000000    74.4200000    23.4800000     8.4880000     3.2170000
     1.2290000     0.2964000     0.0876800     0.0250000

 .39266E-2  -.8583E-3  0.0000000  0.0000000 
 .29881E-1 -.63033E-2  0.0000000  0.0000000 
  .12721E0 -.28826E-1  0.0000000  0.0000000 
  .32094E0 -.69456E-1  0.0000000  0.0000000 
  .45543E0  -.11949E0  0.0000000  0.0000000 
  .26856E0 -.19958E-1  0.0000000  0.0000000 
 .18834E-1   .51027E0  0.0000000  0.0000000 
 0.0000000  0.0000000  1.0000000  0.0000000 
 0.0000000  0.0000000  0.0000000  1.0000000 

     1.8030000     0.2750000     0.0840000

 1.0000000  0.0000000  0.0000000 
 0.0000000  1.0000000  0.0000000 
 0.0000000  0.0000000  1.0000000 

P:jul-cc-pV(D+d)Z
EMSL BASIS SET LIBRARY

  3
    0    1    2
    5    4    3
   13    9    3

 94840.0000000 14220.0000000  3236.0000000   917.1000000   299.5000000
   108.1000000    42.1800000    17.2800000     4.8580000     1.8180000
     0.3372000     0.1232000     0.0417000

 .25551E-3 -.69694E-4   .1912E-4  0.0000000  0.0000000 
 .19819E-2 -.53527E-3  .14722E-3  0.0000000  0.0000000 
 .10276E-1 -.28371E-2  .77791E-3  0.0000000  0.0000000 
 .41482E-1 -.11398E-1  .31455E-2  0.0000000  0.0000000 
  .13198E0 -.39293E-1   .1082E-1  0.0000000  0.0000000 
  .30866E0 -.99636E-1  .27996E-1  0.0000000  0.0000000 
  .42065E0  -.19798E0  .56398E-1  0.0000000  0.0000000 
  .22288E0  -.11486E0  .35819E-1  0.0000000  0.0000000 
 .16404E-1    .5186E0  -.19339E0  0.0000000  0.0000000 
-.25426E-2   .60185E0   -.3721E0  0.0000000  0.0000000 
 .74805E-3  .36861E-1   .62425E0  0.0000000  0.0000000 
 0.0000000  0.0000000  0.0000000  1.0000000  0.0000000 
 0.0000000  0.0000000  0.0000000  0.0000000  1.0000000 

   370.5000000    87.3300000    27.5900000    10.0000000     3.8250000
     1.4940000     0.3921000     0.1186000     0.0343000

   .395E-2 -.95983E-3  0.0000000  0.0000000 
 .30249E-1 -.71118E-2  0.0000000  0.0000000 
  .12955E0 -.32712E-1  0.0000000  0.0000000 
  .32759E0 -.79578E-1  0.0000000  0.0000000 
  .45699E0  -.13502E0  0.0000000  0.0000000 
  .25309E0 -.91058E-2  0.0000000  0.0000000 
  .1688E-1    .5378E0  0.0000000  0.0000000 
 0.0000000  0.0000000  1.0000000  0.0000000 
 0.0000000  0.0000000  0.0000000  1.0000000 

     2.5060000     0.3740000     0.1160000

 1.0000000  0.0000000  0.0000000 
 0.0000000  1.0000000  0.0000000 
 0.0000000  0.0000000  1.0000000 

S:jul-cc-pV(D+d)Z
EMSL BASIS SET LIBRARY

  3
    0    1    2
    5    4    3
   13    9    3

 110800.000000 16610.0000000  3781.0000000  1071.0000000   349.8000000
   126.3000000    49.2600000    20.1600000     5.7200000     2.1820000
     0.4327000     0.1570000     0.0507000

 .24764E-3 -.68704E-4  .19908E-4  0.0000000  0.0000000 
 .19203E-2 -.52768E-3  .15348E-3  0.0000000  0.0000000 
 .99619E-2 -.27967E-2   .8095E-3  0.0000000  0.0000000 
 .40298E-1 -.11265E-1  .32897E-2  0.0000000  0.0000000 
   .1286E0 -.38883E-1  .11297E-1  0.0000000  0.0000000 
  .30348E0 -.99502E-1  .29638E-1  0.0000000  0.0000000 
  .42143E0  -.19974E0  .59985E-1  0.0000000  0.0000000 
  .23078E0  -.12336E0  .41325E-1  0.0000000  0.0000000 
 .17897E-1   .51319E0  -.20747E0  0.0000000  0.0000000 
-.29752E-2   .60712E0  -.39289E0  0.0000000  0.0000000 
 .84952E-3  .39675E-1   .63284E0  0.0000000  0.0000000 
 0.0000000  0.0000000  0.0000000  1.0000000  0.0000000 
 0.0000000  0.0000000  0.0000000  0.0000000  1.0000000 

   399.7000000    94.1900000    29.7500000    10.7700000     4.1190000
     1.6250000     0.4726000     0.1407000     0.0399000

 .44754E-2 -.11625E-2  0.0000000  0.0000000 
 .34171E-1 -.86566E-2  0.0000000  0.0000000 
  .14425E0 -.39089E-1  0.0000000  0.0000000 
  .35393E0 -.93462E-1  0.0000000  0.0000000 
  .45908E0  -.14799E0  0.0000000  0.0000000 
  .20638E0   .3019E-1  0.0000000  0.0000000 
 .10214E-1   .56157E0  0.0000000  0.0000000 
 0.0000000  0.0000000  1.0000000  0.0000000 
 0.0000000  0.0000000  0.0000000  1.0000000 

     2.9940000     0.4810000     0.1550000

 1.0000000  0.0000000  0.0000000 
 0.0000000  1.0000000  0.0000000 
 0.0000000  0.0000000  1.0000000 

CL:jul-cc-pV(D+d)Z
EMSL BASIS SET LIBRARY

  3
    0    1    2
    5    4    3
   13    9    3

 127900.000000 19170.0000000  4363.0000000  1236.0000000   403.6000000
   145.7000000    56.8100000    23.2300000     6.6440000     2.5750000
     0.5371000     0.1938000     0.0608000

 .24115E-3 -.67892E-4  .20499E-4  0.0000000  0.0000000 
  .1871E-2 -.52184E-3   .1583E-3  0.0000000  0.0000000 
 .97083E-2 -.27651E-2  .83364E-3  0.0000000  0.0000000 
 .39315E-1 -.11154E-1  .33988E-2  0.0000000  0.0000000 
  .12593E0 -.38592E-1  .11674E-1  0.0000000  0.0000000 
  .29934E0 -.99485E-1  .30962E-1  0.0000000  0.0000000 
  .42189E0  -.20139E0  .62953E-1  0.0000000  0.0000000 
   .2372E0  -.13031E0  .46026E-1  0.0000000  0.0000000 
 .19153E-1   .50944E0  -.21931E0  0.0000000  0.0000000 
-.33479E-2   .61072E0  -.40877E0  0.0000000  0.0000000 
 .92988E-3  .42155E-1   .63846E0  0.0000000  0.0000000 
 0.0000000  0.0000000  0.0000000  1.0000000  0.0000000 
 0.0000000  0.0000000  0.0000000  0.0000000  1.0000000 

   417.6000000    98.3300000    31.0400000    11.1900000     4.2490000
     1.6240000     0.5322000     0.1620000     0.0466000

 .52598E-2 -.14357E-2  0.0000000  0.0000000 
 .39833E-1  -.1078E-1  0.0000000  0.0000000 
  .16466E0 -.47008E-1  0.0000000  0.0000000 
  .38732E0  -.11103E0  0.0000000  0.0000000 
  .45707E0  -.15328E0  0.0000000  0.0000000 
  .15164E0  .89461E-1  0.0000000  0.0000000 
 .18162E-2   .57944E0  0.0000000  0.0000000 
 0.0000000  0.0000000  1.0000000  0.0000000 
 0.0000000  0.0000000  0.0000000  1.0000000 

     3.6520000     0.6030000     0.1980000

 1.0000000  0.0000000  0.0000000 
 0.0000000  1.0000000  0.0000000 
 0.0000000  0.0000000  1.0000000 

AR:jul-cc-pV(D+d)Z
EMSL BASIS SET LIBRARY

  3
    0    1    2
    5    4    3
   13    9    3

 145700.000000 21840.0000000  4972.0000000  1408.0000000   459.7000000
   165.9000000    64.6900000    26.4400000     7.6280000     2.9960000
     0.6504000     0.2337000     0.0709000

  .2367E-3 -.67491E-4  .21046E-4  0.0000000  0.0000000 
 .18352E-2 -.51852E-3  .16256E-3  0.0000000  0.0000000 
 .95286E-2 -.27482E-2  .85546E-3  0.0000000  0.0000000 
 .38628E-1 -.11101E-1  .34974E-2  0.0000000  0.0000000 
  .12408E0 -.38482E-1  .12016E-1  0.0000000  0.0000000 
  .29647E0  -.9976E-1  .32137E-1  0.0000000  0.0000000 
  .42207E0  -.20309E0  .65528E-1  0.0000000  0.0000000 
  .24171E0  -.13561E0  .49937E-1  0.0000000  0.0000000 
 .20051E-1    .5072E0  -.22977E0  0.0000000  0.0000000 
  -.361E-2    .6129E0  -.42101E0  0.0000000  0.0000000 
 .97561E-3  .44297E-1   .64233E0  0.0000000  0.0000000 
 0.0000000  0.0000000  0.0000000  1.0000000  0.0000000 
 0.0000000  0.0000000  0.0000000  0.0000000  1.0000000 

   453.7000000   106.8000000    33.7300000    12.1300000     4.5940000
     1.6780000     0.5909000     0.1852000     0.0533000

 .57056E-2 -.16066E-2  0.0000000  0.0000000 
 .43046E-1 -.12171E-1  0.0000000  0.0000000 
  .17659E0 -.52079E-1  0.0000000  0.0000000 
  .40686E0  -.12374E0  0.0000000  0.0000000 
  .45255E0  -.15162E0  0.0000000  0.0000000 
   .1228E0   .14242E0  0.0000000  0.0000000 
  -.446E-2    .5845E0  0.0000000  0.0000000 
 0.0000000  0.0000000  1.0000000  0.0000000 
 0.0000000  0.0000000  0.0000000  1.0000000 

     4.3900000     0.7390000     0.2380000

 1.0000000  0.0000000  0.0000000 
 0.0000000  1.0000000  0.0000000 
 0.0000000  0.0000000  1.0000000 





