!  m6-31G  EMSL  Basis Set Exchange Library   3/19/13 6:12 PM
! Elements                             References
! --------                             ----------
! Sc, Ti, V, Cr, Mn, Fe, Co, Ni, Cu: A.V. Mitin, J. Baker, P. Pulay, An improved 6-31G* basis set for first-row transition metals, J. Chem. Phys. 118, 7775 (2003).
! 



SC:m6-31G
EMSL BASIS SET LIBRARY

  3
    0    1    2
    5    4    2
   22   16    4

 39088.9800000 5869.79200000 1336.91000000 376.603100000 120.467900000
  40.980320000 786.285200000 186.887000000  60.009350000  22.258830000
   8.885149000   3.609211000  29.843550000   9.542383000   4.056790000
   1.704703000   0.706234000   0.279536000   1.065609000   0.425933000
   0.076320000   0.029594000

 0.0018032  0.0000000  0.0000000  0.0000000  0.0000000 
 0.0138076  0.0000000  0.0000000  0.0000000  0.0000000 
 0.0680039  0.0000000  0.0000000  0.0000000  0.0000000 
 0.2347099  0.0000000  0.0000000  0.0000000  0.0000000 
 0.4815690  0.0000000  0.0000000  0.0000000  0.0000000 
 0.3445652  0.0000000  0.0000000  0.0000000  0.0000000 
 0.0000000  0.0024518  0.0000000  0.0000000  0.0000000 
 0.0000000  0.0325957  0.0000000  0.0000000  0.0000000 
 0.0000000  0.1238242  0.0000000  0.0000000  0.0000000 
 0.0000000 -0.0435989  0.0000000  0.0000000  0.0000000 
 0.0000000 -0.6177181  0.0000000  0.0000000  0.0000000 
 0.0000000 -0.4432823  0.0000000  0.0000000  0.0000000 
 0.0000000  0.0000000 -0.0025863  0.0000000  0.0000000 
 0.0000000  0.0000000  0.0718842  0.0000000  0.0000000 
 0.0000000  0.0000000  0.2503260  0.0000000  0.0000000 
 0.0000000  0.0000000 -0.2991003  0.0000000  0.0000000 
 0.0000000  0.0000000 -0.7446818  0.0000000  0.0000000 
 0.0000000  0.0000000 -0.1799776  0.0000000  0.0000000 
 0.0000000  0.0000000  0.0000000  0.0648297  0.0000000 
 0.0000000  0.0000000  0.0000000  0.3253756  0.0000000 
 0.0000000  0.0000000  0.0000000 -1.1708060  0.0000000 
 0.0000000  0.0000000  0.0000000  0.0000000  1.0000000 

 786.285200000 186.887000000  60.009350000  22.258830000   8.885149000
   3.609211000  29.843550000   9.542383000   4.056790000   1.704703000
   0.706234000   0.279536000   1.065609000   0.425933000   0.076320000
   0.029594000

 0.0040395  0.0000000  0.0000000  0.0000000 
 0.0312257  0.0000000  0.0000000  0.0000000 
 0.1349833  0.0000000  0.0000000  0.0000000 
 0.3424793  0.0000000  0.0000000  0.0000000 
 0.4623113  0.0000000  0.0000000  0.0000000 
 0.2177524  0.0000000  0.0000000  0.0000000 
 0.0000000 -0.0060966  0.0000000  0.0000000 
 0.0000000 -0.0262888  0.0000000  0.0000000 
 0.0000000  0.0509100  0.0000000  0.0000000 
 0.0000000  0.3798097  0.0000000  0.0000000 
 0.0000000  0.5170883  0.0000000  0.0000000 
 0.0000000  0.1829772  0.0000000  0.0000000 
 0.0000000  0.0000000 -0.2938440  0.0000000 
 0.0000000  0.0000000  0.0923532  0.0000000 
 0.0000000  0.0000000  0.9847930  0.0000000 
 0.0000000  0.0000000  0.0000000  1.0000000 

  9.2389253773  2.3061823929  0.6394887979  0.1620099141

 0.1013495  0.0000000 
 0.4074937  0.0000000 
 0.6965324  0.0000000 
 0.0000000  1.0000000 

TI:m6-31G
EMSL BASIS SET LIBRARY

  3
    0    1    2
    5    4    2
   22   16    4

 43152.9500000 6479.57100000 1475.67500000 415.699100000 133.000600000
  45.272220000 874.682600000 207.978500000  66.879180000  24.873470000
   9.968441000   4.063826000  33.643630000  10.875650000   4.628225000
   1.950126000   0.809452000   0.320474000   1.224148000   0.484263000
   0.084096000   0.032036000

 0.0017918  0.0000000  0.0000000  0.0000000  0.0000000 
 0.0137239  0.0000000  0.0000000  0.0000000  0.0000000 
 0.0676283  0.0000000  0.0000000  0.0000000  0.0000000 
 0.2337642  0.0000000  0.0000000  0.0000000  0.0000000 
 0.4810696  0.0000000  0.0000000  0.0000000  0.0000000 
 0.3462280  0.0000000  0.0000000  0.0000000  0.0000000 
 0.0000000  0.0024310  0.0000000  0.0000000  0.0000000 
 0.0000000  0.0323302  0.0000000  0.0000000  0.0000000 
 0.0000000  0.1242520  0.0000000  0.0000000  0.0000000 
 0.0000000 -0.0390390  0.0000000  0.0000000  0.0000000 
 0.0000000 -0.6171789  0.0000000  0.0000000  0.0000000 
 0.0000000 -0.4473097  0.0000000  0.0000000  0.0000000 
 0.0000000  0.0000000 -0.0029403  0.0000000  0.0000000 
 0.0000000  0.0000000  0.0716310  0.0000000  0.0000000 
 0.0000000  0.0000000  0.2528915  0.0000000  0.0000000 
 0.0000000  0.0000000 -0.2966401  0.0000000  0.0000000 
 0.0000000  0.0000000 -0.7432215  0.0000000  0.0000000 
 0.0000000  0.0000000 -0.1853520  0.0000000  0.0000000 
 0.0000000  0.0000000  0.0000000  0.0635146  0.0000000 
 0.0000000  0.0000000  0.0000000  0.3151404  0.0000000 
 0.0000000  0.0000000  0.0000000 -1.1625950  0.0000000 
 0.0000000  0.0000000  0.0000000  0.0000000  1.0000000 

 874.682600000 207.978500000  66.879180000  24.873470000   9.968441000
   4.063826000  33.643630000  10.875650000   4.628225000   1.950126000
   0.809452000   0.320474000   1.224148000   0.484263000   0.084096000
   0.032036000

 0.0040176  0.0000000  0.0000000  0.0000000 
 0.0311396  0.0000000  0.0000000  0.0000000 
 0.1349077  0.0000000  0.0000000  0.0000000 
 0.3431672  0.0000000  0.0000000  0.0000000 
 0.4625760  0.0000000  0.0000000  0.0000000 
 0.2154603  0.0000000  0.0000000  0.0000000 
 0.0000000 -0.0063116  0.0000000  0.0000000 
 0.0000000 -0.0269763  0.0000000  0.0000000 
 0.0000000  0.0531684  0.0000000  0.0000000 
 0.0000000  0.3845549  0.0000000  0.0000000 
 0.0000000  0.5127662  0.0000000  0.0000000 
 0.0000000  0.1811135  0.0000000  0.0000000 
 0.0000000  0.0000000 -0.2112070  0.0000000 
 0.0000000  0.0000000  0.0777199  0.0000000 
 0.0000000  0.0000000  0.9898214  0.0000000 
 0.0000000  0.0000000  0.0000000  1.0000000 

 11.3802872735  2.8785653801  0.8146824263  0.2106293041

 0.1000655  0.0000000 
 0.4084975  0.0000000 
 0.6922977  0.0000000 
 0.0000000  1.0000000 

V:m6-31G
EMSL BASIS SET LIBRARY

  3
    0    1    2
    5    4    2
   22   16    4

 47354.3300000 7110.78700000 1619.59100000 456.337900000 146.060600000
  49.757910000 968.148400000 230.282100000  74.145910000  27.641070000
  11.114750000   4.543113000  37.640500000  12.282380000   5.233366000
   2.208950000   0.917880000   0.363412000   1.392781000   0.543913000
   0.091476000   0.034312000

 0.0017845  0.0000000  0.0000000  0.0000000  0.0000000 
 0.0136675  0.0000000  0.0000000  0.0000000  0.0000000 
 0.0673612  0.0000000  0.0000000  0.0000000  0.0000000 
 0.2330552  0.0000000  0.0000000  0.0000000  0.0000000 
 0.4806316  0.0000000  0.0000000  0.0000000  0.0000000 
 0.3474802  0.0000000  0.0000000  0.0000000  0.0000000 
 0.0000000  0.0024106  0.0000000  0.0000000  0.0000000 
 0.0000000  0.0320724  0.0000000  0.0000000  0.0000000 
 0.0000000  0.1245942  0.0000000  0.0000000  0.0000000 
 0.0000000 -0.0348217  0.0000000  0.0000000  0.0000000 
 0.0000000 -0.6167374  0.0000000  0.0000000  0.0000000 
 0.0000000 -0.4509844  0.0000000  0.0000000  0.0000000 
 0.0000000  0.0000000 -0.0032332  0.0000000  0.0000000 
 0.0000000  0.0000000  0.0713074  0.0000000  0.0000000 
 0.0000000  0.0000000  0.2543820  0.0000000  0.0000000 
 0.0000000  0.0000000 -0.2933887  0.0000000  0.0000000 
 0.0000000  0.0000000 -0.7415695  0.0000000  0.0000000 
 0.0000000  0.0000000 -0.1909410  0.0000000  0.0000000 
 0.0000000  0.0000000  0.0000000  0.0613970  0.0000000 
 0.0000000  0.0000000  0.0000000  0.3061130  0.0000000 
 0.0000000  0.0000000  0.0000000 -1.1548900  0.0000000 
 0.0000000  0.0000000  0.0000000  0.0000000  1.0000000 

 968.148400000 230.282100000  74.145910000  27.641070000  11.114750000
   4.543113000  37.640500000  12.282380000   5.233366000   2.208950000
   0.917880000   0.363412000   1.392781000   0.543913000   0.091476000
   0.034312000

 0.0039950  0.0000000  0.0000000  0.0000000 
 0.0310406  0.0000000  0.0000000  0.0000000 
 0.1347747  0.0000000  0.0000000  0.0000000 
 0.3437279  0.0000000  0.0000000  0.0000000 
 0.4628759  0.0000000  0.0000000  0.0000000 
 0.2135547  0.0000000  0.0000000  0.0000000 
 0.0000000 -0.0064940  0.0000000  0.0000000 
 0.0000000 -0.0275345  0.0000000  0.0000000 
 0.0000000  0.0551628  0.0000000  0.0000000 
 0.0000000  0.3879672  0.0000000  0.0000000 
 0.0000000  0.5090258  0.0000000  0.0000000 
 0.0000000  0.1803840  0.0000000  0.0000000 
 0.0000000  0.0000000 -0.1891265  0.0000000 
 0.0000000  0.0000000  0.0800545  0.0000000 
 0.0000000  0.0000000  0.9877399  0.0000000 
 0.0000000  0.0000000  0.0000000  1.0000000 

 13.3595274176  3.4113944966  0.9739061412  0.2522224358

 0.1006487  0.0000000 
 0.4115551  0.0000000 
 0.6875734  0.0000000 
 0.0000000  1.0000000 

CR:m6-31G
EMSL BASIS SET LIBRARY

  3
    0    1    2
    5    4    2
   22   16    4

 51789.8100000 7776.84900000 1771.38500000 499.158800000 159.798200000
  54.470210000 1064.32800000 253.213800000  81.609240000  30.481930000
  12.294390000   5.037722000  41.562910000  13.676270000   5.844390000
   2.471609000   1.028308000   0.407250000   1.571464000   0.605580000
   0.098561000   0.036459000

 0.0017761  0.0000000  0.0000000  0.0000000  0.0000000 
 0.0136047  0.0000000  0.0000000  0.0000000  0.0000000 
 0.0670692  0.0000000  0.0000000  0.0000000  0.0000000 
 0.2323104  0.0000000  0.0000000  0.0000000  0.0000000 
 0.4802410  0.0000000  0.0000000  0.0000000  0.0000000 
 0.3487653  0.0000000  0.0000000  0.0000000  0.0000000 
 0.0000000  0.0023996  0.0000000  0.0000000  0.0000000 
 0.0000000  0.0319488  0.0000000  0.0000000  0.0000000 
 0.0000000  0.1250868  0.0000000  0.0000000  0.0000000 
 0.0000000 -0.0322186  0.0000000  0.0000000  0.0000000 
 0.0000000 -0.6172284  0.0000000  0.0000000  0.0000000 
 0.0000000 -0.4525936  0.0000000  0.0000000  0.0000000 
 0.0000000  0.0000000 -0.0034542  0.0000000  0.0000000 
 0.0000000  0.0000000  0.0721842  0.0000000  0.0000000 
 0.0000000  0.0000000  0.2544820  0.0000000  0.0000000 
 0.0000000  0.0000000 -0.2934534  0.0000000  0.0000000 
 0.0000000  0.0000000 -0.7385455  0.0000000  0.0000000 
 0.0000000  0.0000000 -0.1947157  0.0000000  0.0000000 
 0.0000000  0.0000000  0.0000000  0.0589221  0.0000000 
 0.0000000  0.0000000  0.0000000  0.2976055  0.0000000 
 0.0000000  0.0000000  0.0000000 -1.1475060  0.0000000 
 0.0000000  0.0000000  0.0000000  0.0000000  1.0000000 

 1064.32800000 253.213800000  81.609240000  30.481930000  12.294390000
   5.037722000  41.562910000  13.676270000   5.844390000   2.471609000
   1.028308000   0.407250000   1.571464000   0.605580000   0.098561000
   0.036459000

 0.0039870  0.0000000  0.0000000  0.0000000 
 0.0310466  0.0000000  0.0000000  0.0000000 
 0.1350518  0.0000000  0.0000000  0.0000000 
 0.3448865  0.0000000  0.0000000  0.0000000 
 0.4628571  0.0000000  0.0000000  0.0000000 
 0.2110426  0.0000000  0.0000000  0.0000000 
 0.0000000 -0.0067225  0.0000000  0.0000000 
 0.0000000 -0.0280647  0.0000000  0.0000000 
 0.0000000  0.0582002  0.0000000  0.0000000 
 0.0000000  0.3916988  0.0000000  0.0000000 
 0.0000000  0.5047823  0.0000000  0.0000000 
 0.0000000  0.1790290  0.0000000  0.0000000 
 0.0000000  0.0000000 -0.1930100  0.0000000 
 0.0000000  0.0000000  0.0960562  0.0000000 
 0.0000000  0.0000000  0.9817609  0.0000000 
 0.0000000  0.0000000  0.0000000  1.0000000 

 13.5367472123  3.4401597836  0.9443297182  0.2197057097

 0.1119134  0.0000000 
 0.4307135  0.0000000 
 0.6725709  0.0000000 
 0.0000000  1.0000000 

MN:m6-31G
EMSL BASIS SET LIBRARY

  3
    0    1    2
    5    4    2
   22   16    4

 56347.1400000 8460.94300000 1927.32500000 543.234300000 173.990500000
  59.360050000 1165.41200000 277.327600000  89.472780000  33.482560000
  13.540370000   5.557972000  45.835320000  15.187770000   6.500710000
   2.751583000   1.145404000   0.453687000   1.757999000   0.667022000
   0.105129000   0.038418000

 0.0017715  0.0000000  0.0000000  0.0000000  0.0000000 
 0.0135708  0.0000000  0.0000000  0.0000000  0.0000000 
 0.0669060  0.0000000  0.0000000  0.0000000  0.0000000 
 0.2318541  0.0000000  0.0000000  0.0000000  0.0000000 
 0.4799046  0.0000000  0.0000000  0.0000000  0.0000000 
 0.3495737  0.0000000  0.0000000  0.0000000  0.0000000 
 0.0000000  0.0023887  0.0000000  0.0000000  0.0000000 
 0.0000000  0.0318170  0.0000000  0.0000000  0.0000000 
 0.0000000  0.1254670  0.0000000  0.0000000  0.0000000 
 0.0000000 -0.0295543  0.0000000  0.0000000  0.0000000 
 0.0000000 -0.6175160  0.0000000  0.0000000  0.0000000 
 0.0000000 -0.4544458  0.0000000  0.0000000  0.0000000 
 0.0000000  0.0000000 -0.0036658  0.0000000  0.0000000 
 0.0000000  0.0000000  0.0723197  0.0000000  0.0000000 
 0.0000000  0.0000000  0.2544486  0.0000000  0.0000000 
 0.0000000  0.0000000 -0.2910380  0.0000000  0.0000000 
 0.0000000  0.0000000 -0.7359860  0.0000000  0.0000000 
 0.0000000  0.0000000 -0.1997617  0.0000000  0.0000000 
 0.0000000  0.0000000  0.0000000  0.0562857  0.0000000 
 0.0000000  0.0000000  0.0000000  0.2897491  0.0000000 
 0.0000000  0.0000000  0.0000000 -1.1406530  0.0000000 
 0.0000000  0.0000000  0.0000000  0.0000000  1.0000000 

 1165.41200000 277.327600000  89.472780000  33.482560000  13.540370000
   5.557972000  45.835320000  15.187770000   6.500710000   2.751583000
   1.145404000   0.453687000   1.757999000   0.667022000   0.105129000
   0.038418000

 0.0039773  0.0000000  0.0000000  0.0000000 
 0.0310311  0.0000000  0.0000000  0.0000000 
 0.1351894  0.0000000  0.0000000  0.0000000 
 0.3457387  0.0000000  0.0000000  0.0000000 
 0.4629205  0.0000000  0.0000000  0.0000000 
 0.2090592  0.0000000  0.0000000  0.0000000 
 0.0000000 -0.0068875  0.0000000  0.0000000 
 0.0000000 -0.0284681  0.0000000  0.0000000 
 0.0000000  0.0603183  0.0000000  0.0000000 
 0.0000000  0.3938961  0.0000000  0.0000000 
 0.0000000  0.5013769  0.0000000  0.0000000 
 0.0000000  0.1792264  0.0000000  0.0000000 
 0.0000000  0.0000000 -0.5035024  0.0000000 
 0.0000000  0.0000000  0.2345011  0.0000000 
 0.0000000  0.0000000  0.9141257  0.0000000 
 0.0000000  0.0000000  0.0000000  1.0000000 

 17.4640356959  4.5235533151  1.3041931349  0.3369193736

 0.1021964  0.0000000 
 0.4169414  0.0000000 
 0.6799648  0.0000000 
 0.0000000  1.0000000 

FE:m6-31G
EMSL BASIS SET LIBRARY

  3
    0    1    2
    5    4    2
   22   16    4

 61132.6200000 9179.34200000 2090.85700000 589.247900000 188.754300000
  64.446290000 1259.98000000 299.876100000  96.849170000  36.310200000
  14.729960000   6.066075000  50.434850000  16.839290000   7.192086000
   3.053420000   1.273643000   0.504091000   1.950316000   0.736721000
   0.114177000   0.041148000

 0.0017661  0.0000000  0.0000000  0.0000000  0.0000000 
 0.0135303  0.0000000  0.0000000  0.0000000  0.0000000 
 0.0667312  0.0000000  0.0000000  0.0000000  0.0000000 
 0.2314823  0.0000000  0.0000000  0.0000000  0.0000000 
 0.4797058  0.0000000  0.0000000  0.0000000  0.0000000 
 0.3501976  0.0000000  0.0000000  0.0000000  0.0000000 
 0.0000000  0.0024380  0.0000000  0.0000000  0.0000000 
 0.0000000  0.0322404  0.0000000  0.0000000  0.0000000 
 0.0000000  0.1265724  0.0000000  0.0000000  0.0000000 
 0.0000000 -0.0313990  0.0000000  0.0000000  0.0000000 
 0.0000000 -0.6207593  0.0000000  0.0000000  0.0000000 
 0.0000000 -0.4502914  0.0000000  0.0000000  0.0000000 
 0.0000000  0.0000000 -0.0038732  0.0000000  0.0000000 
 0.0000000  0.0000000  0.0719659  0.0000000  0.0000000 
 0.0000000  0.0000000  0.2556591  0.0000000  0.0000000 
 0.0000000  0.0000000 -0.2882837  0.0000000  0.0000000 
 0.0000000  0.0000000 -0.7342822  0.0000000  0.0000000 
 0.0000000  0.0000000 -0.2049353  0.0000000  0.0000000 
 0.0000000  0.0000000  0.0000000  0.0569486  0.0000000 
 0.0000000  0.0000000  0.0000000  0.2882915  0.0000000 
 0.0000000  0.0000000  0.0000000 -1.1381590  0.0000000 
 0.0000000  0.0000000  0.0000000  0.0000000  1.0000000 

 1259.98000000 299.876100000  96.849170000  36.310200000  14.729960000
   6.066075000  50.434850000  16.839290000   7.192086000   3.053420000
   1.273643000   0.504091000   1.950316000   0.736721000   0.114177000
   0.041148000

 0.0040280  0.0000000  0.0000000  0.0000000 
 0.0314464  0.0000000  0.0000000  0.0000000 
 0.1368317  0.0000000  0.0000000  0.0000000 
 0.3487236  0.0000000  0.0000000  0.0000000 
 0.4617931  0.0000000  0.0000000  0.0000000 
 0.2043058  0.0000000  0.0000000  0.0000000 
 0.0000000 -0.0070171  0.0000000  0.0000000 
 0.0000000 -0.0287766  0.0000000  0.0000000 
 0.0000000  0.0618138  0.0000000  0.0000000 
 0.0000000  0.3954946  0.0000000  0.0000000 
 0.0000000  0.4989059  0.0000000  0.0000000 
 0.0000000  0.1791251  0.0000000  0.0000000 
 0.0000000  0.0000000 -0.4593796  0.0000000 
 0.0000000  0.0000000  0.2852139  0.0000000 
 0.0000000  0.0000000  0.9076485  0.0000000 
 0.0000000  0.0000000  0.0000000  1.0000000 

 19.2960488121  5.0216501028  1.4414455281  0.3646837240

 0.1050074  0.0000000 
 0.4228007  0.0000000 
 0.6740867  0.0000000 
 0.0000000  1.0000000 

CO:m6-31G
EMSL BASIS SET LIBRARY

  3
    0    1    2
    5    4    2
   22   16    4

 66148.9900000 9933.07700000 2262.81600000 637.915400000 204.412200000
  69.825380000 1378.84100000 328.269400000 106.094600000  39.832750000
  16.186220000   6.667788000  54.523550000  18.297830000   7.867348000
   3.340534000   1.393756000   0.551326000   2.151947000   0.811063000
   0.121017000   0.043037000

 0.0017597  0.0000000  0.0000000  0.0000000  0.0000000 
 0.0134816  0.0000000  0.0000000  0.0000000  0.0000000 
 0.0664934  0.0000000  0.0000000  0.0000000  0.0000000 
 0.2307939  0.0000000  0.0000000  0.0000000  0.0000000 
 0.4792919  0.0000000  0.0000000  0.0000000  0.0000000 
 0.3514097  0.0000000  0.0000000  0.0000000  0.0000000 
 0.0000000  0.0023762  0.0000000  0.0000000  0.0000000 
 0.0000000  0.0316745  0.0000000  0.0000000  0.0000000 
 0.0000000  0.1262888  0.0000000  0.0000000  0.0000000 
 0.0000000 -0.0258455  0.0000000  0.0000000  0.0000000 
 0.0000000 -0.6183491  0.0000000  0.0000000  0.0000000 
 0.0000000 -0.4567008  0.0000000  0.0000000  0.0000000 
 0.0000000  0.0000000 -0.0039930  0.0000000  0.0000000 
 0.0000000  0.0000000  0.0740966  0.0000000  0.0000000 
 0.0000000  0.0000000  0.2542000  0.0000000  0.0000000 
 0.0000000  0.0000000 -0.2921657  0.0000000  0.0000000 
 0.0000000  0.0000000 -0.7318703  0.0000000  0.0000000 
 0.0000000  0.0000000 -0.2040784  0.0000000  0.0000000 
 0.0000000  0.0000000  0.0000000  0.0537984  0.0000000 
 0.0000000  0.0000000  0.0000000  0.2759971  0.0000000 
 0.0000000  0.0000000  0.0000000 -1.1296920  0.0000000 
 0.0000000  0.0000000  0.0000000  0.0000000  1.0000000 

 1378.84100000 328.269400000 106.094600000  39.832750000  16.186220000
   6.667788000  54.523550000  18.297830000   7.867348000   3.340534000
   1.393756000   0.551326000   2.151947000   0.811063000   0.121017000
   0.043037000

 0.0039714  0.0000000  0.0000000  0.0000000 
 0.0310817  0.0000000  0.0000000  0.0000000 
 0.1357439  0.0000000  0.0000000  0.0000000 
 0.3476827  0.0000000  0.0000000  0.0000000 
 0.4626340  0.0000000  0.0000000  0.0000000 
 0.2051632  0.0000000  0.0000000  0.0000000 
 0.0000000 -0.0072907  0.0000000  0.0000000 
 0.0000000 -0.0292602  0.0000000  0.0000000 
 0.0000000  0.0656415  0.0000000  0.0000000 
 0.0000000  0.4000652  0.0000000  0.0000000 
 0.0000000  0.4950236  0.0000000  0.0000000 
 0.0000000  0.1758240  0.0000000  0.0000000 
 0.0000000  0.0000000 -0.2165496  0.0000000 
 0.0000000  0.0000000  0.1240488  0.0000000 
 0.0000000  0.0000000  0.9724064  0.0000000 
 0.0000000  0.0000000  0.0000000  1.0000000 

 21.3342776067  5.5768194304  1.5985127182  0.3995329086

 0.1068275  0.0000000 
 0.4266878  0.0000000 
 0.6698677  0.0000000 
 0.0000000  1.0000000 

NI:m6-31G
EMSL BASIS SET LIBRARY

  3
    0    1    2
    5    4    2
   22   16    4

 71396.3500000 10720.8400000 2442.12900000 688.426500000 220.615300000
  75.393730000 1492.53200000 355.401300000 114.953400000  43.220430000
  17.597100000   7.257765000  59.352610000  20.021810000   8.614561000
   3.660531000   1.528111000   0.604057000   2.379276000   0.885839000
   0.128529000   0.045195000

 0.0017530  0.0000000  0.0000000  0.0000000  0.0000000 
 0.0134312  0.0000000  0.0000000  0.0000000  0.0000000 
 0.0662704  0.0000000  0.0000000  0.0000000  0.0000000 
 0.2302508  0.0000000  0.0000000  0.0000000  0.0000000 
 0.4790186  0.0000000  0.0000000  0.0000000  0.0000000 
 0.3523444  0.0000000  0.0000000  0.0000000  0.0000000 
 0.0000000  0.0023707  0.0000000  0.0000000  0.0000000 
 0.0000000  0.0316056  0.0000000  0.0000000  0.0000000 
 0.0000000  0.1266335  0.0000000  0.0000000  0.0000000 
 0.0000000 -0.0241703  0.0000000  0.0000000  0.0000000 
 0.0000000 -0.6187775  0.0000000  0.0000000  0.0000000 
 0.0000000 -0.4576770  0.0000000  0.0000000  0.0000000 
 0.0000000  0.0000000 -0.0041620  0.0000000  0.0000000 
 0.0000000  0.0000000  0.0742511  0.0000000  0.0000000 
 0.0000000  0.0000000  0.2541360  0.0000000  0.0000000 
 0.0000000  0.0000000 -0.2903477  0.0000000  0.0000000 
 0.0000000  0.0000000 -0.7302121  0.0000000  0.0000000 
 0.0000000  0.0000000 -0.2076057  0.0000000  0.0000000 
 0.0000000  0.0000000  0.0000000  0.0515788  0.0000000 
 0.0000000  0.0000000  0.0000000  0.2707611  0.0000000 
 0.0000000  0.0000000  0.0000000 -1.1247700  0.0000000 
 0.0000000  0.0000000  0.0000000  0.0000000  1.0000000 

 1492.53200000 355.401300000 114.953400000  43.220430000  17.597100000
   7.257765000  59.352610000  20.021810000   8.614561000   3.660531000
   1.528111000   0.604057000   2.379276000   0.885839000   0.128529000
   0.045195000

 0.0039675  0.0000000  0.0000000  0.0000000 
 0.0310947  0.0000000  0.0000000  0.0000000 
 0.1359517  0.0000000  0.0000000  0.0000000 
 0.3485136  0.0000000  0.0000000  0.0000000 
 0.4625498  0.0000000  0.0000000  0.0000000 
 0.2035186  0.0000000  0.0000000  0.0000000 
 0.0000000 -0.0074214  0.0000000  0.0000000 
 0.0000000 -0.0295341  0.0000000  0.0000000 
 0.0000000  0.0673185  0.0000000  0.0000000 
 0.0000000  0.4016660  0.0000000  0.0000000 
 0.0000000  0.4926623  0.0000000  0.0000000 
 0.0000000  0.1756893  0.0000000  0.0000000 
 0.0000000  0.0000000 -0.1887663  0.0000000 
 0.0000000  0.0000000  0.1015199  0.0000000 
 0.0000000  0.0000000  0.9790906  0.0000000 
 0.0000000  0.0000000  0.0000000  1.0000000 

 23.4797449981  6.1618058722  1.7645451103  0.4366865521

 0.1083435  0.0000000 
 0.4298776  0.0000000 
 0.6663191  0.0000000 
 0.0000000  1.0000000 

CU:m6-31G
EMSL BASIS SET LIBRARY

  3
    0    1    2
    5    4    2
   22   16    4

 76794.3800000 11530.7000000 2626.57500000 740.490300000 237.352800000
  81.158180000 1610.81400000 383.636700000 124.173300000  46.746780000
  19.065690000   7.871567000  64.457320000  21.852120000   9.405343000
   3.999168000   1.670297000   0.659627000   2.600088000   0.963094000
   0.136161000   0.047332000

 0.0017481  0.0000000  0.0000000  0.0000000  0.0000000 
 0.0133960  0.0000000  0.0000000  0.0000000  0.0000000 
 0.0661088  0.0000000  0.0000000  0.0000000  0.0000000 
 0.2298265  0.0000000  0.0000000  0.0000000  0.0000000 
 0.4787675  0.0000000  0.0000000  0.0000000  0.0000000 
 0.3530739  0.0000000  0.0000000  0.0000000  0.0000000 
 0.0000000  0.0023640  0.0000000  0.0000000  0.0000000 
 0.0000000  0.0315363  0.0000000  0.0000000  0.0000000 
 0.0000000  0.1269452  0.0000000  0.0000000  0.0000000 
 0.0000000 -0.0226284  0.0000000  0.0000000  0.0000000 
 0.0000000 -0.6192080  0.0000000  0.0000000  0.0000000 
 0.0000000 -0.4585393  0.0000000  0.0000000  0.0000000 
 0.0000000  0.0000000 -0.0043310  0.0000000  0.0000000 
 0.0000000  0.0000000  0.0741230  0.0000000  0.0000000 
 0.0000000  0.0000000  0.2542108  0.0000000  0.0000000 
 0.0000000  0.0000000 -0.2874843  0.0000000  0.0000000 
 0.0000000  0.0000000 -0.7291436  0.0000000  0.0000000 
 0.0000000  0.0000000 -0.2113951  0.0000000  0.0000000 
 0.0000000  0.0000000  0.0000000  0.0502757  0.0000000 
 0.0000000  0.0000000  0.0000000  0.2650040  0.0000000 
 0.0000000  0.0000000  0.0000000 -1.1201550  0.0000000 
 0.0000000  0.0000000  0.0000000  0.0000000  1.0000000 

 1610.81400000 383.636700000 124.173300000  46.746780000  19.065690000
   7.871567000  64.457320000  21.852120000   9.405343000   3.999168000
   1.670297000   0.659627000   2.600088000   0.963094000   0.136161000
   0.047332000

 0.0039633  0.0000000  0.0000000  0.0000000 
 0.0311022  0.0000000  0.0000000  0.0000000 
 0.1361350  0.0000000  0.0000000  0.0000000 
 0.3492914  0.0000000  0.0000000  0.0000000 
 0.4624780  0.0000000  0.0000000  0.0000000 
 0.2020102  0.0000000  0.0000000  0.0000000 
 0.0000000 -0.0075237  0.0000000  0.0000000 
 0.0000000 -0.0297568  0.0000000  0.0000000 
 0.0000000  0.0684965  0.0000000  0.0000000 
 0.0000000  0.4027141  0.0000000  0.0000000 
 0.0000000  0.4908490  0.0000000  0.0000000 
 0.0000000  0.1759268  0.0000000  0.0000000 
 0.0000000  0.0000000 -0.1702911  0.0000000 
 0.0000000  0.0000000  0.0931013  0.0000000 
 0.0000000  0.0000000  0.9814336  0.0000000 
 0.0000000  0.0000000  0.0000000  1.0000000 

 23.7507076365  6.2001031538  1.7193642175  0.3881782772

 0.1176454  0.0000000 
 0.4444063  0.0000000 
 0.6546667  0.0000000 
 0.0000000  1.0000000 




