!  maug-cc-pVQZ  EMSL  Basis Set Exchange Library   3/19/13 6:14 PM
! Elements                             References
! --------                             ----------
! H-Ar: E. Papajak, H. R. Leverentz, J. Zheng, and D. G. Truhlar, J. Chem. Theory Comput. 5, 1197-1202 (2009).
! H-Ar: E. Papajak, D. G. Truhlar, J. Chem. Theory Comput. 6, 597 (2010).
! H, Li-Ne: T.H. Dunning, Jr., J. Chem. Phys. 90, 1007 (1989).
! He: D.E. Woon and T.H. Dunning, Jr., J. Chem. Phys. 100, 2975 (1994).
! B - F: R.A. Kendall, T.H. Dunning, Jr. and R.J. Harrison, J. Chem. Phys. 96, 6796 (1992).
! Na - Mg: D.E. Woon and T.H. Dunning, Jr., to be published .
! Al - Ar: D.E. Woon and T.H. Dunning, Jr., J. Chem. Phys. 98, 1358 (1993).
! Al - Ar: T.H. Dunning, Jr., K.A. Peterson and A.K. Wilson, J. Chem. Phys. 114, 9244 (2001).
! 



H:maug-cc-pVQZ
EMSL BASIS SET LIBRARY

  4
    0    1    2    3
    4    3    2    1
    6    3    2    1

    82.6400000    12.4100000     2.8240000     0.7977000     0.2581000
     0.0898900

 0.0020060  0.0000000  0.0000000  0.0000000 
 0.0153430  0.0000000  0.0000000  0.0000000 
 0.0755790  0.0000000  0.0000000  0.0000000 
 0.0000000  1.0000000  0.0000000  0.0000000 
 0.0000000  0.0000000  1.0000000  0.0000000 
 0.0000000  0.0000000  0.0000000  1.0000000 

     2.2920000     0.8380000     0.2920000

 1.0000000  0.0000000  0.0000000 
 0.0000000  1.0000000  0.0000000 
 0.0000000  0.0000000  1.0000000 

     2.0620000     0.6620000

 1.0000000  0.0000000 
 0.0000000  1.0000000 

     1.3970000

 1.0000000 

HE:maug-cc-pVQZ
EMSL BASIS SET LIBRARY

  4
    0    1    2    3
    4    3    2    1
    7    3    2    1

   528.5000000    79.3100000    18.0500000     5.0850000     1.6090000
     0.5363000     0.1833000

 0.0009400  0.0000000  0.0000000  0.0000000 
 0.0072140  0.0000000  0.0000000  0.0000000 
 0.0359750  0.0000000  0.0000000  0.0000000 
 0.1277820  0.0000000  0.0000000  0.0000000 
 0.0000000  1.0000000  0.0000000  0.0000000 
 0.0000000  0.0000000  1.0000000  0.0000000 
 0.0000000  0.0000000  0.0000000  1.0000000 

     5.9940000     1.7450000     0.5600000

 1.0000000  0.0000000  0.0000000 
 0.0000000  1.0000000  0.0000000 
 0.0000000  0.0000000  1.0000000 

     4.2990000     1.2230000

 1.0000000  0.0000000 
 0.0000000  1.0000000 

     2.6800000

 1.0000000 

LI:maug-cc-pVQZ
EMSL BASIS SET LIBRARY

  5
    0    1    2    3    4
    6    5    3    2    1
   13    7    3    2    1

  6601.0000000   989.7000000   225.7000000    64.2900000    21.1800000
     7.7240000     3.0030000     1.2120000     0.4930000     0.0951500
     0.0479100     0.0222000     0.0063600

 0.0001170 -0.0000180  0.0000000  0.0000000  0.0000000  0.0000000 
 0.0009110 -0.0001420  0.0000000  0.0000000  0.0000000  0.0000000 
 0.0047280 -0.0007410  0.0000000  0.0000000  0.0000000  0.0000000 
 0.0191970 -0.0030200  0.0000000  0.0000000  0.0000000  0.0000000 
 0.0630470 -0.0101230  0.0000000  0.0000000  0.0000000  0.0000000 
 0.1632080 -0.0270940  0.0000000  0.0000000  0.0000000  0.0000000 
 0.3148270 -0.0573590  0.0000000  0.0000000  0.0000000  0.0000000 
 0.3939360 -0.0938950  0.0000000  0.0000000  0.0000000  0.0000000 
 0.1969180 -0.1210910  0.0000000  0.0000000  0.0000000  0.0000000 
 0.0000000  0.0000000  1.0000000  0.0000000  0.0000000  0.0000000 
 0.0000000  0.0000000  0.0000000  1.0000000  0.0000000  0.0000000 
 0.0000000  0.0000000  0.0000000  0.0000000  1.0000000  0.0000000 
 0.0000000  0.0000000  0.0000000  0.0000000  0.0000000  1.0000000 

     6.2500000     1.3700000     0.3672000     0.1192000     0.0447400
     0.0179500     0.0075600

 0.0033880  0.0000000  0.0000000  0.0000000  0.0000000 
 0.0193160  0.0000000  0.0000000  0.0000000  0.0000000 
 0.0791040  0.0000000  0.0000000  0.0000000  0.0000000 
 0.0000000  1.0000000  0.0000000  0.0000000  0.0000000 
 0.0000000  0.0000000  1.0000000  0.0000000  0.0000000 
 0.0000000  0.0000000  0.0000000  1.0000000  0.0000000 
 0.0000000  0.0000000  0.0000000  0.0000000  1.0000000 

     0.3440000     0.1530000     0.0680000

 1.0000000  0.0000000  0.0000000 
 0.0000000  1.0000000  0.0000000 
 0.0000000  0.0000000  1.0000000 

     0.2460000     0.1292000

 1.0000000  0.0000000 
 0.0000000  1.0000000 

     0.2380000

 1.0000000 

BE:maug-cc-pVQZ
EMSL BASIS SET LIBRARY

  5
    0    1    2    3    4
    6    5    3    2    1
   13    7    3    2    1

 14630.0000000  2191.0000000   498.2000000   140.9000000    45.8600000
    16.4700000     6.3190000     2.5350000     1.0350000     0.2528000
     0.1052000     0.0426100     0.0143900

 0.0000920 -0.0000170  0.0000000  0.0000000  0.0000000  0.0000000 
 0.0007130 -0.0001300  0.0000000  0.0000000  0.0000000  0.0000000 
 0.0037350 -0.0006790  0.0000000  0.0000000  0.0000000  0.0000000 
 0.0154680 -0.0028570  0.0000000  0.0000000  0.0000000  0.0000000 
 0.0528740 -0.0098130  0.0000000  0.0000000  0.0000000  0.0000000 
 0.1456940 -0.0286090  0.0000000  0.0000000  0.0000000  0.0000000 
 0.3026810 -0.0637600  0.0000000  0.0000000  0.0000000  0.0000000 
 0.4049360 -0.1172310  0.0000000  0.0000000  0.0000000  0.0000000 
 0.2223870 -0.1212020  0.0000000  0.0000000  0.0000000  0.0000000 
 0.0000000  0.0000000  1.0000000  0.0000000  0.0000000  0.0000000 
 0.0000000  0.0000000  0.0000000  1.0000000  0.0000000  0.0000000 
 0.0000000  0.0000000  0.0000000  0.0000000  1.0000000  0.0000000 
 0.0000000  0.0000000  0.0000000  0.0000000  0.0000000  1.0000000 

    14.0300000     3.1680000     0.9024000     0.3036000     0.1130000
     0.0428600     0.0065000

 0.0040990  0.0000000  0.0000000  0.0000000  0.0000000 
 0.0256260  0.0000000  0.0000000  0.0000000  0.0000000 
 0.1037680  0.0000000  0.0000000  0.0000000  0.0000000 
 0.0000000  1.0000000  0.0000000  0.0000000  0.0000000 
 0.0000000  0.0000000  1.0000000  0.0000000  0.0000000 
 0.0000000  0.0000000  0.0000000  1.0000000  0.0000000 
 0.0000000  0.0000000  0.0000000  0.0000000  1.0000000 

     1.0720000     0.4410000     0.1811000

 1.0000000  0.0000000  0.0000000 
 0.0000000  1.0000000  0.0000000 
 0.0000000  0.0000000  1.0000000 

     0.4810000     0.2550000

 1.0000000  0.0000000 
 0.0000000  1.0000000 

     0.4150000

 1.0000000 

B:maug-cc-pVQZ
EMSL BASIS SET LIBRARY

  5
    0    1    2    3    4
    6    5    3    2    1
   13    7    3    2    1

 23870.0000000  3575.0000000   812.8000000   229.7000000    74.6900000
    26.8100000    10.3200000     4.1780000     1.7270000     0.4704000
     0.1896000     0.0739400     0.0272100

 0.0000880 -0.0000180  0.0000000  0.0000000  0.0000000  0.0000000 
 0.0006870 -0.0001390  0.0000000  0.0000000  0.0000000  0.0000000 
 0.0036000 -0.0007250  0.0000000  0.0000000  0.0000000  0.0000000 
 0.0149490 -0.0030630  0.0000000  0.0000000  0.0000000  0.0000000 
 0.0514350 -0.0105810  0.0000000  0.0000000  0.0000000  0.0000000 
 0.1433020 -0.0313650  0.0000000  0.0000000  0.0000000  0.0000000 
 0.3009350 -0.0710120  0.0000000  0.0000000  0.0000000  0.0000000 
 0.4035260 -0.1321030  0.0000000  0.0000000  0.0000000  0.0000000 
 0.2253400 -0.1230720  0.0000000  0.0000000  0.0000000  0.0000000 
 0.0000000  0.0000000  1.0000000  0.0000000  0.0000000  0.0000000 
 0.0000000  0.0000000  0.0000000  1.0000000  0.0000000  0.0000000 
 0.0000000  0.0000000  0.0000000  0.0000000  1.0000000  0.0000000 
 0.0000000  0.0000000  0.0000000  0.0000000  0.0000000  1.0000000 

    22.2600000     5.0580000     1.4870000     0.5071000     0.1812000
     0.0646300     0.0187800

 0.0050950  0.0000000  0.0000000  0.0000000  0.0000000 
 0.0332060  0.0000000  0.0000000  0.0000000  0.0000000 
 0.1323140  0.0000000  0.0000000  0.0000000  0.0000000 
 0.0000000  1.0000000  0.0000000  0.0000000  0.0000000 
 0.0000000  0.0000000  1.0000000  0.0000000  0.0000000 
 0.0000000  0.0000000  0.0000000  1.0000000  0.0000000 
 0.0000000  0.0000000  0.0000000  0.0000000  1.0000000 

     1.1100000     0.4020000     0.1450000

 1.0000000  0.0000000  0.0000000 
 0.0000000  1.0000000  0.0000000 
 0.0000000  0.0000000  1.0000000 

     0.8820000     0.3110000

 1.0000000  0.0000000 
 0.0000000  1.0000000 

     0.6730000

 1.0000000 

C:maug-cc-pVQZ
EMSL BASIS SET LIBRARY

  5
    0    1    2    3    4
    6    5    3    2    1
   13    7    3    2    1

 33980.0000000  5089.0000000  1157.0000000   326.6000000   106.1000000
    38.1100000    14.7500000     6.0350000     2.5300000     0.7355000
     0.2905000     0.1111000     0.0414500

 0.0000910 -0.0000190  0.0000000  0.0000000  0.0000000  0.0000000 
 0.0007040 -0.0001510  0.0000000  0.0000000  0.0000000  0.0000000 
 0.0036930 -0.0007850  0.0000000  0.0000000  0.0000000  0.0000000 
 0.0153600 -0.0033240  0.0000000  0.0000000  0.0000000  0.0000000 
 0.0529290 -0.0115120  0.0000000  0.0000000  0.0000000  0.0000000 
 0.1470430 -0.0341600  0.0000000  0.0000000  0.0000000  0.0000000 
 0.3056310 -0.0771730  0.0000000  0.0000000  0.0000000  0.0000000 
 0.3993450 -0.1414930  0.0000000  0.0000000  0.0000000  0.0000000 
 0.2170510 -0.1180190  0.0000000  0.0000000  0.0000000  0.0000000 
 0.0000000  0.0000000  1.0000000  0.0000000  0.0000000  0.0000000 
 0.0000000  0.0000000  0.0000000  1.0000000  0.0000000  0.0000000 
 0.0000000  0.0000000  0.0000000  0.0000000  1.0000000  0.0000000 
 0.0000000  0.0000000  0.0000000  0.0000000  0.0000000  1.0000000 

    34.5100000     7.9150000     2.3680000     0.8132000     0.2890000
     0.1007000     0.0321800

 0.0053780  0.0000000  0.0000000  0.0000000  0.0000000 
 0.0361320  0.0000000  0.0000000  0.0000000  0.0000000 
 0.1424930  0.0000000  0.0000000  0.0000000  0.0000000 
 0.0000000  1.0000000  0.0000000  0.0000000  0.0000000 
 0.0000000  0.0000000  1.0000000  0.0000000  0.0000000 
 0.0000000  0.0000000  0.0000000  1.0000000  0.0000000 
 0.0000000  0.0000000  0.0000000  0.0000000  1.0000000 

     1.8480000     0.6490000     0.2280000

 1.0000000  0.0000000  0.0000000 
 0.0000000  1.0000000  0.0000000 
 0.0000000  0.0000000  1.0000000 

     1.4190000     0.4850000

 1.0000000  0.0000000 
 0.0000000  1.0000000 

     1.0110000

 1.0000000 

N:maug-cc-pVQZ
EMSL BASIS SET LIBRARY

  5
    0    1    2    3    4
    6    5    3    2    1
   13    7    3    2    1

 45840.0000000  6868.0000000  1563.0000000   442.4000000   144.3000000
    52.1800000    20.3400000     8.3810000     3.5290000     1.0540000
     0.4118000     0.1552000     0.0546400

 0.0000920 -0.0000200  0.0000000  0.0000000  0.0000000  0.0000000 
 0.0007170 -0.0001590  0.0000000  0.0000000  0.0000000  0.0000000 
 0.0037490 -0.0008240  0.0000000  0.0000000  0.0000000  0.0000000 
 0.0155320 -0.0034780  0.0000000  0.0000000  0.0000000  0.0000000 
 0.0531460 -0.0119660  0.0000000  0.0000000  0.0000000  0.0000000 
 0.1467870 -0.0353880  0.0000000  0.0000000  0.0000000  0.0000000 
 0.3046630 -0.0800770  0.0000000  0.0000000  0.0000000  0.0000000 
 0.3976840 -0.1467220  0.0000000  0.0000000  0.0000000  0.0000000 
 0.2176410 -0.1163600  0.0000000  0.0000000  0.0000000  0.0000000 
 0.0000000  0.0000000  1.0000000  0.0000000  0.0000000  0.0000000 
 0.0000000  0.0000000  0.0000000  1.0000000  0.0000000  0.0000000 
 0.0000000  0.0000000  0.0000000  0.0000000  1.0000000  0.0000000 
 0.0000000  0.0000000  0.0000000  0.0000000  0.0000000  1.0000000 

    49.3300000    11.3700000     3.4350000     1.1820000     0.4173000
     0.1428000     0.0440200

 0.0055330  0.0000000  0.0000000  0.0000000  0.0000000 
 0.0379620  0.0000000  0.0000000  0.0000000  0.0000000 
 0.1490280  0.0000000  0.0000000  0.0000000  0.0000000 
 0.0000000  1.0000000  0.0000000  0.0000000  0.0000000 
 0.0000000  0.0000000  1.0000000  0.0000000  0.0000000 
 0.0000000  0.0000000  0.0000000  1.0000000  0.0000000 
 0.0000000  0.0000000  0.0000000  0.0000000  1.0000000 

     2.8370000     0.9680000     0.3350000

 1.0000000  0.0000000  0.0000000 
 0.0000000  1.0000000  0.0000000 
 0.0000000  0.0000000  1.0000000 

     2.0270000     0.6850000

 1.0000000  0.0000000 
 0.0000000  1.0000000 

     1.4270000

 1.0000000 

O:maug-cc-pVQZ
EMSL BASIS SET LIBRARY

  5
    0    1    2    3    4
    6    5    3    2    1
   13    7    3    2    1

 61420.0000000  9199.0000000  2091.0000000   590.9000000   192.3000000
    69.3200000    26.9700000    11.1000000     4.6820000     1.4280000
     0.5547000     0.2067000     0.0695900

 0.0000900 -0.0000200  0.0000000  0.0000000  0.0000000  0.0000000 
 0.0006980 -0.0001590  0.0000000  0.0000000  0.0000000  0.0000000 
 0.0036640 -0.0008290  0.0000000  0.0000000  0.0000000  0.0000000 
 0.0152180 -0.0035080  0.0000000  0.0000000  0.0000000  0.0000000 
 0.0524230 -0.0121560  0.0000000  0.0000000  0.0000000  0.0000000 
 0.1459210 -0.0362610  0.0000000  0.0000000  0.0000000  0.0000000 
 0.3052580 -0.0829920  0.0000000  0.0000000  0.0000000  0.0000000 
 0.3985080 -0.1520900  0.0000000  0.0000000  0.0000000  0.0000000 
 0.2169800 -0.1153310  0.0000000  0.0000000  0.0000000  0.0000000 
 0.0000000  0.0000000  1.0000000  0.0000000  0.0000000  0.0000000 
 0.0000000  0.0000000  0.0000000  1.0000000  0.0000000  0.0000000 
 0.0000000  0.0000000  0.0000000  0.0000000  1.0000000  0.0000000 
 0.0000000  0.0000000  0.0000000  0.0000000  0.0000000  1.0000000 

    63.4200000    14.6600000     4.4590000     1.5310000     0.5302000
     0.1750000     0.0534800

 0.0060440  0.0000000  0.0000000  0.0000000  0.0000000 
 0.0417990  0.0000000  0.0000000  0.0000000  0.0000000 
 0.1611430  0.0000000  0.0000000  0.0000000  0.0000000 
 0.0000000  1.0000000  0.0000000  0.0000000  0.0000000 
 0.0000000  0.0000000  1.0000000  0.0000000  0.0000000 
 0.0000000  0.0000000  0.0000000  1.0000000  0.0000000 
 0.0000000  0.0000000  0.0000000  0.0000000  1.0000000 

     3.7750000     1.3000000     0.4440000

 1.0000000  0.0000000  0.0000000 
 0.0000000  1.0000000  0.0000000 
 0.0000000  0.0000000  1.0000000 

     2.6660000     0.8590000

 1.0000000  0.0000000 
 0.0000000  1.0000000 

     1.8460000

 1.0000000 

F:maug-cc-pVQZ
EMSL BASIS SET LIBRARY

  5
    0    1    2    3    4
    6    5    3    2    1
   13    7    3    2    1

 74530.0000000 11170.0000000  2543.0000000   721.0000000   235.9000000
    85.6000000    33.5500000    13.9300000     5.9150000     1.8430000
     0.7124000     0.2637000     0.0859400

 0.0000950 -0.0000220  0.0000000  0.0000000  0.0000000  0.0000000 
 0.0007380 -0.0001720  0.0000000  0.0000000  0.0000000  0.0000000 
 0.0038580 -0.0008910  0.0000000  0.0000000  0.0000000  0.0000000 
 0.0159260 -0.0037480  0.0000000  0.0000000  0.0000000  0.0000000 
 0.0542890 -0.0128620  0.0000000  0.0000000  0.0000000  0.0000000 
 0.1495130 -0.0380610  0.0000000  0.0000000  0.0000000  0.0000000 
 0.3082520 -0.0862390  0.0000000  0.0000000  0.0000000  0.0000000 
 0.3948530 -0.1558650  0.0000000  0.0000000  0.0000000  0.0000000 
 0.2110310 -0.1109140  0.0000000  0.0000000  0.0000000  0.0000000 
 0.0000000  0.0000000  1.0000000  0.0000000  0.0000000  0.0000000 
 0.0000000  0.0000000  0.0000000  1.0000000  0.0000000  0.0000000 
 0.0000000  0.0000000  0.0000000  0.0000000  1.0000000  0.0000000 
 0.0000000  0.0000000  0.0000000  0.0000000  0.0000000  1.0000000 

    80.3900000    18.6300000     5.6940000     1.9530000     0.6702000
     0.2166000     0.0656800

 0.0063470  0.0000000  0.0000000  0.0000000  0.0000000 
 0.0442040  0.0000000  0.0000000  0.0000000  0.0000000 
 0.1685140  0.0000000  0.0000000  0.0000000  0.0000000 
 0.0000000  1.0000000  0.0000000  0.0000000  0.0000000 
 0.0000000  0.0000000  1.0000000  0.0000000  0.0000000 
 0.0000000  0.0000000  0.0000000  1.0000000  0.0000000 
 0.0000000  0.0000000  0.0000000  0.0000000  1.0000000 

     5.0140000     1.7250000     0.5860000

 1.0000000  0.0000000  0.0000000 
 0.0000000  1.0000000  0.0000000 
 0.0000000  0.0000000  1.0000000 

     3.5620000     1.1480000

 1.0000000  0.0000000 
 0.0000000  1.0000000 

     2.3760000

 1.0000000 

NE:maug-cc-pVQZ
EMSL BASIS SET LIBRARY

  5
    0    1    2    3    4
    6    5    3    2    1
   13    7    3    2    1

 99920.0000000 14960.0000000  3399.0000000   958.9000000   311.2000000
   111.7000000    43.3200000    17.8000000     7.5030000     2.3370000
     0.9001000     0.3301000     0.1054000

 0.0000860 -0.0000200  0.0000000  0.0000000  0.0000000  0.0000000 
 0.0006690 -0.0001580  0.0000000  0.0000000  0.0000000  0.0000000 
 0.0035180 -0.0008240  0.0000000  0.0000000  0.0000000  0.0000000 
 0.0146670 -0.0035000  0.0000000  0.0000000  0.0000000  0.0000000 
 0.0509620 -0.0122330  0.0000000  0.0000000  0.0000000  0.0000000 
 0.1437440 -0.0370170  0.0000000  0.0000000  0.0000000  0.0000000 
 0.3045620 -0.0861130  0.0000000  0.0000000  0.0000000  0.0000000 
 0.4001050 -0.1583810  0.0000000  0.0000000  0.0000000  0.0000000 
 0.2186440 -0.1142880  0.0000000  0.0000000  0.0000000  0.0000000 
 0.0000000  0.0000000  1.0000000  0.0000000  0.0000000  0.0000000 
 0.0000000  0.0000000  0.0000000  1.0000000  0.0000000  0.0000000 
 0.0000000  0.0000000  0.0000000  0.0000000  1.0000000  0.0000000 
 0.0000000  0.0000000  0.0000000  0.0000000  0.0000000  1.0000000 

    99.6800000    23.1500000     7.1080000     2.4410000     0.8339000
     0.2662000     0.0817800

 0.0065660  0.0000000  0.0000000  0.0000000  0.0000000 
 0.0459790  0.0000000  0.0000000  0.0000000  0.0000000 
 0.1734190  0.0000000  0.0000000  0.0000000  0.0000000 
 0.0000000  1.0000000  0.0000000  0.0000000  0.0000000 
 0.0000000  0.0000000  1.0000000  0.0000000  0.0000000 
 0.0000000  0.0000000  0.0000000  1.0000000  0.0000000 
 0.0000000  0.0000000  0.0000000  0.0000000  1.0000000 

     6.4710000     2.2130000     0.7470000

 1.0000000  0.0000000  0.0000000 
 0.0000000  1.0000000  0.0000000 
 0.0000000  0.0000000  1.0000000 

     4.6570000     1.5240000

 1.0000000  0.0000000 
 0.0000000  1.0000000 

     2.9830000

 1.0000000 

NA:maug-cc-pVQZ
EMSL BASIS SET LIBRARY

  5
    0    1    2    3    4
    7    6    3    2    1
   20   13    3    2    1

 1224000.00000 183200.000000 41700.0000000 11810.0000000  3853.0000000
  1391.0000000   542.5000000   224.9000000    97.9300000    44.3100000
    20.6500000     9.7290000     4.2280000     1.9690000     0.8890000
     0.3964000     0.0699300     0.0328900     0.0161200     0.0050300

 .47889E-5 -.11696E-5  .17587E-6  0.0000000  0.0000000  0.0000000  0.0000000 
  .3724E-4 -.90911E-5  .13659E-5  0.0000000  0.0000000  0.0000000  0.0000000 
 .19583E-3  -.4785E-4   .7198E-5  0.0000000  0.0000000  0.0000000  0.0000000 
  .8267E-3 -.20196E-3  .30335E-4  0.0000000  0.0000000  0.0000000  0.0000000 
 .30025E-2 -.73584E-3  .11075E-3  0.0000000  0.0000000  0.0000000  0.0000000 
 .97031E-2 -.23875E-2   .3586E-3  0.0000000  0.0000000  0.0000000  0.0000000 
 .28234E-1 -.70497E-2  .10627E-2  0.0000000  0.0000000  0.0000000  0.0000000 
 .73206E-1 -.18786E-1  .28269E-2  0.0000000  0.0000000  0.0000000  0.0000000 
   .1629E0 -.44615E-1  .67674E-2  0.0000000  0.0000000  0.0000000  0.0000000 
  .28871E0 -.89774E-1  .13648E-1  0.0000000  0.0000000  0.0000000  0.0000000 
  .34683E0  -.14294E0  .22281E-1  0.0000000  0.0000000  0.0000000  0.0000000 
  .20686E0  -.12432E0  .19601E-1  0.0000000  0.0000000  0.0000000  0.0000000 
 .32801E-1  .99965E-1 -.16771E-1  0.0000000  0.0000000  0.0000000  0.0000000 
-.64774E-3   .41708E0 -.77373E-1  0.0000000  0.0000000  0.0000000  0.0000000 
 .14588E-2   .47512E0   -.1135E0  0.0000000  0.0000000  0.0000000  0.0000000 
-.17835E-3   .16327E0  -.13913E0  0.0000000  0.0000000  0.0000000  0.0000000 
 0.0000000  0.0000000  0.0000000  1.0000000  0.0000000  0.0000000  0.0000000 
 0.0000000  0.0000000  0.0000000  0.0000000  1.0000000  0.0000000  0.0000000 
 0.0000000  0.0000000  0.0000000  0.0000000  0.0000000  1.0000000  0.0000000 
 0.0000000  0.0000000  0.0000000  0.0000000  0.0000000  0.0000000  1.0000000 

   413.4000000    97.9800000    31.3700000    11.6200000     4.6710000
     1.9180000     0.7775000     0.3013000     0.2275000     0.0752700
     0.0312600     0.0134200     0.0077200

  .9082E-3 -.90174E-4  0.0000000  0.0000000  0.0000000  0.0000000 
 .74177E-2 -.73934E-3  0.0000000  0.0000000  0.0000000  0.0000000 
 .35746E-1 -.35731E-2  0.0000000  0.0000000  0.0000000  0.0000000 
  .11852E0 -.12014E-1  0.0000000  0.0000000  0.0000000  0.0000000 
   .2614E0 -.26718E-1  0.0000000  0.0000000  0.0000000  0.0000000 
   .3784E0 -.39275E-1  0.0000000  0.0000000  0.0000000  0.0000000 
  .33463E0 -.37608E-1  0.0000000  0.0000000  0.0000000  0.0000000 
  .12684E0 -.43323E-1  0.0000000  0.0000000  0.0000000  0.0000000 
-.14712E-1    .518E-1  0.0000000  0.0000000  0.0000000  0.0000000 
 0.0000000  0.0000000  1.0000000  0.0000000  0.0000000  0.0000000 
 0.0000000  0.0000000  0.0000000  1.0000000  0.0000000  0.0000000 
 0.0000000  0.0000000  0.0000000  0.0000000  1.0000000  0.0000000 
 0.0000000  0.0000000  0.0000000  0.0000000  0.0000000  1.0000000 

     0.1538000     0.0865000     0.0487000

 1.0000000  0.0000000  0.0000000 
 0.0000000  1.0000000  0.0000000 
 0.0000000  0.0000000  1.0000000 

     0.1912000     0.1036000

 1.0000000  0.0000000 
 0.0000000  1.0000000 

     0.1722000

 1.0000000 

MG:maug-cc-pVQZ
EMSL BASIS SET LIBRARY

  5
    0    1    2    3    4
    7    6    3    2    1
   17   13    3    2    1

 327600.000000 49050.0000000 11150.0000000  3152.0000000  1025.0000000
   368.8000000   143.2000000    58.9600000    25.4000000    11.1500000
     4.0040000     1.7010000     0.7060000     0.1410000     0.0680800
     0.0306300     0.0123900

 .30961E-4 -.78317E-5  .15091E-5  0.0000000  0.0000000  0.0000000  0.0000000 
 .24095E-3 -.60794E-4  .11713E-4  0.0000000  0.0000000  0.0000000  0.0000000 
 .12666E-2  -.3212E-3  .61898E-4  0.0000000  0.0000000  0.0000000  0.0000000 
 .53336E-2 -.13496E-2  .26009E-3  0.0000000  0.0000000  0.0000000  0.0000000 
 .19077E-1 -.49057E-2  .94622E-3  0.0000000  0.0000000  0.0000000  0.0000000 
 .58806E-1 -.15356E-1   .2966E-2  0.0000000  0.0000000  0.0000000  0.0000000 
  .15145E0 -.42341E-1  .82124E-2  0.0000000  0.0000000  0.0000000  0.0000000 
  .30072E0  -.9406E-1  .18398E-1  0.0000000  0.0000000  0.0000000  0.0000000 
  .38115E0  -.16342E0  .32666E-1  0.0000000  0.0000000  0.0000000  0.0000000 
  .21358E0  -.12475E0  .25732E-1  0.0000000  0.0000000  0.0000000  0.0000000 
 .23121E-1   .23562E0 -.53535E-1  0.0000000  0.0000000  0.0000000  0.0000000 
-.23076E-2   .57756E0   -.1569E0  0.0000000  0.0000000  0.0000000  0.0000000 
  .1289E-2   .33523E0  -.20666E0  0.0000000  0.0000000  0.0000000  0.0000000 
 0.0000000  0.0000000  0.0000000  1.0000000  0.0000000  0.0000000  0.0000000 
 0.0000000  0.0000000  0.0000000  0.0000000  1.0000000  0.0000000  0.0000000 
 0.0000000  0.0000000  0.0000000  0.0000000  0.0000000  1.0000000  0.0000000 
 0.0000000  0.0000000  0.0000000  0.0000000  0.0000000  0.0000000  1.0000000 

   539.6000000   127.9000000    41.0200000    15.2500000     6.1660000
     2.5610000     1.0600000     0.4176000     0.2690000     0.1223000
     0.0547600     0.0238800     0.0070600

 .83397E-3 -.13208E-3  0.0000000  0.0000000  0.0000000  0.0000000 
 .68922E-2 -.10954E-2  0.0000000  0.0000000  0.0000000  0.0000000 
 .33787E-1  -.5395E-2  0.0000000  0.0000000  0.0000000  0.0000000 
   .1144E0 -.18557E-1  0.0000000  0.0000000  0.0000000  0.0000000 
  .25951E0 -.42738E-1  0.0000000  0.0000000  0.0000000  0.0000000 
   .3851E0 -.64768E-1  0.0000000  0.0000000  0.0000000  0.0000000 
  .33537E0 -.62782E-1  0.0000000  0.0000000  0.0000000  0.0000000 
  .11064E0 -.24491E-1  0.0000000  0.0000000  0.0000000  0.0000000 
-.12132E-1   .10476E0  0.0000000  0.0000000  0.0000000  0.0000000 
 0.0000000  0.0000000  1.0000000  0.0000000  0.0000000  0.0000000 
 0.0000000  0.0000000  0.0000000  1.0000000  0.0000000  0.0000000 
 0.0000000  0.0000000  0.0000000  0.0000000  1.0000000  0.0000000 
 0.0000000  0.0000000  0.0000000  0.0000000  0.0000000  1.0000000 

     0.1060000     0.1944000     0.3570000

 1.0000000  0.0000000  0.0000000 
 0.0000000  1.0000000  0.0000000 
 0.0000000  0.0000000  1.0000000 

     0.1810000     0.3590000

 1.0000000  0.0000000 
 0.0000000  1.0000000 

     0.3070000

 1.0000000 

AL:maug-cc-pVQZ
EMSL BASIS SET LIBRARY

  5
    0    1    2    3    4
    7    6    3    2    1
   17   12    3    2    1

 419600.000000 62830.0000000 14290.0000000  4038.0000000  1312.0000000
   470.5000000   181.8000000    74.4600000    31.9000000    13.9600000
     5.1800000     2.2650000     0.9664000     0.2447000     0.1184000
     0.0502100     0.0183000

 .27822E-4 -.72375E-5  .16715E-5  0.0000000  0.0000000  0.0000000  0.0000000 
 .21633E-3 -.56173E-4  .12964E-4  0.0000000  0.0000000  0.0000000  0.0000000 
 .11375E-2 -.29653E-3   .6851E-4  0.0000000  0.0000000  0.0000000  0.0000000 
 .47964E-2 -.12491E-2  .28827E-3  0.0000000  0.0000000  0.0000000  0.0000000 
 .17239E-1  -.4551E-2  .10528E-2  0.0000000  0.0000000  0.0000000  0.0000000 
 .53807E-1 -.14439E-1  .33388E-2  0.0000000  0.0000000  0.0000000  0.0000000 
  .14133E0 -.40346E-1  .93922E-2  0.0000000  0.0000000  0.0000000  0.0000000 
  .28927E0 -.92262E-1  .21605E-1  0.0000000  0.0000000  0.0000000  0.0000000 
  .38482E0  -.16451E0  .39587E-1  0.0000000  0.0000000  0.0000000  0.0000000 
  .23285E0   -.1413E0  .34918E-1  0.0000000  0.0000000  0.0000000  0.0000000 
 .29333E-1   .19536E0 -.52842E-1  0.0000000  0.0000000  0.0000000  0.0000000 
-.30057E-2   .57248E0  -.19188E0  0.0000000  0.0000000  0.0000000  0.0000000 
 .16667E-2   .37404E0  -.25412E0  0.0000000  0.0000000  0.0000000  0.0000000 
 0.0000000  0.0000000  0.0000000  1.0000000  0.0000000  0.0000000  0.0000000 
 0.0000000  0.0000000  0.0000000  0.0000000  1.0000000  0.0000000  0.0000000 
 0.0000000  0.0000000  0.0000000  0.0000000  0.0000000  1.0000000  0.0000000 
 0.0000000  0.0000000  0.0000000  0.0000000  0.0000000  0.0000000  1.0000000 

   891.3000000   211.3000000    68.2800000    25.7000000    10.6300000
     4.6020000     2.0150000     0.8706000     0.2972000     0.1100000
     0.0398900     0.0121000

 .49176E-3  -.8887E-4  0.0000000  0.0000000  0.0000000  0.0000000 
 .41584E-2 -.74582E-3  0.0000000  0.0000000  0.0000000  0.0000000 
 .21254E-1 -.38702E-2  0.0000000  0.0000000  0.0000000  0.0000000 
 .76406E-1 -.13935E-1  0.0000000  0.0000000  0.0000000  0.0000000 
  .19428E0 -.36686E-1  0.0000000  0.0000000  0.0000000  0.0000000 
  .33443E0  -.6278E-1  0.0000000  0.0000000  0.0000000  0.0000000 
  .37503E0  -.7896E-1  0.0000000  0.0000000  0.0000000  0.0000000 
  .20404E0 -.28859E-1  0.0000000  0.0000000  0.0000000  0.0000000 
 0.0000000  0.0000000  1.0000000  0.0000000  0.0000000  0.0000000 
 0.0000000  0.0000000  0.0000000  1.0000000  0.0000000  0.0000000 
 0.0000000  0.0000000  0.0000000  0.0000000  1.0000000  0.0000000 
 0.0000000  0.0000000  0.0000000  0.0000000  0.0000000  1.0000000 

     0.0804000     0.1990000     0.4940000

 1.0000000  0.0000000  0.0000000 
 0.0000000  1.0000000  0.0000000 
 0.0000000  0.0000000  1.0000000 

     0.1540000     0.4010000

 1.0000000  0.0000000 
 0.0000000  1.0000000 

     0.3570000

 1.0000000 

SI:maug-cc-pVQZ
EMSL BASIS SET LIBRARY

  5
    0    1    2    3    4
    7    6    3    2    1
   17   12    3    2    1

 513000.000000 76820.0000000 17470.0000000  4935.0000000  1602.0000000
   574.1000000   221.5000000    90.5400000    38.7400000    16.9500000
     6.4520000     2.8740000     1.2500000     0.3599000     0.1699000
     0.0706600     0.0275000

 .26092E-4 -.69488E-5  .17807E-5  0.0000000  0.0000000  0.0000000  0.0000000 
  .2029E-3 -.53964E-4  .13815E-4  0.0000000  0.0000000  0.0000000  0.0000000 
 .10672E-2 -.28472E-3     .73E-4  0.0000000  0.0000000  0.0000000  0.0000000 
  .4506E-2  -.1202E-2  .30767E-3  0.0000000  0.0000000  0.0000000  0.0000000 
 .16236E-1  -.4384E-2  .11256E-2  0.0000000  0.0000000  0.0000000  0.0000000 
 .50891E-1 -.13978E-1  .35844E-2  0.0000000  0.0000000  0.0000000  0.0000000 
  .13516E0 -.39352E-1  .10173E-1  0.0000000  0.0000000  0.0000000  0.0000000 
  .28129E0 -.91428E-1  .23752E-1  0.0000000  0.0000000  0.0000000  0.0000000 
  .38534E0  -.16561E0  .44348E-1  0.0000000  0.0000000  0.0000000  0.0000000 
  .24565E0   -.1525E0  .41904E-1  0.0000000  0.0000000  0.0000000  0.0000000 
 .34314E-1   .16852E0  -.5025E-1  0.0000000  0.0000000  0.0000000  0.0000000 
-.33488E-2   .56928E0  -.21658E0  0.0000000  0.0000000  0.0000000  0.0000000 
 .18762E-2   .39806E0  -.28645E0  0.0000000  0.0000000  0.0000000  0.0000000 
 0.0000000  0.0000000  0.0000000  1.0000000  0.0000000  0.0000000  0.0000000 
 0.0000000  0.0000000  0.0000000  0.0000000  1.0000000  0.0000000  0.0000000 
 0.0000000  0.0000000  0.0000000  0.0000000  0.0000000  1.0000000  0.0000000 
 0.0000000  0.0000000  0.0000000  0.0000000  0.0000000  0.0000000  1.0000000 

  1122.0000000   266.0000000    85.9200000    32.3300000    13.3700000
     5.8000000     2.5590000     1.1240000     0.3988000     0.1533000
     0.0572800     0.0200000

 .44814E-3 -.96488E-4  0.0000000  0.0000000  0.0000000  0.0000000 
 .38164E-2 -.81197E-3  0.0000000  0.0000000  0.0000000  0.0000000 
  .1981E-1 -.43009E-2  0.0000000  0.0000000  0.0000000  0.0000000 
 .72702E-1  -.1575E-1  0.0000000  0.0000000  0.0000000  0.0000000 
  .18984E0 -.42954E-1  0.0000000  0.0000000  0.0000000  0.0000000 
  .33567E0 -.75257E-1  0.0000000  0.0000000  0.0000000  0.0000000 
  .37936E0 -.97145E-1  0.0000000  0.0000000  0.0000000  0.0000000 
  .20119E0 -.22751E-1  0.0000000  0.0000000  0.0000000  0.0000000 
 0.0000000  0.0000000  1.0000000  0.0000000  0.0000000  0.0000000 
 0.0000000  0.0000000  0.0000000  1.0000000  0.0000000  0.0000000 
 0.0000000  0.0000000  0.0000000  0.0000000  1.0000000  0.0000000 
 0.0000000  0.0000000  0.0000000  0.0000000  0.0000000  1.0000000 

     0.1200000     0.3020000     0.7600000

 1.0000000  0.0000000  0.0000000 
 0.0000000  1.0000000  0.0000000 
 0.0000000  0.0000000  1.0000000 

     0.2120000     0.5410000

 1.0000000  0.0000000 
 0.0000000  1.0000000 

     0.4610000

 1.0000000 

P:maug-cc-pVQZ
EMSL BASIS SET LIBRARY

  5
    0    1    2    3    4
    7    6    3    2    1
   17   12    3    2    1

 615200.000000 92120.0000000 20950.0000000  5920.0000000  1922.0000000
   688.0000000   265.0000000   108.2000000    46.2200000    20.2300000
     7.8590000     3.5470000     1.5640000     0.4888000     0.2266000
     0.0933100     0.0354000

 .24745E-4  -.6722E-5  .18474E-5  0.0000000  0.0000000  0.0000000  0.0000000 
 .19246E-3 -.52231E-4  .14338E-4  0.0000000  0.0000000  0.0000000  0.0000000 
  .1012E-2 -.27536E-3  .75723E-4  0.0000000  0.0000000  0.0000000  0.0000000 
 .42726E-2 -.11631E-2   .3192E-3  0.0000000  0.0000000  0.0000000  0.0000000 
 .15416E-1 -.42428E-2  .11685E-2  0.0000000  0.0000000  0.0000000  0.0000000 
 .48598E-1 -.13611E-1  .37427E-2  0.0000000  0.0000000  0.0000000  0.0000000 
  .13006E0 -.38511E-1  .10682E-1  0.0000000  0.0000000  0.0000000  0.0000000 
  .27451E0 -.90664E-1  .25266E-1  0.0000000  0.0000000  0.0000000  0.0000000 
   .3854E0  -.16658E0  .47928E-1  0.0000000  0.0000000  0.0000000  0.0000000 
  .25593E0  -.16145E0   .4771E-1  0.0000000  0.0000000  0.0000000  0.0000000 
 .39124E-1   .14678E0 -.46652E-1  0.0000000  0.0000000  0.0000000  0.0000000 
-.36801E-2   .56668E0  -.23497E0  0.0000000  0.0000000  0.0000000  0.0000000 
 .20821E-2   .41643E0  -.31134E0  0.0000000  0.0000000  0.0000000  0.0000000 
 0.0000000  0.0000000  0.0000000  1.0000000  0.0000000  0.0000000  0.0000000 
 0.0000000  0.0000000  0.0000000  0.0000000  1.0000000  0.0000000  0.0000000 
 0.0000000  0.0000000  0.0000000  0.0000000  0.0000000  1.0000000  0.0000000 
 0.0000000  0.0000000  0.0000000  0.0000000  0.0000000  0.0000000  1.0000000 

  1367.0000000   324.0000000   104.6000000    39.3700000    16.2600000
     7.0560000     3.1300000     1.3940000     0.5179000     0.2032000
     0.0769800     0.0272000

 .42102E-3 -.10083E-3  0.0000000  0.0000000  0.0000000  0.0000000 
 .36098E-2  -.8545E-3  0.0000000  0.0000000  0.0000000  0.0000000 
 .18922E-1 -.45712E-2  0.0000000  0.0000000  0.0000000  0.0000000 
 .70556E-1 -.17033E-1  0.0000000  0.0000000  0.0000000  0.0000000 
  .18816E0  -.4752E-1  0.0000000  0.0000000  0.0000000  0.0000000 
  .33871E0 -.85279E-1  0.0000000  0.0000000  0.0000000  0.0000000 
  .38194E0  -.10968E0  0.0000000  0.0000000  0.0000000  0.0000000 
  .19526E0 -.16118E-1  0.0000000  0.0000000  0.0000000  0.0000000 
 0.0000000  0.0000000  1.0000000  0.0000000  0.0000000  0.0000000 
 0.0000000  0.0000000  0.0000000  1.0000000  0.0000000  0.0000000 
 0.0000000  0.0000000  0.0000000  0.0000000  1.0000000  0.0000000 
 0.0000000  0.0000000  0.0000000  0.0000000  0.0000000  1.0000000 

     0.1650000     0.4130000     1.0360000

 1.0000000  0.0000000  0.0000000 
 0.0000000  1.0000000  0.0000000 
 0.0000000  0.0000000  1.0000000 

     0.2800000     0.7030000

 1.0000000  0.0000000 
 0.0000000  1.0000000 

     0.5970000

 1.0000000 

S:maug-cc-pVQZ
EMSL BASIS SET LIBRARY

  5
    0    1    2    3    4
    7    6    3    2    1
   17   12    3    2    1

 727800.000000 109000.000000 24800.0000000  7014.0000000  2278.0000000
   814.7000000   313.4000000   127.7000000    54.4800000    23.8500000
     9.4280000     4.2900000     1.9090000     0.6270000     0.2873000
     0.1172000     0.0428000

 .23602E-4 -.65218E-5  .18941E-5  0.0000000  0.0000000  0.0000000  0.0000000 
 .18348E-3 -.50663E-4  .14695E-4  0.0000000  0.0000000  0.0000000  0.0000000 
 .96428E-3 -.26683E-3  .77546E-4  0.0000000  0.0000000  0.0000000  0.0000000 
 .40654E-2  -.1126E-2  .32651E-3  0.0000000  0.0000000  0.0000000  0.0000000 
 .14697E-1 -.41119E-2  .11969E-2  0.0000000  0.0000000  0.0000000  0.0000000 
 .46508E-1 -.13245E-1   .3848E-2  0.0000000  0.0000000  0.0000000  0.0000000 
  .12551E0   -.377E-1  .11054E-1  0.0000000  0.0000000  0.0000000  0.0000000 
  .26843E0 -.89855E-1  .26464E-1  0.0000000  0.0000000  0.0000000  0.0000000 
  .38481E0   -.1671E0  .50877E-1  0.0000000  0.0000000  0.0000000  0.0000000 
  .26537E0  -.16935E0  .53003E-1  0.0000000  0.0000000  0.0000000  0.0000000 
 .43733E-1   .12782E0 -.42552E-1  0.0000000  0.0000000  0.0000000  0.0000000 
-.37881E-2   .56486E0  -.25085E0  0.0000000  0.0000000  0.0000000  0.0000000 
 .21808E-2   .43177E0  -.33315E0  0.0000000  0.0000000  0.0000000  0.0000000 
 0.0000000  0.0000000  0.0000000  1.0000000  0.0000000  0.0000000  0.0000000 
 0.0000000  0.0000000  0.0000000  0.0000000  1.0000000  0.0000000  0.0000000 
 0.0000000  0.0000000  0.0000000  0.0000000  0.0000000  1.0000000  0.0000000 
 0.0000000  0.0000000  0.0000000  0.0000000  0.0000000  0.0000000  1.0000000 

  1546.0000000   366.4000000   118.4000000    44.5300000    18.3800000
     7.9650000     3.5410000     1.5910000     0.6205000     0.2420000
     0.0901400     0.0317000

 .44118E-3 -.11311E-3  0.0000000  0.0000000  0.0000000  0.0000000 
 .37757E-2 -.95858E-3  0.0000000  0.0000000  0.0000000  0.0000000 
 .19836E-1 -.51347E-2  0.0000000  0.0000000  0.0000000  0.0000000 
 .74206E-1 -.19264E-1  0.0000000  0.0000000  0.0000000  0.0000000 
  .19733E0 -.53598E-1  0.0000000  0.0000000  0.0000000  0.0000000 
  .35185E0 -.96033E-1  0.0000000  0.0000000  0.0000000  0.0000000 
  .37869E0  -.11818E0  0.0000000  0.0000000  0.0000000  0.0000000 
  .17093E0  .92319E-2  0.0000000  0.0000000  0.0000000  0.0000000 
 0.0000000  0.0000000  1.0000000  0.0000000  0.0000000  0.0000000 
 0.0000000  0.0000000  0.0000000  1.0000000  0.0000000  0.0000000 
 0.0000000  0.0000000  0.0000000  0.0000000  1.0000000  0.0000000 
 0.0000000  0.0000000  0.0000000  0.0000000  0.0000000  1.0000000 

     0.2030000     0.5040000     1.2500000

 1.0000000  0.0000000  0.0000000 
 0.0000000  1.0000000  0.0000000 
 0.0000000  0.0000000  1.0000000 

     0.3350000     0.8690000

 1.0000000  0.0000000 
 0.0000000  1.0000000 

     0.6830000

 1.0000000 

CL:maug-cc-pVQZ
EMSL BASIS SET LIBRARY

  5
    0    1    2    3    4
    7    6    3    2    1
   17   12    3    2    1

 834900.000000 125000.000000 28430.0000000  8033.0000000  2608.0000000
   933.9000000   360.0000000   147.0000000    62.8800000    27.6000000
    11.0800000     5.0750000     2.2780000     0.7775000     0.3527000
     0.1431000     0.0519000

 .23169E-4 -.64965E-5  .19664E-5  0.0000000  0.0000000  0.0000000  0.0000000 
 .18015E-3  -.5049E-4  .15262E-4  0.0000000  0.0000000  0.0000000  0.0000000 
 .94778E-3 -.26611E-3  .80609E-4  0.0000000  0.0000000  0.0000000  0.0000000 
 .40014E-2  -.1125E-2  .33996E-3  0.0000000  0.0000000  0.0000000  0.0000000 
 .14463E-1  -.4105E-2  .12455E-2  0.0000000  0.0000000  0.0000000  0.0000000 
 .45659E-1 -.13199E-1  .39961E-2  0.0000000  0.0000000  0.0000000  0.0000000 
  .12325E0 -.37534E-1  .11475E-1  0.0000000  0.0000000  0.0000000  0.0000000 
  .26437E0 -.89723E-1   .2755E-1  0.0000000  0.0000000  0.0000000  0.0000000 
  .38299E0  -.16767E0  .53292E-1  0.0000000  0.0000000  0.0000000  0.0000000 
  .27093E0  -.17476E0  .57125E-1  0.0000000  0.0000000  0.0000000  0.0000000 
  .4714E-1   .11491E0  -.3952E-1  0.0000000  0.0000000  0.0000000  0.0000000 
-.37177E-2   .56362E0  -.26434E0  0.0000000  0.0000000  0.0000000  0.0000000 
 .21916E-2   .44161E0  -.34929E0  0.0000000  0.0000000  0.0000000  0.0000000 
 0.0000000  0.0000000  0.0000000  1.0000000  0.0000000  0.0000000  0.0000000 
 0.0000000  0.0000000  0.0000000  0.0000000  1.0000000  0.0000000  0.0000000 
 0.0000000  0.0000000  0.0000000  0.0000000  0.0000000  1.0000000  0.0000000 
 0.0000000  0.0000000  0.0000000  0.0000000  0.0000000  0.0000000  1.0000000 

  1703.0000000   403.6000000   130.3000000    49.0500000    20.2600000
     8.7870000     3.9190000     1.7650000     0.7207000     0.2839000
     0.1060000     0.0376000

 .47404E-3 -.12827E-3  0.0000000  0.0000000  0.0000000  0.0000000 
 .40641E-2 -.10936E-2  0.0000000  0.0000000  0.0000000  0.0000000 
 .21336E-1 -.58343E-2  0.0000000  0.0000000  0.0000000  0.0000000 
 .79461E-1 -.21926E-1  0.0000000  0.0000000  0.0000000  0.0000000 
  .20893E0 -.60138E-1  0.0000000  0.0000000  0.0000000  0.0000000 
  .36494E0  -.10693E0  0.0000000  0.0000000  0.0000000  0.0000000 
  .37172E0  -.12245E0  0.0000000  0.0000000  0.0000000  0.0000000 
  .14629E0  .38362E-1  0.0000000  0.0000000  0.0000000  0.0000000 
 0.0000000  0.0000000  1.0000000  0.0000000  0.0000000  0.0000000 
 0.0000000  0.0000000  0.0000000  1.0000000  0.0000000  0.0000000 
 0.0000000  0.0000000  0.0000000  0.0000000  1.0000000  0.0000000 
 0.0000000  0.0000000  0.0000000  0.0000000  0.0000000  1.0000000 

     0.2540000     0.6280000     1.5510000

 1.0000000  0.0000000  0.0000000 
 0.0000000  1.0000000  0.0000000 
 0.0000000  0.0000000  1.0000000 

     0.4230000     1.0890000

 1.0000000  0.0000000 
 0.0000000  1.0000000 

     0.8270000

 1.0000000 

AR:maug-cc-pVQZ
EMSL BASIS SET LIBRARY

  5
    0    1    2    3    4
    7    6    3    2    1
   17   12    3    2    1

 950600.000000 142300.000000 32360.0000000  9145.0000000  2970.0000000
  1064.0000000   410.8000000   168.0000000    71.9900000    31.6700000
    12.8900000     5.9290000     2.6780000     0.9416000     0.4239000
     0.1714000     0.0610000

 .22754E-4  -.6462E-5  .20206E-5  0.0000000  0.0000000  0.0000000  0.0000000 
 .17694E-3 -.50235E-4  .15685E-4  0.0000000  0.0000000  0.0000000  0.0000000 
 .93128E-3  -.2648E-3  .82862E-4  0.0000000  0.0000000  0.0000000  0.0000000 
 .39286E-2  -.1119E-2  .34926E-3  0.0000000  0.0000000  0.0000000  0.0000000 
 .14206E-1 -.40828E-2  .12798E-2  0.0000000  0.0000000  0.0000000  0.0000000 
 .44811E-1 -.13122E-1  .41036E-2  0.0000000  0.0000000  0.0000000  0.0000000 
    .121E0 -.37286E-1  .11779E-1  0.0000000  0.0000000  0.0000000  0.0000000 
  .26058E0 -.89471E-1  .28387E-1  0.0000000  0.0000000  0.0000000  0.0000000 
  .38136E0  -.16805E0  .55241E-1  0.0000000  0.0000000  0.0000000  0.0000000 
  .27606E0  -.17959E0  .60749E-1  0.0000000  0.0000000  0.0000000  0.0000000 
 .50518E-1   .10295E0 -.36201E-1  0.0000000  0.0000000  0.0000000  0.0000000 
-.35987E-2   .56263E0   -.2754E0  0.0000000  0.0000000  0.0000000  0.0000000 
  .2188E-2   .45036E0  -.36284E0  0.0000000  0.0000000  0.0000000  0.0000000 
 0.0000000  0.0000000  0.0000000  1.0000000  0.0000000  0.0000000  0.0000000 
 0.0000000  0.0000000  0.0000000  0.0000000  1.0000000  0.0000000  0.0000000 
 0.0000000  0.0000000  0.0000000  0.0000000  0.0000000  1.0000000  0.0000000 
 0.0000000  0.0000000  0.0000000  0.0000000  0.0000000  0.0000000  1.0000000 

  1890.0000000   447.8000000   144.6000000    54.4600000    22.5100000
     9.7740000     4.3680000     1.9590000     0.8260000     0.3297000
     0.1242000     0.0435000

 .49575E-3 -.13886E-3  0.0000000  0.0000000  0.0000000  0.0000000 
 .42517E-2 -.11887E-2  0.0000000  0.0000000  0.0000000  0.0000000 
 .22328E-1 -.63255E-2  0.0000000  0.0000000  0.0000000  0.0000000 
 .83088E-1 -.23881E-1  0.0000000  0.0000000  0.0000000  0.0000000 
  .21711E0 -.64924E-1  0.0000000  0.0000000  0.0000000  0.0000000 
  .37451E0  -.11544E0  0.0000000  0.0000000  0.0000000  0.0000000 
  .36644E0  -.12365E0  0.0000000  0.0000000  0.0000000  0.0000000 
  .12924E0  .64906E-1  0.0000000  0.0000000  0.0000000  0.0000000 
 0.0000000  0.0000000  1.0000000  0.0000000  0.0000000  0.0000000 
 0.0000000  0.0000000  0.0000000  1.0000000  0.0000000  0.0000000 
 0.0000000  0.0000000  0.0000000  0.0000000  1.0000000  0.0000000 
 0.0000000  0.0000000  0.0000000  0.0000000  0.0000000  1.0000000 

     0.3110000     0.7630000     1.8730000

 1.0000000  0.0000000  0.0000000 
 0.0000000  1.0000000  0.0000000 
 0.0000000  0.0000000  1.0000000 

     0.5430000     1.3250000

 1.0000000  0.0000000 
 0.0000000  1.0000000 

     1.0070000

 1.0000000 




