!  MG3S  EMSL  Basis Set Exchange Library   3/19/13 6:17 PM
! Elements                             References
! --------                             ----------
! H He Li Be B C N O F Ne Na Mg Al Si P S Cl Ar: Lynch, B.J.; Zhao, Y.; Truhlar, D.G., Effectiveness of Diffuse Basis Functions for Calculating Relative Energies by Density Functional Theory, J. Phys. Chem. A 107, 1384-1388 (2003).
! 



H:MG3S
EMSL BASIS SET LIBRARY

  2
    0    1
    3    2
    5    2

      .33865E2     .509479E1     .115879E1      .32584E0     .102741E0

 .25494E-1  0.0000000  0.0000000 
  .19037E0  0.0000000  0.0000000 
  .85216E0  0.0000000  0.0000000 
 0.0000000       .1E1  0.0000000 
 0.0000000  0.0000000       .1E1 

         .15E1        .375E0

      .1E1  0.0000000 
 0.0000000       .1E1 

HE:MG3S
EMSL BASIS SET LIBRARY

  2
    0    1
    4    2
    6    2

     .981243E2     .147689E2     .331883E1     .874047E0     .244564E0
        .86E-1

 .28745E-1  0.0000000  0.0000000  0.0000000 
  .20806E0  0.0000000  0.0000000  0.0000000 
  .83764E0  0.0000000  0.0000000  0.0000000 
 0.0000000       .1E1  0.0000000  0.0000000 
 0.0000000  0.0000000       .1E1  0.0000000 
 0.0000000  0.0000000  0.0000000       .1E1 

         .15E1        .375E0

      .1E1  0.0000000 
 0.0000000       .1E1 

LI:MG3S
EMSL BASIS SET LIBRARY

  4
    0    1    2    3
    5    4    2    1
   12    6    2    1

      .90046E3     .134433E3     .304365E2     .862639E1     .248332E1
     .303179E0      .48689E1     .856924E0     .243227E0     .63507E-1
    .243683E-1        .74E-2

  .2287E-2  0.0000000  0.0000000  0.0000000  0.0000000 
 .17635E-1  0.0000000  0.0000000  0.0000000  0.0000000 
 .87343E-1  0.0000000  0.0000000  0.0000000  0.0000000 
  .28098E0  0.0000000  0.0000000  0.0000000  0.0000000 
  .65874E0  0.0000000  0.0000000  0.0000000  0.0000000 
  .11871E0  0.0000000  0.0000000  0.0000000  0.0000000 
 0.0000000  .93329E-1  0.0000000  0.0000000  0.0000000 
 0.0000000   .94304E0  0.0000000  0.0000000  0.0000000 
 0.0000000  -.27983E0  0.0000000  0.0000000  0.0000000 
 0.0000000  0.0000000       .1E1  0.0000000  0.0000000 
 0.0000000  0.0000000  0.0000000       .1E1  0.0000000 
 0.0000000  0.0000000  0.0000000  0.0000000       .1E1 

      .48689E1     .856924E0     .243227E0     .63507E-1    .243683E-1
        .74E-2

 .32766E-1  0.0000000  0.0000000  0.0000000 
  .15979E0  0.0000000  0.0000000  0.0000000 
  .88567E0  0.0000000  0.0000000  0.0000000 
 0.0000000       .1E1  0.0000000  0.0000000 
 0.0000000  0.0000000       .1E1  0.0000000 
 0.0000000  0.0000000  0.0000000       .1E1 

          .4E0          .1E0

      .1E1  0.0000000 
 0.0000000       .1E1 

         .15E0

      .1E1 

BE:MG3S
EMSL BASIS SET LIBRARY

  4
    0    1    2    3
    5    4    2    1
   12    6    2    1

      .16828E4     .251715E3     .574116E2     .165171E2     .485364E1
     .626863E0      .80938E1     .174075E1     .485816E0     .163613E0
    .567285E-1       .207E-1

 .22857E-2  0.0000000  0.0000000  0.0000000  0.0000000 
 .17594E-1  0.0000000  0.0000000  0.0000000  0.0000000 
 .86332E-1  0.0000000  0.0000000  0.0000000  0.0000000 
  .28184E0  0.0000000  0.0000000  0.0000000  0.0000000 
  .64059E0  0.0000000  0.0000000  0.0000000  0.0000000 
  .14447E0  0.0000000  0.0000000  0.0000000  0.0000000 
 0.0000000   .10862E0  0.0000000  0.0000000  0.0000000 
 0.0000000    .9273E0  0.0000000  0.0000000  0.0000000 
 0.0000000  -.29717E0  0.0000000  0.0000000  0.0000000 
 0.0000000  0.0000000       .1E1  0.0000000  0.0000000 
 0.0000000  0.0000000  0.0000000       .1E1  0.0000000 
 0.0000000  0.0000000  0.0000000  0.0000000       .1E1 

      .80938E1     .174075E1     .485816E0     .163613E0    .567285E-1
       .207E-1

 .36134E-1  0.0000000  0.0000000  0.0000000 
  .21696E0  0.0000000  0.0000000  0.0000000 
  .84184E0  0.0000000  0.0000000  0.0000000 
 0.0000000       .1E1  0.0000000  0.0000000 
 0.0000000  0.0000000       .1E1  0.0000000 
 0.0000000  0.0000000  0.0000000       .1E1 

         .51E0       .1275E0

      .1E1  0.0000000 
 0.0000000       .1E1 

         .26E0

      .1E1 

B:MG3S
EMSL BASIS SET LIBRARY

  4
    0    1    2    3
    5    4    2    1
   12    6    2    1

     .285889E4      .42814E3     .975282E2     .279693E2     .821577E1
     .111278E1     .132415E2     .300166E1     .912856E0     .315454E0
    .988563E-1       .315E-1

 .21538E-2  0.0000000  0.0000000  0.0000000  0.0000000 
 .16582E-1  0.0000000  0.0000000  0.0000000  0.0000000 
 .82187E-1  0.0000000  0.0000000  0.0000000  0.0000000 
  .27662E0  0.0000000  0.0000000  0.0000000  0.0000000 
  .62932E0  0.0000000  0.0000000  0.0000000  0.0000000 
  .17377E0  0.0000000  0.0000000  0.0000000  0.0000000 
 0.0000000   .11744E0  0.0000000  0.0000000  0.0000000 
 0.0000000     .918E0  0.0000000  0.0000000  0.0000000 
 0.0000000  -.2651E-2  0.0000000  0.0000000  0.0000000 
 0.0000000  0.0000000       .1E1  0.0000000  0.0000000 
 0.0000000  0.0000000  0.0000000       .1E1  0.0000000 
 0.0000000  0.0000000  0.0000000  0.0000000       .1E1 

     .132415E2     .300166E1     .912856E0     .315454E0    .988563E-1
       .315E-1

  .4181E-1  0.0000000  0.0000000  0.0000000 
  .23658E0  0.0000000  0.0000000  0.0000000 
  .81621E0  0.0000000  0.0000000  0.0000000 
 0.0000000       .1E1  0.0000000  0.0000000 
 0.0000000  0.0000000       .1E1  0.0000000 
 0.0000000  0.0000000  0.0000000       .1E1 

        .802E0       .2005E0

      .1E1  0.0000000 
 0.0000000       .1E1 

          .5E0

      .1E1 

C:MG3S
EMSL BASIS SET LIBRARY

  4
    0    1    2    3
    5    4    2    1
   12    6    2    1

     .456324E4     .682024E3     .154973E3     .444553E2      .13029E2
     .182773E1     .209642E2     .480331E1     .145933E1     .483456E0
     .145585E0       .438E-1

 .19666E-2  0.0000000  0.0000000  0.0000000  0.0000000 
 .15231E-1  0.0000000  0.0000000  0.0000000  0.0000000 
 .76127E-1  0.0000000  0.0000000  0.0000000  0.0000000 
   .2608E0  0.0000000  0.0000000  0.0000000  0.0000000 
  .61646E0  0.0000000  0.0000000  0.0000000  0.0000000 
  .22101E0  0.0000000  0.0000000  0.0000000  0.0000000 
 0.0000000   .11466E0  0.0000000  0.0000000  0.0000000 
 0.0000000      .92E0  0.0000000  0.0000000  0.0000000 
 0.0000000 -.30307E-2  0.0000000  0.0000000  0.0000000 
 0.0000000  0.0000000       .1E1  0.0000000  0.0000000 
 0.0000000  0.0000000  0.0000000       .1E1  0.0000000 
 0.0000000  0.0000000  0.0000000  0.0000000       .1E1 

     .209642E2     .480331E1     .145933E1     .483456E0     .145585E0
       .438E-1

 .40249E-1  0.0000000  0.0000000  0.0000000 
  .23759E0  0.0000000  0.0000000  0.0000000 
  .81585E0  0.0000000  0.0000000  0.0000000 
 0.0000000       .1E1  0.0000000  0.0000000 
 0.0000000  0.0000000       .1E1  0.0000000 
 0.0000000  0.0000000  0.0000000       .1E1 

       .1252E1        .313E0

      .1E1  0.0000000 
 0.0000000       .1E1 

          .8E0

      .1E1 

N:MG3S
EMSL BASIS SET LIBRARY

  4
    0    1    2    3
    5    4    2    1
   12    6    2    1

     .629348E4     .949044E3     .218776E3     .636916E2     .188282E2
     .272023E1     .306331E2     .702614E1     .211205E1     .684009E0
     .200878E0       .639E-1

 .19698E-2  0.0000000  0.0000000  0.0000000  0.0000000 
 .14961E-1  0.0000000  0.0000000  0.0000000  0.0000000 
 .73501E-1  0.0000000  0.0000000  0.0000000  0.0000000 
  .24894E0  0.0000000  0.0000000  0.0000000  0.0000000 
  .60246E0  0.0000000  0.0000000  0.0000000  0.0000000 
   .2562E0  0.0000000  0.0000000  0.0000000  0.0000000 
 0.0000000   .11191E0  0.0000000  0.0000000  0.0000000 
 0.0000000   .92167E0  0.0000000  0.0000000  0.0000000 
 0.0000000 -.25692E-2  0.0000000  0.0000000  0.0000000 
 0.0000000  0.0000000       .1E1  0.0000000  0.0000000 
 0.0000000  0.0000000  0.0000000       .1E1  0.0000000 
 0.0000000  0.0000000  0.0000000  0.0000000       .1E1 

     .306331E2     .702614E1     .211205E1     .684009E0     .200878E0
       .639E-1

 .38312E-1  0.0000000  0.0000000  0.0000000 
   .2374E0  0.0000000  0.0000000  0.0000000 
  .81759E0  0.0000000  0.0000000  0.0000000 
 0.0000000       .1E1  0.0000000  0.0000000 
 0.0000000  0.0000000       .1E1  0.0000000 
 0.0000000  0.0000000  0.0000000       .1E1 

       .1826E1       .4565E0

      .1E1  0.0000000 
 0.0000000       .1E1 

          .1E1

      .1E1 

O:MG3S
EMSL BASIS SET LIBRARY

  4
    0    1    2    3
    5    4    2    1
   12    6    2    1

      .85885E4     .129723E4     .299296E3     .873771E2     .256789E2
     .374004E1     .421175E2     .962837E1     .285332E1     .905661E0
     .255611E0       .845E-1

 .18952E-2  0.0000000  0.0000000  0.0000000  0.0000000 
 .14386E-1  0.0000000  0.0000000  0.0000000  0.0000000 
 .70732E-1  0.0000000  0.0000000  0.0000000  0.0000000 
     .24E0  0.0000000  0.0000000  0.0000000  0.0000000 
   .5948E0  0.0000000  0.0000000  0.0000000  0.0000000 
   .2808E0  0.0000000  0.0000000  0.0000000  0.0000000 
 0.0000000   .11389E0  0.0000000  0.0000000  0.0000000 
 0.0000000   .92081E0  0.0000000  0.0000000  0.0000000 
 0.0000000 -.32745E-2  0.0000000  0.0000000  0.0000000 
 0.0000000  0.0000000       .1E1  0.0000000  0.0000000 
 0.0000000  0.0000000  0.0000000       .1E1  0.0000000 
 0.0000000  0.0000000  0.0000000  0.0000000       .1E1 

     .421175E2     .962837E1     .285332E1     .905661E0     .255611E0
       .845E-1

 .36511E-1  0.0000000  0.0000000  0.0000000 
  .23715E0  0.0000000  0.0000000  0.0000000 
   .8197E0  0.0000000  0.0000000  0.0000000 
 0.0000000       .1E1  0.0000000  0.0000000 
 0.0000000  0.0000000       .1E1  0.0000000 
 0.0000000  0.0000000  0.0000000       .1E1 

       .2584E1        .646E0

      .1E1  0.0000000 
 0.0000000       .1E1 

         .14E1

      .1E1 

F:MG3S
EMSL BASIS SET LIBRARY

  4
    0    1    2    3
    5    4    2    1
   12    6    2    1

     .114271E5     .172235E4     .395746E3     .115139E3     .336026E2
     .491901E1     .554441E2     .126323E2     .371756E1     .116545E1
     .321892E0       .1076E0

 .18009E-2  0.0000000  0.0000000  0.0000000  0.0000000 
 .13742E-1  0.0000000  0.0000000  0.0000000  0.0000000 
 .68133E-1  0.0000000  0.0000000  0.0000000  0.0000000 
  .23332E0  0.0000000  0.0000000  0.0000000  0.0000000 
  .58909E0  0.0000000  0.0000000  0.0000000  0.0000000 
   .2995E0  0.0000000  0.0000000  0.0000000  0.0000000 
 0.0000000   .11454E0  0.0000000  0.0000000  0.0000000 
 0.0000000   .92051E0  0.0000000  0.0000000  0.0000000 
 0.0000000  -.3378E-2  0.0000000  0.0000000  0.0000000 
 0.0000000  0.0000000       .1E1  0.0000000  0.0000000 
 0.0000000  0.0000000  0.0000000       .1E1  0.0000000 
 0.0000000  0.0000000  0.0000000  0.0000000       .1E1 

     .554441E2     .126323E2     .371756E1     .116545E1     .321892E0
       .1076E0

 .35461E-1  0.0000000  0.0000000  0.0000000 
  .23745E0  0.0000000  0.0000000  0.0000000 
  .82046E0  0.0000000  0.0000000  0.0000000 
 0.0000000       .1E1  0.0000000  0.0000000 
 0.0000000  0.0000000       .1E1  0.0000000 
 0.0000000  0.0000000  0.0000000       .1E1 

         .35E1        .875E0

      .1E1  0.0000000 
 0.0000000       .1E1 

        .185E1

      .1E1 

NE:MG3S
EMSL BASIS SET LIBRARY

  4
    0    1    2    3
    5    4    2    1
   12    6    2    1

     .139957E5      .21171E4     .490425E3     .143833E3     .419265E2
     .615684E1     .691211E2      .15835E2     .467326E1     .145756E1
     .397057E0         .13E0

 .18328E-2  0.0000000  0.0000000  0.0000000  0.0000000 
 .13883E-1  0.0000000  0.0000000  0.0000000  0.0000000 
 .68069E-1  0.0000000  0.0000000  0.0000000  0.0000000 
  .23133E0  0.0000000  0.0000000  0.0000000  0.0000000 
  .58589E0  0.0000000  0.0000000  0.0000000  0.0000000 
  .30588E0  0.0000000  0.0000000  0.0000000  0.0000000 
 0.0000000   .11915E0  0.0000000  0.0000000  0.0000000 
 0.0000000   .91738E0  0.0000000  0.0000000  0.0000000 
 0.0000000 -.40584E-2  0.0000000  0.0000000  0.0000000 
 0.0000000  0.0000000       .1E1  0.0000000  0.0000000 
 0.0000000  0.0000000  0.0000000       .1E1  0.0000000 
 0.0000000  0.0000000  0.0000000  0.0000000       .1E1 

     .691211E2      .15835E2     .467326E1     .145756E1     .397057E0
         .13E0

 .35657E-1  0.0000000  0.0000000  0.0000000 
  .23948E0  0.0000000  0.0000000  0.0000000 
  .81846E0  0.0000000  0.0000000  0.0000000 
 0.0000000       .1E1  0.0000000  0.0000000 
 0.0000000  0.0000000       .1E1  0.0000000 
 0.0000000  0.0000000  0.0000000       .1E1 

       .4608E1       .1152E1

      .1E1  0.0000000 
 0.0000000       .1E1 

         .25E1

      .1E1 

NA:MG3S
EMSL BASIS SET LIBRARY

  4
    0    1    2    3
    7    6    3    2
   14   10    3    2

     .361664E5     .537258E4     .121321E4     .339623E3     .109553E3
     .387773E2     .387773E2     .145759E2     .526993E1     .182777E1
     .619948E0      .5724E-1     .24048E-1        .76E-2

  .1032E-2  0.0000000  0.0000000  0.0000000  0.0000000  0.0000000  0.0000000 
  .8071E-2  0.0000000  0.0000000  0.0000000  0.0000000  0.0000000  0.0000000 
 .42129E-1  0.0000000  0.0000000  0.0000000  0.0000000  0.0000000  0.0000000 
  .16979E0  0.0000000  0.0000000  0.0000000  0.0000000  0.0000000  0.0000000 
  .51462E0  0.0000000  0.0000000  0.0000000  0.0000000  0.0000000  0.0000000 
  .37982E0  0.0000000  0.0000000  0.0000000  0.0000000  0.0000000  0.0000000 
 0.0000000   .37476E0  0.0000000  0.0000000  0.0000000  0.0000000  0.0000000 
 0.0000000   .57577E0  0.0000000  0.0000000  0.0000000  0.0000000  0.0000000 
 0.0000000   .11293E0  0.0000000  0.0000000  0.0000000  0.0000000  0.0000000 
 0.0000000  0.0000000       .1E1  0.0000000  0.0000000  0.0000000  0.0000000 
 0.0000000  0.0000000  0.0000000       .1E1  0.0000000  0.0000000  0.0000000 
 0.0000000  0.0000000  0.0000000  0.0000000       .1E1  0.0000000  0.0000000 
 0.0000000  0.0000000  0.0000000  0.0000000  0.0000000       .1E1  0.0000000 
 0.0000000  0.0000000  0.0000000  0.0000000  0.0000000  0.0000000       .1E1 

     .144645E3     .339074E2     .106285E2     .382389E1     .144429E1
     .552621E0      .18872E0     .46501E-1     .16285E-1        .76E-2

 .11485E-1  0.0000000  0.0000000  0.0000000  0.0000000  0.0000000 
 .82383E-1  0.0000000  0.0000000  0.0000000  0.0000000  0.0000000 
  .31966E0  0.0000000  0.0000000  0.0000000  0.0000000  0.0000000 
   .7013E0  0.0000000  0.0000000  0.0000000  0.0000000  0.0000000 
 0.0000000   .63851E0  0.0000000  0.0000000  0.0000000  0.0000000 
 0.0000000   .42536E0  0.0000000  0.0000000  0.0000000  0.0000000 
 0.0000000  0.0000000       .1E1  0.0000000  0.0000000  0.0000000 
 0.0000000  0.0000000  0.0000000       .1E1  0.0000000  0.0000000 
 0.0000000  0.0000000  0.0000000  0.0000000       .1E1  0.0000000 
 0.0000000  0.0000000  0.0000000  0.0000000  0.0000000       .1E1 

          .7E0        .175E0      .4375E-1

      .1E1  0.0000000  0.0000000 
 0.0000000       .1E1  0.0000000 
 0.0000000  0.0000000       .1E1 

          .3E0        .75E-1

      .1E1  0.0000000 
 0.0000000       .1E1 

MG:MG3S
EMSL BASIS SET LIBRARY

  4
    0    1    2    3
    7    6    3    2
   14   10    3    2

     .438665E5     .660537E4     .151326E4     .432317E3     .142149E3
     .513983E2     .513983E2     .199196E2     .802474E1     .250817E1
     .871531E0     .108188E0      .4013E-1       .146E-1

   .918E-3  0.0000000  0.0000000  0.0000000  0.0000000  0.0000000  0.0000000 
  .7047E-2  0.0000000  0.0000000  0.0000000  0.0000000  0.0000000  0.0000000 
 .35941E-1  0.0000000  0.0000000  0.0000000  0.0000000  0.0000000  0.0000000 
  .14146E0  0.0000000  0.0000000  0.0000000  0.0000000  0.0000000  0.0000000 
  .42676E0  0.0000000  0.0000000  0.0000000  0.0000000  0.0000000  0.0000000 
  .49798E0  0.0000000  0.0000000  0.0000000  0.0000000  0.0000000  0.0000000 
 0.0000000   .25136E0  0.0000000  0.0000000  0.0000000  0.0000000  0.0000000 
 0.0000000   .61867E0  0.0000000  0.0000000  0.0000000  0.0000000  0.0000000 
 0.0000000   .18842E0  0.0000000  0.0000000  0.0000000  0.0000000  0.0000000 
 0.0000000  0.0000000       .1E1  0.0000000  0.0000000  0.0000000  0.0000000 
 0.0000000  0.0000000  0.0000000       .1E1  0.0000000  0.0000000  0.0000000 
 0.0000000  0.0000000  0.0000000  0.0000000       .1E1  0.0000000  0.0000000 
 0.0000000  0.0000000  0.0000000  0.0000000  0.0000000       .1E1  0.0000000 
 0.0000000  0.0000000  0.0000000  0.0000000  0.0000000  0.0000000       .1E1 

     .193854E3      .45442E2     .141864E2     .505751E1     .188861E1
     .722652E0     .236417E0     .93358E-1     .34809E-1       .146E-1

 .10188E-1  0.0000000  0.0000000  0.0000000  0.0000000  0.0000000 
  .7536E-1  0.0000000  0.0000000  0.0000000  0.0000000  0.0000000 
  .30742E0  0.0000000  0.0000000  0.0000000  0.0000000  0.0000000 
  .71758E0  0.0000000  0.0000000  0.0000000  0.0000000  0.0000000 
 0.0000000   .66734E0  0.0000000  0.0000000  0.0000000  0.0000000 
 0.0000000   .39465E0  0.0000000  0.0000000  0.0000000  0.0000000 
 0.0000000  0.0000000       .1E1  0.0000000  0.0000000  0.0000000 
 0.0000000  0.0000000  0.0000000       .1E1  0.0000000  0.0000000 
 0.0000000  0.0000000  0.0000000  0.0000000       .1E1  0.0000000 
 0.0000000  0.0000000  0.0000000  0.0000000  0.0000000       .1E1 

          .7E0        .175E0      .4375E-1

      .1E1  0.0000000  0.0000000 
 0.0000000       .1E1  0.0000000 
 0.0000000  0.0000000       .1E1 

          .4E0          .1E0

      .1E1  0.0000000 
 0.0000000       .1E1 

AL:MG3S
EMSL BASIS SET LIBRARY

  4
    0    1    2    3
    7    6    3    2
   14   10    3    2

   .54866489E5   .82117665E4   .18661761E4   .53112934E3   .17511797E3
     .640055E2     .640055E2   .25292507E2    .1053491E2    .3206711E1
    .1152555E1     .176678E0     .65237E-1       .318E-1

   .839E-3  0.0000000  0.0000000  0.0000000  0.0000000  0.0000000  0.0000000 
  .6527E-2  0.0000000  0.0000000  0.0000000  0.0000000  0.0000000  0.0000000 
 .33666E-1  0.0000000  0.0000000  0.0000000  0.0000000  0.0000000  0.0000000 
   .1329E0  0.0000000  0.0000000  0.0000000  0.0000000  0.0000000  0.0000000 
  .40127E0  0.0000000  0.0000000  0.0000000  0.0000000  0.0000000  0.0000000 
  .53134E0  0.0000000  0.0000000  0.0000000  0.0000000  0.0000000  0.0000000 
 0.0000000    .2023E0  0.0000000  0.0000000  0.0000000  0.0000000  0.0000000 
 0.0000000   .62479E0  0.0000000  0.0000000  0.0000000  0.0000000  0.0000000 
 0.0000000   .22744E0  0.0000000  0.0000000  0.0000000  0.0000000  0.0000000 
 0.0000000  0.0000000       .1E1  0.0000000  0.0000000  0.0000000  0.0000000 
 0.0000000  0.0000000  0.0000000       .1E1  0.0000000  0.0000000  0.0000000 
 0.0000000  0.0000000  0.0000000  0.0000000       .1E1  0.0000000  0.0000000 
 0.0000000  0.0000000  0.0000000  0.0000000  0.0000000       .1E1  0.0000000 
 0.0000000  0.0000000  0.0000000  0.0000000  0.0000000  0.0000000       .1E1 

   .25928362E3    .6107687E2   .19303237E2    .7010882E1    .2673865E1
    .1036596E1     .316819E0     .114257E0     .41397E-1       .318E-1

  .9448E-2  0.0000000  0.0000000  0.0000000  0.0000000  0.0000000 
 .70974E-1  0.0000000  0.0000000  0.0000000  0.0000000  0.0000000 
  .29564E0  0.0000000  0.0000000  0.0000000  0.0000000  0.0000000 
  .72822E0  0.0000000  0.0000000  0.0000000  0.0000000  0.0000000 
 0.0000000   .64447E0  0.0000000  0.0000000  0.0000000  0.0000000 
 0.0000000   .41741E0  0.0000000  0.0000000  0.0000000  0.0000000 
 0.0000000  0.0000000       .1E1  0.0000000  0.0000000  0.0000000 
 0.0000000  0.0000000  0.0000000       .1E1  0.0000000  0.0000000 
 0.0000000  0.0000000  0.0000000  0.0000000       .1E1  0.0000000 
 0.0000000  0.0000000  0.0000000  0.0000000  0.0000000       .1E1 

         .13E1        .325E0      .8125E-1

      .1E1  0.0000000  0.0000000 
 0.0000000       .1E1  0.0000000 
 0.0000000  0.0000000       .1E1 

          .5E0        .125E0

      .1E1  0.0000000 
 0.0000000       .1E1 

SI:MG3S
EMSL BASIS SET LIBRARY

  4
    0    1    2    3
    7    6    3    2
   14   10    3    2

    .6937923E5    .1035494E5   .23338796E4   .65714295E3   .21430113E3
   .77629168E2   .77629168E2   .30630807E2   .12801295E2    .3926866E1
    .1452343E1     .256234E0     .94279E-1       .331E-1

   .757E-3  0.0000000  0.0000000  0.0000000  0.0000000  0.0000000  0.0000000 
  .5932E-2  0.0000000  0.0000000  0.0000000  0.0000000  0.0000000  0.0000000 
 .31088E-1  0.0000000  0.0000000  0.0000000  0.0000000  0.0000000  0.0000000 
  .12497E0  0.0000000  0.0000000  0.0000000  0.0000000  0.0000000  0.0000000 
   .3869E0  0.0000000  0.0000000  0.0000000  0.0000000  0.0000000  0.0000000 
  .55489E0  0.0000000  0.0000000  0.0000000  0.0000000  0.0000000  0.0000000 
 0.0000000   .17788E0  0.0000000  0.0000000  0.0000000  0.0000000  0.0000000 
 0.0000000   .62776E0  0.0000000  0.0000000  0.0000000  0.0000000  0.0000000 
 0.0000000   .24762E0  0.0000000  0.0000000  0.0000000  0.0000000  0.0000000 
 0.0000000  0.0000000       .1E1  0.0000000  0.0000000  0.0000000  0.0000000 
 0.0000000  0.0000000  0.0000000       .1E1  0.0000000  0.0000000  0.0000000 
 0.0000000  0.0000000  0.0000000  0.0000000       .1E1  0.0000000  0.0000000 
 0.0000000  0.0000000  0.0000000  0.0000000  0.0000000       .1E1  0.0000000 
 0.0000000  0.0000000  0.0000000  0.0000000  0.0000000  0.0000000       .1E1 

   .33548319E3   .78900366E2    .2498815E2    .9219711E1     .362114E1
     .145131E1     .504977E0     .186317E0     .65432E-1       .331E-1

  .8866E-2  0.0000000  0.0000000  0.0000000  0.0000000  0.0000000 
 .68299E-1  0.0000000  0.0000000  0.0000000  0.0000000  0.0000000 
  .29096E0  0.0000000  0.0000000  0.0000000  0.0000000  0.0000000 
  .73212E0  0.0000000  0.0000000  0.0000000  0.0000000  0.0000000 
 0.0000000   .61988E0  0.0000000  0.0000000  0.0000000  0.0000000 
 0.0000000   .43915E0  0.0000000  0.0000000  0.0000000  0.0000000 
 0.0000000  0.0000000       .1E1  0.0000000  0.0000000  0.0000000 
 0.0000000  0.0000000  0.0000000       .1E1  0.0000000  0.0000000 
 0.0000000  0.0000000  0.0000000  0.0000000       .1E1  0.0000000 
 0.0000000  0.0000000  0.0000000  0.0000000  0.0000000       .1E1 

         .18E1         .45E0       .1125E0

      .1E1  0.0000000  0.0000000 
 0.0000000       .1E1  0.0000000 
 0.0000000  0.0000000       .1E1 

         .64E0         .16E0

      .1E1  0.0000000 
 0.0000000       .1E1 

P:MG3S
EMSL BASIS SET LIBRARY

  4
    0    1    2    3
    7    6    3    2
   14   10    3    2

     .774924E5     .116058E5     .264596E4      .75497E3      .24875E3
       .9115E2       .9115E2       .3622E2       .1521E2        .471E1
        .178E1         .34E0         .12E0       .348E-1

 .78692E-3  0.0000000  0.0000000  0.0000000  0.0000000  0.0000000  0.0000000 
 .61082E-2  0.0000000  0.0000000  0.0000000  0.0000000  0.0000000  0.0000000 
 .31397E-1  0.0000000  0.0000000  0.0000000  0.0000000  0.0000000  0.0000000 
  .12424E0  0.0000000  0.0000000  0.0000000  0.0000000  0.0000000  0.0000000 
  .38115E0  0.0000000  0.0000000  0.0000000  0.0000000  0.0000000  0.0000000 
  .55954E0  0.0000000  0.0000000  0.0000000  0.0000000  0.0000000  0.0000000 
 0.0000000   .16416E0  0.0000000  0.0000000  0.0000000  0.0000000  0.0000000 
 0.0000000   .62591E0  0.0000000  0.0000000  0.0000000  0.0000000  0.0000000 
 0.0000000   .26207E0  0.0000000  0.0000000  0.0000000  0.0000000  0.0000000 
 0.0000000  0.0000000       .1E1  0.0000000  0.0000000  0.0000000  0.0000000 
 0.0000000  0.0000000  0.0000000       .1E1  0.0000000  0.0000000  0.0000000 
 0.0000000  0.0000000  0.0000000  0.0000000       .1E1  0.0000000  0.0000000 
 0.0000000  0.0000000  0.0000000  0.0000000  0.0000000       .1E1  0.0000000 
 0.0000000  0.0000000  0.0000000  0.0000000  0.0000000  0.0000000       .1E1 

      .38484E3       .9055E2        .288E2       .1068E2        .425E1
        .174E1         .59E0         .22E0         .8E-1       .348E-1

 .89679E-2  0.0000000  0.0000000  0.0000000  0.0000000  0.0000000 
 .69049E-1  0.0000000  0.0000000  0.0000000  0.0000000  0.0000000 
  .29288E0  0.0000000  0.0000000  0.0000000  0.0000000  0.0000000 
  .72925E0  0.0000000  0.0000000  0.0000000  0.0000000  0.0000000 
 0.0000000   .63258E0  0.0000000  0.0000000  0.0000000  0.0000000 
 0.0000000    .4233E0  0.0000000  0.0000000  0.0000000  0.0000000 
 0.0000000  0.0000000       .1E1  0.0000000  0.0000000  0.0000000 
 0.0000000  0.0000000  0.0000000       .1E1  0.0000000  0.0000000 
 0.0000000  0.0000000  0.0000000  0.0000000       .1E1  0.0000000 
 0.0000000  0.0000000  0.0000000  0.0000000  0.0000000       .1E1 

         .22E1         .55E0       .1375E0

      .1E1  0.0000000  0.0000000 
 0.0000000       .1E1  0.0000000 
 0.0000000  0.0000000       .1E1 

          .9E0        .225E0

      .1E1  0.0000000 
 0.0000000       .1E1 

S:MG3S
EMSL BASIS SET LIBRARY

  4
    0    1    2    3
    7    6    3    2
   14   10    3    2

     .934134E5     .139617E5     .316991E4      .90245E3      .29715E3
       .1087E3       .1087E3       .4315E2        .181E2        .557E1
        .214E1         .43E0         .15E0       .405E-1

 .74208E-3  0.0000000  0.0000000  0.0000000  0.0000000  0.0000000  0.0000000 
 .57877E-2  0.0000000  0.0000000  0.0000000  0.0000000  0.0000000  0.0000000 
 .29941E-1  0.0000000  0.0000000  0.0000000  0.0000000  0.0000000  0.0000000 
  .11893E0  0.0000000  0.0000000  0.0000000  0.0000000  0.0000000  0.0000000 
  .36818E0  0.0000000  0.0000000  0.0000000  0.0000000  0.0000000  0.0000000 
  .57763E0  0.0000000  0.0000000  0.0000000  0.0000000  0.0000000  0.0000000 
 0.0000000   .14279E0  0.0000000  0.0000000  0.0000000  0.0000000  0.0000000 
 0.0000000   .62469E0  0.0000000  0.0000000  0.0000000  0.0000000  0.0000000 
 0.0000000   .28348E0  0.0000000  0.0000000  0.0000000  0.0000000  0.0000000 
 0.0000000  0.0000000       .1E1  0.0000000  0.0000000  0.0000000  0.0000000 
 0.0000000  0.0000000  0.0000000       .1E1  0.0000000  0.0000000  0.0000000 
 0.0000000  0.0000000  0.0000000  0.0000000       .1E1  0.0000000  0.0000000 
 0.0000000  0.0000000  0.0000000  0.0000000  0.0000000       .1E1  0.0000000 
 0.0000000  0.0000000  0.0000000  0.0000000  0.0000000  0.0000000       .1E1 

      .49504E3      .11722E3        .375E2       .1391E2         .55E1
        .224E1         .77E0         .29E0          .1E0       .405E-1

 .81963E-2  0.0000000  0.0000000  0.0000000  0.0000000  0.0000000 
 .63642E-1  0.0000000  0.0000000  0.0000000  0.0000000  0.0000000 
  .27881E0  0.0000000  0.0000000  0.0000000  0.0000000  0.0000000 
  .74474E0  0.0000000  0.0000000  0.0000000  0.0000000  0.0000000 
 0.0000000   .61682E0  0.0000000  0.0000000  0.0000000  0.0000000 
 0.0000000   .44029E0  0.0000000  0.0000000  0.0000000  0.0000000 
 0.0000000  0.0000000       .1E1  0.0000000  0.0000000  0.0000000 
 0.0000000  0.0000000  0.0000000       .1E1  0.0000000  0.0000000 
 0.0000000  0.0000000  0.0000000  0.0000000       .1E1  0.0000000 
 0.0000000  0.0000000  0.0000000  0.0000000  0.0000000       .1E1 

         .26E1         .65E0       .1625E0

      .1E1  0.0000000  0.0000000 
 0.0000000       .1E1  0.0000000 
 0.0000000  0.0000000       .1E1 

         .11E1        .275E0

      .1E1  0.0000000 
 0.0000000       .1E1 

CL:MG3S
EMSL BASIS SET LIBRARY

  4
    0    1    2    3
    7    6    3    2
   14   10    3    2

     .105819E6      .15872E5     .361965E4      .10308E4       .3399E3
      .12453E3      .12453E3       .4951E2        .208E2        .646E1
        .252E1         .53E0         .19E0       .483E-1

 .74236E-3  0.0000000  0.0000000  0.0000000  0.0000000  0.0000000  0.0000000 
 .57473E-2  0.0000000  0.0000000  0.0000000  0.0000000  0.0000000  0.0000000 
 .29649E-1  0.0000000  0.0000000  0.0000000  0.0000000  0.0000000  0.0000000 
   .1179E0  0.0000000  0.0000000  0.0000000  0.0000000  0.0000000  0.0000000 
  .36485E0  0.0000000  0.0000000  0.0000000  0.0000000  0.0000000  0.0000000 
   .5817E0  0.0000000  0.0000000  0.0000000  0.0000000  0.0000000  0.0000000 
 0.0000000   .13704E0  0.0000000  0.0000000  0.0000000  0.0000000  0.0000000 
 0.0000000   .62314E0  0.0000000  0.0000000  0.0000000  0.0000000  0.0000000 
 0.0000000   .29033E0  0.0000000  0.0000000  0.0000000  0.0000000  0.0000000 
 0.0000000  0.0000000       .1E1  0.0000000  0.0000000  0.0000000  0.0000000 
 0.0000000  0.0000000  0.0000000       .1E1  0.0000000  0.0000000  0.0000000 
 0.0000000  0.0000000  0.0000000  0.0000000       .1E1  0.0000000  0.0000000 
 0.0000000  0.0000000  0.0000000  0.0000000  0.0000000       .1E1  0.0000000 
 0.0000000  0.0000000  0.0000000  0.0000000  0.0000000  0.0000000       .1E1 

      .58978E3      .13985E3       .4479E2       .1661E2        .659E1
        .271E1         .95E0         .35E0         .12E0       .483E-1

 .78733E-2  0.0000000  0.0000000  0.0000000  0.0000000  0.0000000 
 .61555E-1  0.0000000  0.0000000  0.0000000  0.0000000  0.0000000 
  .27425E0  0.0000000  0.0000000  0.0000000  0.0000000  0.0000000 
   .7499E0  0.0000000  0.0000000  0.0000000  0.0000000  0.0000000 
 0.0000000   .61476E0  0.0000000  0.0000000  0.0000000  0.0000000 
 0.0000000   .44134E0  0.0000000  0.0000000  0.0000000  0.0000000 
 0.0000000  0.0000000       .1E1  0.0000000  0.0000000  0.0000000 
 0.0000000  0.0000000  0.0000000       .1E1  0.0000000  0.0000000 
 0.0000000  0.0000000  0.0000000  0.0000000       .1E1  0.0000000 
 0.0000000  0.0000000  0.0000000  0.0000000  0.0000000       .1E1 

          .3E1         .75E0       .1875E0

      .1E1  0.0000000  0.0000000 
 0.0000000       .1E1  0.0000000 
 0.0000000  0.0000000       .1E1 

         .14E1         .35E0

      .1E1  0.0000000 
 0.0000000       .1E1 

AR:MG3S
EMSL BASIS SET LIBRARY

  4
    0    1    2    3
    7    6    3    2
   14   10    3    2

     .118022E6     .176835E5     .402777E4      .11454E4      .37716E3
      .13816E3      .13816E3       .5498E2       .2317E2        .737E1
        .292E1         .65E0         .23E0         .6E-1

 .74619E-3  0.0000000  0.0000000  0.0000000  0.0000000  0.0000000  0.0000000 
 .57864E-2  0.0000000  0.0000000  0.0000000  0.0000000  0.0000000  0.0000000 
 .29901E-1  0.0000000  0.0000000  0.0000000  0.0000000  0.0000000  0.0000000 
  .11913E0  0.0000000  0.0000000  0.0000000  0.0000000  0.0000000  0.0000000 
  .36878E0  0.0000000  0.0000000  0.0000000  0.0000000  0.0000000  0.0000000 
  .57677E0  0.0000000  0.0000000  0.0000000  0.0000000  0.0000000  0.0000000 
 0.0000000   .14359E0  0.0000000  0.0000000  0.0000000  0.0000000  0.0000000 
 0.0000000   .62311E0  0.0000000  0.0000000  0.0000000  0.0000000  0.0000000 
 0.0000000   .28408E0  0.0000000  0.0000000  0.0000000  0.0000000  0.0000000 
 0.0000000  0.0000000       .1E1  0.0000000  0.0000000  0.0000000  0.0000000 
 0.0000000  0.0000000  0.0000000       .1E1  0.0000000  0.0000000  0.0000000 
 0.0000000  0.0000000  0.0000000  0.0000000       .1E1  0.0000000  0.0000000 
 0.0000000  0.0000000  0.0000000  0.0000000  0.0000000       .1E1  0.0000000 
 0.0000000  0.0000000  0.0000000  0.0000000  0.0000000  0.0000000       .1E1 

      .66306E3      .15709E3       .5023E2       .1863E2        .744E1
        .309E1         .11E1         .41E0         .14E0         .6E-1

   .782E-2  0.0000000  0.0000000  0.0000000  0.0000000  0.0000000 
 .61483E-1  0.0000000  0.0000000  0.0000000  0.0000000  0.0000000 
  .27547E0  0.0000000  0.0000000  0.0000000  0.0000000  0.0000000 
  .74884E0  0.0000000  0.0000000  0.0000000  0.0000000  0.0000000 
 0.0000000  -.62822E0  0.0000000  0.0000000  0.0000000  0.0000000 
 0.0000000  -.42602E0  0.0000000  0.0000000  0.0000000  0.0000000 
 0.0000000  0.0000000       .1E1  0.0000000  0.0000000  0.0000000 
 0.0000000  0.0000000  0.0000000       .1E1  0.0000000  0.0000000 
 0.0000000  0.0000000  0.0000000  0.0000000       .1E1  0.0000000 
 0.0000000  0.0000000  0.0000000  0.0000000  0.0000000       .1E1 

         .34E1         .85E0       .2125E0

      .1E1  0.0000000  0.0000000 
 0.0000000       .1E1  0.0000000 
 0.0000000  0.0000000       .1E1 

         .17E1        .425E0

      .1E1  0.0000000 
 0.0000000       .1E1 




