!  pcemd-4  EMSL  Basis Set Exchange Library   3/19/13 6:29 PM
! Elements                             References
! --------                             ----------
! He H Be Li Ne C N F B O Mg Na Ar P Cl Al Si S: S. Lehtola, P. Manninen, M. Hakala, and K. Hämäläinen, Contraction of completeness-optimized basis sets: Application to ground-state electron momentum densities, J. Chem. Phys. 138, 044109 (2013).
! 



HE:pcemd-4
EMSL BASIS SET LIBRARY

  3
    0    1    2
    9    3    1
   16    3    1

  .740690302E4   .35932292E4  .146209251E4  .577244341E3  .224513918E3
  .877102413E2  .342458663E2   .13488153E2   .52562638E1  .204397958E1
  .803488917E0  .312114342E0  .122342947E0 .478455596E-1 .194364071E-1
 .939134103E-2

 .63992E-3  0.0000000  0.0000000  0.0000000  0.0000000  0.0000000  0.0000000 
 0.0000000  0.0000000 
 .10437E-3  0.0000000  0.0000000  0.0000000  0.0000000  0.0000000  0.0000000 
 0.0000000  0.0000000 
 .27519E-2  0.0000000  0.0000000  0.0000000  0.0000000  0.0000000  0.0000000 
 0.0000000  0.0000000 
 .68565E-2  0.0000000  0.0000000  0.0000000  0.0000000  0.0000000  0.0000000 
 0.0000000  0.0000000 
 .24288E-1  0.0000000  0.0000000  0.0000000  0.0000000  0.0000000  0.0000000 
 0.0000000  0.0000000 
 .75673E-1  0.0000000  0.0000000  0.0000000  0.0000000  0.0000000  0.0000000 
 0.0000000  0.0000000 
  .24167E0  0.0000000  0.0000000  0.0000000  0.0000000  0.0000000  0.0000000 
 0.0000000  0.0000000 
   .7211E0  0.0000000  0.0000000  0.0000000  0.0000000  0.0000000  0.0000000 
 0.0000000  0.0000000 
 0.0000000       .1E1  0.0000000  0.0000000  0.0000000  0.0000000  0.0000000 
 0.0000000  0.0000000 
 0.0000000  0.0000000       .1E1  0.0000000  0.0000000  0.0000000  0.0000000 
 0.0000000  0.0000000 
 0.0000000  0.0000000  0.0000000       .1E1  0.0000000  0.0000000  0.0000000 
 0.0000000  0.0000000 
 0.0000000  0.0000000  0.0000000  0.0000000       .1E1  0.0000000  0.0000000 
 0.0000000  0.0000000 
 0.0000000  0.0000000  0.0000000  0.0000000  0.0000000       .1E1  0.0000000 
 0.0000000  0.0000000 
 0.0000000  0.0000000  0.0000000  0.0000000  0.0000000  0.0000000       .1E1 
 0.0000000  0.0000000 
 0.0000000  0.0000000  0.0000000  0.0000000  0.0000000  0.0000000  0.0000000 
      .1E1  0.0000000 
 0.0000000  0.0000000  0.0000000  0.0000000  0.0000000  0.0000000  0.0000000 
 0.0000000       .1E1 

   .32800866E1  .206242079E1  .129150399E1

      .1E1  0.0000000  0.0000000 
 0.0000000       .1E1  0.0000000 
 0.0000000  0.0000000       .1E1 

  .298538262E0

      .1E1 

H:pcemd-4
EMSL BASIS SET LIBRARY

  3
    0    1    2
    9    3    1
   16    3    1

  .740690302E4   .35932292E4  .146209251E4  .577244341E3  .224513918E3
  .877102413E2  .342458663E2   .13488153E2   .52562638E1  .204397958E1
  .803488917E0  .312114342E0  .122342947E0 .478455596E-1 .194364071E-1
 .939134103E-2

 .59922E-3  0.0000000  0.0000000  0.0000000  0.0000000  0.0000000  0.0000000 
 0.0000000  0.0000000 
 .10292E-3  0.0000000  0.0000000  0.0000000  0.0000000  0.0000000  0.0000000 
 0.0000000  0.0000000 
  .2568E-2  0.0000000  0.0000000  0.0000000  0.0000000  0.0000000  0.0000000 
 0.0000000  0.0000000 
 .64806E-2  0.0000000  0.0000000  0.0000000  0.0000000  0.0000000  0.0000000 
 0.0000000  0.0000000 
 .22766E-1  0.0000000  0.0000000  0.0000000  0.0000000  0.0000000  0.0000000 
 0.0000000  0.0000000 
 .72064E-1  0.0000000  0.0000000  0.0000000  0.0000000  0.0000000  0.0000000 
 0.0000000  0.0000000 
   .2325E0  0.0000000  0.0000000  0.0000000  0.0000000  0.0000000  0.0000000 
 0.0000000  0.0000000 
  .73332E0  0.0000000  0.0000000  0.0000000  0.0000000  0.0000000  0.0000000 
 0.0000000  0.0000000 
 0.0000000       .1E1  0.0000000  0.0000000  0.0000000  0.0000000  0.0000000 
 0.0000000  0.0000000 
 0.0000000  0.0000000       .1E1  0.0000000  0.0000000  0.0000000  0.0000000 
 0.0000000  0.0000000 
 0.0000000  0.0000000  0.0000000       .1E1  0.0000000  0.0000000  0.0000000 
 0.0000000  0.0000000 
 0.0000000  0.0000000  0.0000000  0.0000000       .1E1  0.0000000  0.0000000 
 0.0000000  0.0000000 
 0.0000000  0.0000000  0.0000000  0.0000000  0.0000000       .1E1  0.0000000 
 0.0000000  0.0000000 
 0.0000000  0.0000000  0.0000000  0.0000000  0.0000000  0.0000000       .1E1 
 0.0000000  0.0000000 
 0.0000000  0.0000000  0.0000000  0.0000000  0.0000000  0.0000000  0.0000000 
      .1E1  0.0000000 
 0.0000000  0.0000000  0.0000000  0.0000000  0.0000000  0.0000000  0.0000000 
 0.0000000       .1E1 

   .32800866E1  .206242079E1  .129150399E1

      .1E1  0.0000000  0.0000000 
 0.0000000       .1E1  0.0000000 
 0.0000000  0.0000000       .1E1 

  .298538262E0

      .1E1 

BE:pcemd-4
EMSL BASIS SET LIBRARY

  4
    0    1    2    3
   10    8    3    1
   20    8    3    1

  .284881039E5  .139646318E5  .580279785E4  .233073844E4  .925172351E3
  .365006563E3   .14392431E3   .57024088E2  .225532128E2  .891766349E1
  .350818522E1  .138226202E1  .545040006E0  .214268246E0 .845224863E-1
 .329597247E-1 .130185109E-1  .50872453E-2 .206707582E-2 .100262428E-2

 .22947E-4  .36919E-4  0.0000000  0.0000000  0.0000000  0.0000000  0.0000000 
 0.0000000  0.0000000  0.0000000 
 .20608E-5  .28603E-5  0.0000000  0.0000000  0.0000000  0.0000000  0.0000000 
 0.0000000  0.0000000  0.0000000 
 .93219E-4  .15067E-3  0.0000000  0.0000000  0.0000000  0.0000000  0.0000000 
 0.0000000  0.0000000  0.0000000 
 .22294E-3  .35426E-3  0.0000000  0.0000000  0.0000000  0.0000000  0.0000000 
 0.0000000  0.0000000  0.0000000 
 .77247E-3  .12456E-2  0.0000000  0.0000000  0.0000000  0.0000000  0.0000000 
 0.0000000  0.0000000  0.0000000 
 .24289E-2  .38606E-2  0.0000000  0.0000000  0.0000000  0.0000000  0.0000000 
 0.0000000  0.0000000  0.0000000 
 .76252E-2  .12191E-1  0.0000000  0.0000000  0.0000000  0.0000000  0.0000000 
 0.0000000  0.0000000  0.0000000 
 .23401E-1  .36608E-1  0.0000000  0.0000000  0.0000000  0.0000000  0.0000000 
 0.0000000  0.0000000  0.0000000 
 .67279E-1   .10312E0  0.0000000  0.0000000  0.0000000  0.0000000  0.0000000 
 0.0000000  0.0000000  0.0000000 
  .17004E0   .24183E0  0.0000000  0.0000000  0.0000000  0.0000000  0.0000000 
 0.0000000  0.0000000  0.0000000 
  .34785E0   .41555E0  0.0000000  0.0000000  0.0000000  0.0000000  0.0000000 
 0.0000000  0.0000000  0.0000000 
  .50716E0   .33059E0  0.0000000  0.0000000  0.0000000  0.0000000  0.0000000 
 0.0000000  0.0000000  0.0000000 
 0.0000000  0.0000000       .1E1  0.0000000  0.0000000  0.0000000  0.0000000 
 0.0000000  0.0000000  0.0000000 
 0.0000000  0.0000000  0.0000000       .1E1  0.0000000  0.0000000  0.0000000 
 0.0000000  0.0000000  0.0000000 
 0.0000000  0.0000000  0.0000000  0.0000000       .1E1  0.0000000  0.0000000 
 0.0000000  0.0000000  0.0000000 
 0.0000000  0.0000000  0.0000000  0.0000000  0.0000000       .1E1  0.0000000 
 0.0000000  0.0000000  0.0000000 
 0.0000000  0.0000000  0.0000000  0.0000000  0.0000000  0.0000000       .1E1 
 0.0000000  0.0000000  0.0000000 
 0.0000000  0.0000000  0.0000000  0.0000000  0.0000000  0.0000000  0.0000000 
      .1E1  0.0000000  0.0000000 
 0.0000000  0.0000000  0.0000000  0.0000000  0.0000000  0.0000000  0.0000000 
 0.0000000       .1E1  0.0000000 
 0.0000000  0.0000000  0.0000000  0.0000000  0.0000000  0.0000000  0.0000000 
 0.0000000  0.0000000       .1E1 

  .108745094E2  .508147323E1  .206000617E1  .818724718E0   .32619036E0
  .128645118E0  .52015435E-1 .242024516E-1

      .1E1  0.0000000  0.0000000  0.0000000  0.0000000  0.0000000  0.0000000 
 0.0000000 
 0.0000000       .1E1  0.0000000  0.0000000  0.0000000  0.0000000  0.0000000 
 0.0000000 
 0.0000000  0.0000000       .1E1  0.0000000  0.0000000  0.0000000  0.0000000 
 0.0000000 
 0.0000000  0.0000000  0.0000000       .1E1  0.0000000  0.0000000  0.0000000 
 0.0000000 
 0.0000000  0.0000000  0.0000000  0.0000000       .1E1  0.0000000  0.0000000 
 0.0000000 
 0.0000000  0.0000000  0.0000000  0.0000000  0.0000000       .1E1  0.0000000 
 0.0000000 
 0.0000000  0.0000000  0.0000000  0.0000000  0.0000000  0.0000000       .1E1 
 0.0000000 
 0.0000000  0.0000000  0.0000000  0.0000000  0.0000000  0.0000000  0.0000000 
      .1E1 

  .376602241E0  .155113951E0 .632777733E-1

      .1E1  0.0000000  0.0000000 
 0.0000000       .1E1  0.0000000 
 0.0000000  0.0000000       .1E1 

  .143301257E0

      .1E1 

LI:pcemd-4
EMSL BASIS SET LIBRARY

  4
    0    1    2    3
   10    8    3    1
   20    8    3    1

  .284881039E5  .139646318E5  .580279785E4  .233073844E4  .925172351E3
  .365006563E3   .14392431E3   .57024088E2  .225532128E2  .891766349E1
  .350818522E1  .138226202E1  .545040006E0  .214268246E0 .845224863E-1
 .329597247E-1 .130185109E-1  .50872453E-2 .206707582E-2 .100262428E-2

 .16345E-4  .20766E-4  0.0000000  0.0000000  0.0000000  0.0000000  0.0000000 
 0.0000000  0.0000000  0.0000000 
 .17449E-5  .19296E-5  0.0000000  0.0000000  0.0000000  0.0000000  0.0000000 
 0.0000000  0.0000000  0.0000000 
 .65944E-4  .84224E-4  0.0000000  0.0000000  0.0000000  0.0000000  0.0000000 
 0.0000000  0.0000000  0.0000000 
 .16148E-3  .20242E-3  0.0000000  0.0000000  0.0000000  0.0000000  0.0000000 
 0.0000000  0.0000000  0.0000000 
 .54802E-3  .69857E-3  0.0000000  0.0000000  0.0000000  0.0000000  0.0000000 
 0.0000000  0.0000000  0.0000000 
 .17572E-2  .22071E-2  0.0000000  0.0000000  0.0000000  0.0000000  0.0000000 
 0.0000000  0.0000000  0.0000000 
 .54651E-2  .69308E-2  0.0000000  0.0000000  0.0000000  0.0000000  0.0000000 
 0.0000000  0.0000000  0.0000000 
 .17253E-1  .21528E-1  0.0000000  0.0000000  0.0000000  0.0000000  0.0000000 
 0.0000000  0.0000000  0.0000000 
 .50989E-1  .63324E-1  0.0000000  0.0000000  0.0000000  0.0000000  0.0000000 
 0.0000000  0.0000000  0.0000000 
   .1412E0   .16824E0  0.0000000  0.0000000  0.0000000  0.0000000  0.0000000 
 0.0000000  0.0000000  0.0000000 
  .31743E0   .35532E0  0.0000000  0.0000000  0.0000000  0.0000000  0.0000000 
 0.0000000  0.0000000  0.0000000 
  .57654E0   .50441E0  0.0000000  0.0000000  0.0000000  0.0000000  0.0000000 
 0.0000000  0.0000000  0.0000000 
 0.0000000  0.0000000       .1E1  0.0000000  0.0000000  0.0000000  0.0000000 
 0.0000000  0.0000000  0.0000000 
 0.0000000  0.0000000  0.0000000       .1E1  0.0000000  0.0000000  0.0000000 
 0.0000000  0.0000000  0.0000000 
 0.0000000  0.0000000  0.0000000  0.0000000       .1E1  0.0000000  0.0000000 
 0.0000000  0.0000000  0.0000000 
 0.0000000  0.0000000  0.0000000  0.0000000  0.0000000       .1E1  0.0000000 
 0.0000000  0.0000000  0.0000000 
 0.0000000  0.0000000  0.0000000  0.0000000  0.0000000  0.0000000       .1E1 
 0.0000000  0.0000000  0.0000000 
 0.0000000  0.0000000  0.0000000  0.0000000  0.0000000  0.0000000  0.0000000 
      .1E1  0.0000000  0.0000000 
 0.0000000  0.0000000  0.0000000  0.0000000  0.0000000  0.0000000  0.0000000 
 0.0000000       .1E1  0.0000000 
 0.0000000  0.0000000  0.0000000  0.0000000  0.0000000  0.0000000  0.0000000 
 0.0000000  0.0000000       .1E1 

  .108745094E2  .508147323E1  .206000617E1  .818724718E0   .32619036E0
  .128645118E0  .52015435E-1 .242024516E-1

      .1E1  0.0000000  0.0000000  0.0000000  0.0000000  0.0000000  0.0000000 
 0.0000000 
 0.0000000       .1E1  0.0000000  0.0000000  0.0000000  0.0000000  0.0000000 
 0.0000000 
 0.0000000  0.0000000       .1E1  0.0000000  0.0000000  0.0000000  0.0000000 
 0.0000000 
 0.0000000  0.0000000  0.0000000       .1E1  0.0000000  0.0000000  0.0000000 
 0.0000000 
 0.0000000  0.0000000  0.0000000  0.0000000       .1E1  0.0000000  0.0000000 
 0.0000000 
 0.0000000  0.0000000  0.0000000  0.0000000  0.0000000       .1E1  0.0000000 
 0.0000000 
 0.0000000  0.0000000  0.0000000  0.0000000  0.0000000  0.0000000       .1E1 
 0.0000000 
 0.0000000  0.0000000  0.0000000  0.0000000  0.0000000  0.0000000  0.0000000 
      .1E1 

  .376602241E0  .155113951E0 .632777733E-1

      .1E1  0.0000000  0.0000000 
 0.0000000       .1E1  0.0000000 
 0.0000000  0.0000000       .1E1 

  .143301257E0

      .1E1 

NE:pcemd-4
EMSL BASIS SET LIBRARY

  4
    0    1    2    3
   10    7    3    1
   18   11    3    1

  .163517154E6  .709725644E5  .260596415E5  .938727974E4  .334136556E4
  .119988028E4  .427140858E3  .151883807E3  .540421108E2   .19190428E2
  .687926793E1  .244004526E1  .867393876E0   .30943561E0  .110118165E0
 .391262821E-1 .143975927E-1 .627701912E-2

 .45446E-4  .34191E-4  0.0000000  0.0000000  0.0000000  0.0000000  0.0000000 
 0.0000000  0.0000000  0.0000000 
 .35414E-4  .27649E-4  0.0000000  0.0000000  0.0000000  0.0000000  0.0000000 
 0.0000000  0.0000000  0.0000000 
 .28085E-3  .21011E-3  0.0000000  0.0000000  0.0000000  0.0000000  0.0000000 
 0.0000000  0.0000000  0.0000000 
  .8869E-3  .67954E-3  0.0000000  0.0000000  0.0000000  0.0000000  0.0000000 
 0.0000000  0.0000000  0.0000000 
 .33364E-2  .25078E-2  0.0000000  0.0000000  0.0000000  0.0000000  0.0000000 
 0.0000000  0.0000000  0.0000000 
 .11624E-1  .89283E-2  0.0000000  0.0000000  0.0000000  0.0000000  0.0000000 
 0.0000000  0.0000000  0.0000000 
 .41371E-1  .31666E-1  0.0000000  0.0000000  0.0000000  0.0000000  0.0000000 
 0.0000000  0.0000000  0.0000000 
  .13239E0   .10608E0  0.0000000  0.0000000  0.0000000  0.0000000  0.0000000 
 0.0000000  0.0000000  0.0000000 
  .35584E0   .30649E0  0.0000000  0.0000000  0.0000000  0.0000000  0.0000000 
 0.0000000  0.0000000  0.0000000 
  .56885E0    .6442E0  0.0000000  0.0000000  0.0000000  0.0000000  0.0000000 
 0.0000000  0.0000000  0.0000000 
 0.0000000  0.0000000       .1E1  0.0000000  0.0000000  0.0000000  0.0000000 
 0.0000000  0.0000000  0.0000000 
 0.0000000  0.0000000  0.0000000       .1E1  0.0000000  0.0000000  0.0000000 
 0.0000000  0.0000000  0.0000000 
 0.0000000  0.0000000  0.0000000  0.0000000       .1E1  0.0000000  0.0000000 
 0.0000000  0.0000000  0.0000000 
 0.0000000  0.0000000  0.0000000  0.0000000  0.0000000       .1E1  0.0000000 
 0.0000000  0.0000000  0.0000000 
 0.0000000  0.0000000  0.0000000  0.0000000  0.0000000  0.0000000       .1E1 
 0.0000000  0.0000000  0.0000000 
 0.0000000  0.0000000  0.0000000  0.0000000  0.0000000  0.0000000  0.0000000 
      .1E1  0.0000000  0.0000000 
 0.0000000  0.0000000  0.0000000  0.0000000  0.0000000  0.0000000  0.0000000 
 0.0000000       .1E1  0.0000000 
 0.0000000  0.0000000  0.0000000  0.0000000  0.0000000  0.0000000  0.0000000 
 0.0000000  0.0000000       .1E1 

  .131543987E3  .646835291E2  .277100738E2   .11425678E2  .472622211E1
  .195618488E1  .804846543E0  .330586918E0  .136780292E0 .579034497E-1
 .282037205E-1

 .11069E-1  0.0000000  0.0000000  0.0000000  0.0000000  0.0000000  0.0000000 
 .14773E-1  0.0000000  0.0000000  0.0000000  0.0000000  0.0000000  0.0000000 
  .9012E-1  0.0000000  0.0000000  0.0000000  0.0000000  0.0000000  0.0000000 
  .27757E0  0.0000000  0.0000000  0.0000000  0.0000000  0.0000000  0.0000000 
  .70628E0  0.0000000  0.0000000  0.0000000  0.0000000  0.0000000  0.0000000 
 0.0000000       .1E1  0.0000000  0.0000000  0.0000000  0.0000000  0.0000000 
 0.0000000  0.0000000       .1E1  0.0000000  0.0000000  0.0000000  0.0000000 
 0.0000000  0.0000000  0.0000000       .1E1  0.0000000  0.0000000  0.0000000 
 0.0000000  0.0000000  0.0000000  0.0000000       .1E1  0.0000000  0.0000000 
 0.0000000  0.0000000  0.0000000  0.0000000  0.0000000       .1E1  0.0000000 
 0.0000000  0.0000000  0.0000000  0.0000000  0.0000000  0.0000000       .1E1 

  .131883703E1  .682425255E0  .355041674E0

      .1E1  0.0000000  0.0000000 
 0.0000000       .1E1  0.0000000 
 0.0000000  0.0000000       .1E1 

  .841395142E0

      .1E1 

C:pcemd-4
EMSL BASIS SET LIBRARY

  4
    0    1    2    3
   10    7    3    1
   18   11    3    1

  .163517154E6  .709725644E5  .260596415E5  .938727974E4  .334136556E4
  .119988028E4  .427140858E3  .151883807E3  .540421108E2   .19190428E2
  .687926793E1  .244004526E1  .867393876E0   .30943561E0  .110118165E0
 .391262821E-1 .143975927E-1 .627701912E-2

 .22642E-4  .25361E-4  0.0000000  0.0000000  0.0000000  0.0000000  0.0000000 
 0.0000000  0.0000000  0.0000000 
 .16645E-4  .19753E-4  0.0000000  0.0000000  0.0000000  0.0000000  0.0000000 
 0.0000000  0.0000000  0.0000000 
 .14115E-3  .15671E-3  0.0000000  0.0000000  0.0000000  0.0000000  0.0000000 
 0.0000000  0.0000000  0.0000000 
 .43102E-3   .4956E-3  0.0000000  0.0000000  0.0000000  0.0000000  0.0000000 
 0.0000000  0.0000000  0.0000000 
 .16788E-2  .18697E-2  0.0000000  0.0000000  0.0000000  0.0000000  0.0000000 
 0.0000000  0.0000000  0.0000000 
  .5763E-2   .6576E-2  0.0000000  0.0000000  0.0000000  0.0000000  0.0000000 
 0.0000000  0.0000000  0.0000000 
  .2163E-1   .2401E-1  0.0000000  0.0000000  0.0000000  0.0000000  0.0000000 
 0.0000000  0.0000000  0.0000000 
 .74235E-1  .82808E-1  0.0000000  0.0000000  0.0000000  0.0000000  0.0000000 
 0.0000000  0.0000000  0.0000000 
  .25515E0     .269E0  0.0000000  0.0000000  0.0000000  0.0000000  0.0000000 
 0.0000000  0.0000000  0.0000000 
  .72178E0   .70145E0  0.0000000  0.0000000  0.0000000  0.0000000  0.0000000 
 0.0000000  0.0000000  0.0000000 
 0.0000000  0.0000000       .1E1  0.0000000  0.0000000  0.0000000  0.0000000 
 0.0000000  0.0000000  0.0000000 
 0.0000000  0.0000000  0.0000000       .1E1  0.0000000  0.0000000  0.0000000 
 0.0000000  0.0000000  0.0000000 
 0.0000000  0.0000000  0.0000000  0.0000000       .1E1  0.0000000  0.0000000 
 0.0000000  0.0000000  0.0000000 
 0.0000000  0.0000000  0.0000000  0.0000000  0.0000000       .1E1  0.0000000 
 0.0000000  0.0000000  0.0000000 
 0.0000000  0.0000000  0.0000000  0.0000000  0.0000000  0.0000000       .1E1 
 0.0000000  0.0000000  0.0000000 
 0.0000000  0.0000000  0.0000000  0.0000000  0.0000000  0.0000000  0.0000000 
      .1E1  0.0000000  0.0000000 
 0.0000000  0.0000000  0.0000000  0.0000000  0.0000000  0.0000000  0.0000000 
 0.0000000       .1E1  0.0000000 
 0.0000000  0.0000000  0.0000000  0.0000000  0.0000000  0.0000000  0.0000000 
 0.0000000  0.0000000       .1E1 

  .131543987E3  .646835291E2  .277100738E2   .11425678E2  .472622211E1
  .195618488E1  .804846543E0  .330586918E0  .136780292E0 .579034497E-1
 .282037205E-1

  .6922E-2  0.0000000  0.0000000  0.0000000  0.0000000  0.0000000  0.0000000 
 .10231E-1  0.0000000  0.0000000  0.0000000  0.0000000  0.0000000  0.0000000 
 .65476E-1  0.0000000  0.0000000  0.0000000  0.0000000  0.0000000  0.0000000 
  .23309E0  0.0000000  0.0000000  0.0000000  0.0000000  0.0000000  0.0000000 
  .76515E0  0.0000000  0.0000000  0.0000000  0.0000000  0.0000000  0.0000000 
 0.0000000       .1E1  0.0000000  0.0000000  0.0000000  0.0000000  0.0000000 
 0.0000000  0.0000000       .1E1  0.0000000  0.0000000  0.0000000  0.0000000 
 0.0000000  0.0000000  0.0000000       .1E1  0.0000000  0.0000000  0.0000000 
 0.0000000  0.0000000  0.0000000  0.0000000       .1E1  0.0000000  0.0000000 
 0.0000000  0.0000000  0.0000000  0.0000000  0.0000000       .1E1  0.0000000 
 0.0000000  0.0000000  0.0000000  0.0000000  0.0000000  0.0000000       .1E1 

  .131883703E1  .682425255E0  .355041674E0

      .1E1  0.0000000  0.0000000 
 0.0000000       .1E1  0.0000000 
 0.0000000  0.0000000       .1E1 

  .841395142E0

      .1E1 

N:pcemd-4
EMSL BASIS SET LIBRARY

  4
    0    1    2    3
   10    7    3    1
   18   11    3    1

  .163517154E6  .709725644E5  .260596415E5  .938727974E4  .334136556E4
  .119988028E4  .427140858E3  .151883807E3  .540421108E2   .19190428E2
  .687926793E1  .244004526E1  .867393876E0   .30943561E0  .110118165E0
 .391262821E-1 .143975927E-1 .627701912E-2

 .24231E-4  .28425E-4  0.0000000  0.0000000  0.0000000  0.0000000  0.0000000 
 0.0000000  0.0000000  0.0000000 
 .18063E-4  .23163E-4  0.0000000  0.0000000  0.0000000  0.0000000  0.0000000 
 0.0000000  0.0000000  0.0000000 
 .15077E-3  .17439E-3  0.0000000  0.0000000  0.0000000  0.0000000  0.0000000 
 0.0000000  0.0000000  0.0000000 
 .46412E-3  .56729E-3  0.0000000  0.0000000  0.0000000  0.0000000  0.0000000 
 0.0000000  0.0000000  0.0000000 
 .17941E-2  .20858E-2  0.0000000  0.0000000  0.0000000  0.0000000  0.0000000 
 0.0000000  0.0000000  0.0000000 
 .61897E-2  .74786E-2  0.0000000  0.0000000  0.0000000  0.0000000  0.0000000 
 0.0000000  0.0000000  0.0000000 
 .23045E-1  .26677E-1  0.0000000  0.0000000  0.0000000  0.0000000  0.0000000 
 0.0000000  0.0000000  0.0000000 
 .78752E-1  .92059E-1  0.0000000  0.0000000  0.0000000  0.0000000  0.0000000 
 0.0000000  0.0000000  0.0000000 
  .26308E0   .28295E0  0.0000000  0.0000000  0.0000000  0.0000000  0.0000000 
 0.0000000  0.0000000  0.0000000 
  .71044E0   .68008E0  0.0000000  0.0000000  0.0000000  0.0000000  0.0000000 
 0.0000000  0.0000000  0.0000000 
 0.0000000  0.0000000       .1E1  0.0000000  0.0000000  0.0000000  0.0000000 
 0.0000000  0.0000000  0.0000000 
 0.0000000  0.0000000  0.0000000       .1E1  0.0000000  0.0000000  0.0000000 
 0.0000000  0.0000000  0.0000000 
 0.0000000  0.0000000  0.0000000  0.0000000       .1E1  0.0000000  0.0000000 
 0.0000000  0.0000000  0.0000000 
 0.0000000  0.0000000  0.0000000  0.0000000  0.0000000       .1E1  0.0000000 
 0.0000000  0.0000000  0.0000000 
 0.0000000  0.0000000  0.0000000  0.0000000  0.0000000  0.0000000       .1E1 
 0.0000000  0.0000000  0.0000000 
 0.0000000  0.0000000  0.0000000  0.0000000  0.0000000  0.0000000  0.0000000 
      .1E1  0.0000000  0.0000000 
 0.0000000  0.0000000  0.0000000  0.0000000  0.0000000  0.0000000  0.0000000 
 0.0000000       .1E1  0.0000000 
 0.0000000  0.0000000  0.0000000  0.0000000  0.0000000  0.0000000  0.0000000 
 0.0000000  0.0000000       .1E1 

  .131543987E3  .646835291E2  .277100738E2   .11425678E2  .472622211E1
  .195618488E1  .804846543E0  .330586918E0  .136780292E0 .579034497E-1
 .282037205E-1

 .76594E-2  0.0000000  0.0000000  0.0000000  0.0000000  0.0000000  0.0000000 
 .10897E-1  0.0000000  0.0000000  0.0000000  0.0000000  0.0000000  0.0000000 
 .69665E-1  0.0000000  0.0000000  0.0000000  0.0000000  0.0000000  0.0000000 
  .23685E0  0.0000000  0.0000000  0.0000000  0.0000000  0.0000000  0.0000000 
  .75887E0  0.0000000  0.0000000  0.0000000  0.0000000  0.0000000  0.0000000 
 0.0000000       .1E1  0.0000000  0.0000000  0.0000000  0.0000000  0.0000000 
 0.0000000  0.0000000       .1E1  0.0000000  0.0000000  0.0000000  0.0000000 
 0.0000000  0.0000000  0.0000000       .1E1  0.0000000  0.0000000  0.0000000 
 0.0000000  0.0000000  0.0000000  0.0000000       .1E1  0.0000000  0.0000000 
 0.0000000  0.0000000  0.0000000  0.0000000  0.0000000       .1E1  0.0000000 
 0.0000000  0.0000000  0.0000000  0.0000000  0.0000000  0.0000000       .1E1 

  .131883703E1  .682425255E0  .355041674E0

      .1E1  0.0000000  0.0000000 
 0.0000000       .1E1  0.0000000 
 0.0000000  0.0000000       .1E1 

  .841395142E0

      .1E1 

F:pcemd-4
EMSL BASIS SET LIBRARY

  4
    0    1    2    3
   10    7    3    1
   18   11    3    1

  .163517154E6  .709725644E5  .260596415E5  .938727974E4  .334136556E4
  .119988028E4  .427140858E3  .151883807E3  .540421108E2   .19190428E2
  .687926793E1  .244004526E1  .867393876E0   .30943561E0  .110118165E0
 .391262821E-1 .143975927E-1 .627701912E-2

 .28345E-4  .38151E-4  0.0000000  0.0000000  0.0000000  0.0000000  0.0000000 
 0.0000000  0.0000000  0.0000000 
 .22959E-4  .30537E-4  0.0000000  0.0000000  0.0000000  0.0000000  0.0000000 
 0.0000000  0.0000000  0.0000000 
 .17414E-3  .23476E-3  0.0000000  0.0000000  0.0000000  0.0000000  0.0000000 
 0.0000000  0.0000000  0.0000000 
 .56409E-3  .75435E-3  0.0000000  0.0000000  0.0000000  0.0000000  0.0000000 
 0.0000000  0.0000000  0.0000000 
 .20819E-2   .2798E-2  0.0000000  0.0000000  0.0000000  0.0000000  0.0000000 
 0.0000000  0.0000000  0.0000000 
 .74412E-2  .99003E-2  0.0000000  0.0000000  0.0000000  0.0000000  0.0000000 
 0.0000000  0.0000000  0.0000000 
 .26605E-1  .35127E-1  0.0000000  0.0000000  0.0000000  0.0000000  0.0000000 
 0.0000000  0.0000000  0.0000000 
 .91394E-1   .11607E0  0.0000000  0.0000000  0.0000000  0.0000000  0.0000000 
 0.0000000  0.0000000  0.0000000 
  .28016E0   .32664E0  0.0000000  0.0000000  0.0000000  0.0000000  0.0000000 
 0.0000000  0.0000000  0.0000000 
  .68329E0   .61476E0  0.0000000  0.0000000  0.0000000  0.0000000  0.0000000 
 0.0000000  0.0000000  0.0000000 
 0.0000000  0.0000000       .1E1  0.0000000  0.0000000  0.0000000  0.0000000 
 0.0000000  0.0000000  0.0000000 
 0.0000000  0.0000000  0.0000000       .1E1  0.0000000  0.0000000  0.0000000 
 0.0000000  0.0000000  0.0000000 
 0.0000000  0.0000000  0.0000000  0.0000000       .1E1  0.0000000  0.0000000 
 0.0000000  0.0000000  0.0000000 
 0.0000000  0.0000000  0.0000000  0.0000000  0.0000000       .1E1  0.0000000 
 0.0000000  0.0000000  0.0000000 
 0.0000000  0.0000000  0.0000000  0.0000000  0.0000000  0.0000000       .1E1 
 0.0000000  0.0000000  0.0000000 
 0.0000000  0.0000000  0.0000000  0.0000000  0.0000000  0.0000000  0.0000000 
      .1E1  0.0000000  0.0000000 
 0.0000000  0.0000000  0.0000000  0.0000000  0.0000000  0.0000000  0.0000000 
 0.0000000       .1E1  0.0000000 
 0.0000000  0.0000000  0.0000000  0.0000000  0.0000000  0.0000000  0.0000000 
 0.0000000  0.0000000       .1E1 

  .131543987E3  .646835291E2  .277100738E2   .11425678E2  .472622211E1
  .195618488E1  .804846543E0  .330586918E0  .136780292E0 .579034497E-1
 .282037205E-1

 .96426E-2  0.0000000  0.0000000  0.0000000  0.0000000  0.0000000  0.0000000 
 .13105E-1  0.0000000  0.0000000  0.0000000  0.0000000  0.0000000  0.0000000 
 .81366E-1  0.0000000  0.0000000  0.0000000  0.0000000  0.0000000  0.0000000 
  .26009E0  0.0000000  0.0000000  0.0000000  0.0000000  0.0000000  0.0000000 
  .72911E0  0.0000000  0.0000000  0.0000000  0.0000000  0.0000000  0.0000000 
 0.0000000       .1E1  0.0000000  0.0000000  0.0000000  0.0000000  0.0000000 
 0.0000000  0.0000000       .1E1  0.0000000  0.0000000  0.0000000  0.0000000 
 0.0000000  0.0000000  0.0000000       .1E1  0.0000000  0.0000000  0.0000000 
 0.0000000  0.0000000  0.0000000  0.0000000       .1E1  0.0000000  0.0000000 
 0.0000000  0.0000000  0.0000000  0.0000000  0.0000000       .1E1  0.0000000 
 0.0000000  0.0000000  0.0000000  0.0000000  0.0000000  0.0000000       .1E1 

  .131883703E1  .682425255E0  .355041674E0

      .1E1  0.0000000  0.0000000 
 0.0000000       .1E1  0.0000000 
 0.0000000  0.0000000       .1E1 

  .841395142E0

      .1E1 

B:pcemd-4
EMSL BASIS SET LIBRARY

  4
    0    1    2    3
   10    7    3    1
   18   11    3    1

  .163517154E6  .709725644E5  .260596415E5  .938727974E4  .334136556E4
  .119988028E4  .427140858E3  .151883807E3  .540421108E2   .19190428E2
  .687926793E1  .244004526E1  .867393876E0   .30943561E0  .110118165E0
 .391262821E-1 .143975927E-1 .627701912E-2

 .20875E-4  .22983E-4  0.0000000  0.0000000  0.0000000  0.0000000  0.0000000 
 0.0000000  0.0000000  0.0000000 
 .16011E-4  .16842E-4  0.0000000  0.0000000  0.0000000  0.0000000  0.0000000 
 0.0000000  0.0000000  0.0000000 
 .12929E-3  .14332E-3  0.0000000  0.0000000  0.0000000  0.0000000  0.0000000 
 0.0000000  0.0000000  0.0000000 
 .40523E-3  .43686E-3  0.0000000  0.0000000  0.0000000  0.0000000  0.0000000 
 0.0000000  0.0000000  0.0000000 
  .1543E-2  .17039E-2  0.0000000  0.0000000  0.0000000  0.0000000  0.0000000 
 0.0000000  0.0000000  0.0000000 
 .54044E-2  .58404E-2  0.0000000  0.0000000  0.0000000  0.0000000  0.0000000 
 0.0000000  0.0000000  0.0000000 
 .20006E-1  .21925E-1  0.0000000  0.0000000  0.0000000  0.0000000  0.0000000 
 0.0000000  0.0000000  0.0000000 
 .70194E-1   .7508E-1  0.0000000  0.0000000  0.0000000  0.0000000  0.0000000 
 0.0000000  0.0000000  0.0000000 
  .24377E0   .25748E0  0.0000000  0.0000000  0.0000000  0.0000000  0.0000000 
 0.0000000  0.0000000  0.0000000 
  .73603E0   .71886E0  0.0000000  0.0000000  0.0000000  0.0000000  0.0000000 
 0.0000000  0.0000000  0.0000000 
 0.0000000  0.0000000       .1E1  0.0000000  0.0000000  0.0000000  0.0000000 
 0.0000000  0.0000000  0.0000000 
 0.0000000  0.0000000  0.0000000       .1E1  0.0000000  0.0000000  0.0000000 
 0.0000000  0.0000000  0.0000000 
 0.0000000  0.0000000  0.0000000  0.0000000       .1E1  0.0000000  0.0000000 
 0.0000000  0.0000000  0.0000000 
 0.0000000  0.0000000  0.0000000  0.0000000  0.0000000       .1E1  0.0000000 
 0.0000000  0.0000000  0.0000000 
 0.0000000  0.0000000  0.0000000  0.0000000  0.0000000  0.0000000       .1E1 
 0.0000000  0.0000000  0.0000000 
 0.0000000  0.0000000  0.0000000  0.0000000  0.0000000  0.0000000  0.0000000 
      .1E1  0.0000000  0.0000000 
 0.0000000  0.0000000  0.0000000  0.0000000  0.0000000  0.0000000  0.0000000 
 0.0000000       .1E1  0.0000000 
 0.0000000  0.0000000  0.0000000  0.0000000  0.0000000  0.0000000  0.0000000 
 0.0000000  0.0000000       .1E1 

  .131543987E3  .646835291E2  .277100738E2   .11425678E2  .472622211E1
  .195618488E1  .804846543E0  .330586918E0  .136780292E0 .579034497E-1
 .282037205E-1

 .62684E-2  0.0000000  0.0000000  0.0000000  0.0000000  0.0000000  0.0000000 
 .95061E-2  0.0000000  0.0000000  0.0000000  0.0000000  0.0000000  0.0000000 
 .61573E-1  0.0000000  0.0000000  0.0000000  0.0000000  0.0000000  0.0000000 
  .23048E0  0.0000000  0.0000000  0.0000000  0.0000000  0.0000000  0.0000000 
  .77017E0  0.0000000  0.0000000  0.0000000  0.0000000  0.0000000  0.0000000 
 0.0000000       .1E1  0.0000000  0.0000000  0.0000000  0.0000000  0.0000000 
 0.0000000  0.0000000       .1E1  0.0000000  0.0000000  0.0000000  0.0000000 
 0.0000000  0.0000000  0.0000000       .1E1  0.0000000  0.0000000  0.0000000 
 0.0000000  0.0000000  0.0000000  0.0000000       .1E1  0.0000000  0.0000000 
 0.0000000  0.0000000  0.0000000  0.0000000  0.0000000       .1E1  0.0000000 
 0.0000000  0.0000000  0.0000000  0.0000000  0.0000000  0.0000000       .1E1 

  .131883703E1  .682425255E0  .355041674E0

      .1E1  0.0000000  0.0000000 
 0.0000000       .1E1  0.0000000 
 0.0000000  0.0000000       .1E1 

  .841395142E0

      .1E1 

O:pcemd-4
EMSL BASIS SET LIBRARY

  4
    0    1    2    3
   10    7    3    1
   18   11    3    1

  .163517154E6  .709725644E5  .260596415E5  .938727974E4  .334136556E4
  .119988028E4  .427140858E3  .151883807E3  .540421108E2   .19190428E2
  .687926793E1  .244004526E1  .867393876E0   .30943561E0  .110118165E0
 .391262821E-1 .143975927E-1 .627701912E-2

 .26072E-4  .32622E-4  0.0000000  0.0000000  0.0000000  0.0000000  0.0000000 
 0.0000000  0.0000000  0.0000000 
 .20384E-4  .26684E-4  0.0000000  0.0000000  0.0000000  0.0000000  0.0000000 
 0.0000000  0.0000000  0.0000000 
 .16106E-3  .20002E-3  0.0000000  0.0000000  0.0000000  0.0000000  0.0000000 
 0.0000000  0.0000000  0.0000000 
 .51038E-3    .652E-3  0.0000000  0.0000000  0.0000000  0.0000000  0.0000000 
 0.0000000  0.0000000  0.0000000 
 .19218E-2  .23906E-2  0.0000000  0.0000000  0.0000000  0.0000000  0.0000000 
 0.0000000  0.0000000  0.0000000 
 .67666E-2  .85681E-2  0.0000000  0.0000000  0.0000000  0.0000000  0.0000000 
 0.0000000  0.0000000  0.0000000 
 .24639E-1  .30334E-1  0.0000000  0.0000000  0.0000000  0.0000000  0.0000000 
 0.0000000  0.0000000  0.0000000 
 .84625E-1   .10302E0  0.0000000  0.0000000  0.0000000  0.0000000  0.0000000 
 0.0000000  0.0000000  0.0000000 
  .27058E0   .30224E0  0.0000000  0.0000000  0.0000000  0.0000000  0.0000000 
 0.0000000  0.0000000  0.0000000 
  .69835E0   .65136E0  0.0000000  0.0000000  0.0000000  0.0000000  0.0000000 
 0.0000000  0.0000000  0.0000000 
 0.0000000  0.0000000       .1E1  0.0000000  0.0000000  0.0000000  0.0000000 
 0.0000000  0.0000000  0.0000000 
 0.0000000  0.0000000  0.0000000       .1E1  0.0000000  0.0000000  0.0000000 
 0.0000000  0.0000000  0.0000000 
 0.0000000  0.0000000  0.0000000  0.0000000       .1E1  0.0000000  0.0000000 
 0.0000000  0.0000000  0.0000000 
 0.0000000  0.0000000  0.0000000  0.0000000  0.0000000       .1E1  0.0000000 
 0.0000000  0.0000000  0.0000000 
 0.0000000  0.0000000  0.0000000  0.0000000  0.0000000  0.0000000       .1E1 
 0.0000000  0.0000000  0.0000000 
 0.0000000  0.0000000  0.0000000  0.0000000  0.0000000  0.0000000  0.0000000 
      .1E1  0.0000000  0.0000000 
 0.0000000  0.0000000  0.0000000  0.0000000  0.0000000  0.0000000  0.0000000 
 0.0000000       .1E1  0.0000000 
 0.0000000  0.0000000  0.0000000  0.0000000  0.0000000  0.0000000  0.0000000 
 0.0000000  0.0000000       .1E1 

  .131543987E3  .646835291E2  .277100738E2   .11425678E2  .472622211E1
  .195618488E1  .804846543E0  .330586918E0  .136780292E0 .579034497E-1
 .282037205E-1

   .852E-2  0.0000000  0.0000000  0.0000000  0.0000000  0.0000000  0.0000000 
 .11788E-1  0.0000000  0.0000000  0.0000000  0.0000000  0.0000000  0.0000000 
 .74601E-1  0.0000000  0.0000000  0.0000000  0.0000000  0.0000000  0.0000000 
  .24555E0  0.0000000  0.0000000  0.0000000  0.0000000  0.0000000  0.0000000 
  .74744E0  0.0000000  0.0000000  0.0000000  0.0000000  0.0000000  0.0000000 
 0.0000000       .1E1  0.0000000  0.0000000  0.0000000  0.0000000  0.0000000 
 0.0000000  0.0000000       .1E1  0.0000000  0.0000000  0.0000000  0.0000000 
 0.0000000  0.0000000  0.0000000       .1E1  0.0000000  0.0000000  0.0000000 
 0.0000000  0.0000000  0.0000000  0.0000000       .1E1  0.0000000  0.0000000 
 0.0000000  0.0000000  0.0000000  0.0000000  0.0000000       .1E1  0.0000000 
 0.0000000  0.0000000  0.0000000  0.0000000  0.0000000  0.0000000       .1E1 

  .131883703E1  .682425255E0  .355041674E0

      .1E1  0.0000000  0.0000000 
 0.0000000       .1E1  0.0000000 
 0.0000000  0.0000000       .1E1 

  .841395142E0

      .1E1 

MG:pcemd-4
EMSL BASIS SET LIBRARY

  4
    0    1    2    3
   17    3    2    1
   22   10    2    1

  .165563846E6  .819044998E5  .343047951E5   .13846808E5  .553351416E4
  .221622787E4   .87744118E3  .349011109E3  .138540869E3  .550716397E2
  .218337595E2   .86769475E1   .34319608E1  .135315219E1  .537154301E0
  .211545293E0  .83354421E-1 .326827384E-1  .12847262E-1 .508613627E-2
 .207025342E-2 .101028221E-2

  .8071E-3  .79347E-3  .78117E-3  0.0000000  0.0000000  0.0000000  0.0000000 
 0.0000000  0.0000000  0.0000000  0.0000000  0.0000000  0.0000000  0.0000000 
 0.0000000  0.0000000  0.0000000 
 .55016E-4  .47085E-4   .4198E-4  0.0000000  0.0000000  0.0000000  0.0000000 
 0.0000000  0.0000000  0.0000000  0.0000000  0.0000000  0.0000000  0.0000000 
 0.0000000  0.0000000  0.0000000 
 .31562E-2  .31147E-2  .30739E-2  0.0000000  0.0000000  0.0000000  0.0000000 
 0.0000000  0.0000000  0.0000000  0.0000000  0.0000000  0.0000000  0.0000000 
 0.0000000  0.0000000  0.0000000 
 .76656E-2  .74756E-2  .73229E-2  0.0000000  0.0000000  0.0000000  0.0000000 
 0.0000000  0.0000000  0.0000000  0.0000000  0.0000000  0.0000000  0.0000000 
 0.0000000  0.0000000  0.0000000 
 .25336E-1  .25017E-1  .24707E-1  0.0000000  0.0000000  0.0000000  0.0000000 
 0.0000000  0.0000000  0.0000000  0.0000000  0.0000000  0.0000000  0.0000000 
 0.0000000  0.0000000  0.0000000 
 .79573E-1  .78029E-1  .76769E-1  0.0000000  0.0000000  0.0000000  0.0000000 
 0.0000000  0.0000000  0.0000000  0.0000000  0.0000000  0.0000000  0.0000000 
 0.0000000  0.0000000  0.0000000 
  .24195E0   .24072E0   .23936E0  0.0000000  0.0000000  0.0000000  0.0000000 
 0.0000000  0.0000000  0.0000000  0.0000000  0.0000000  0.0000000  0.0000000 
 0.0000000  0.0000000  0.0000000 
  .71582E0   .71836E0   .72079E0  0.0000000  0.0000000  0.0000000  0.0000000 
 0.0000000  0.0000000  0.0000000  0.0000000  0.0000000  0.0000000  0.0000000 
 0.0000000  0.0000000  0.0000000 
 0.0000000  0.0000000  0.0000000       .1E1  0.0000000  0.0000000  0.0000000 
 0.0000000  0.0000000  0.0000000  0.0000000  0.0000000  0.0000000  0.0000000 
 0.0000000  0.0000000  0.0000000 
 0.0000000  0.0000000  0.0000000  0.0000000       .1E1  0.0000000  0.0000000 
 0.0000000  0.0000000  0.0000000  0.0000000  0.0000000  0.0000000  0.0000000 
 0.0000000  0.0000000  0.0000000 
 0.0000000  0.0000000  0.0000000  0.0000000  0.0000000       .1E1  0.0000000 
 0.0000000  0.0000000  0.0000000  0.0000000  0.0000000  0.0000000  0.0000000 
 0.0000000  0.0000000  0.0000000 
 0.0000000  0.0000000  0.0000000  0.0000000  0.0000000  0.0000000       .1E1 
 0.0000000  0.0000000  0.0000000  0.0000000  0.0000000  0.0000000  0.0000000 
 0.0000000  0.0000000  0.0000000 
 0.0000000  0.0000000  0.0000000  0.0000000  0.0000000  0.0000000  0.0000000 
      .1E1  0.0000000  0.0000000  0.0000000  0.0000000  0.0000000  0.0000000 
 0.0000000  0.0000000  0.0000000 
 0.0000000  0.0000000  0.0000000  0.0000000  0.0000000  0.0000000  0.0000000 
 0.0000000       .1E1  0.0000000  0.0000000  0.0000000  0.0000000  0.0000000 
 0.0000000  0.0000000  0.0000000 
 0.0000000  0.0000000  0.0000000  0.0000000  0.0000000  0.0000000  0.0000000 
 0.0000000  0.0000000       .1E1  0.0000000  0.0000000  0.0000000  0.0000000 
 0.0000000  0.0000000  0.0000000 
 0.0000000  0.0000000  0.0000000  0.0000000  0.0000000  0.0000000  0.0000000 
 0.0000000  0.0000000  0.0000000       .1E1  0.0000000  0.0000000  0.0000000 
 0.0000000  0.0000000  0.0000000 
 0.0000000  0.0000000  0.0000000  0.0000000  0.0000000  0.0000000  0.0000000 
 0.0000000  0.0000000  0.0000000  0.0000000       .1E1  0.0000000  0.0000000 
 0.0000000  0.0000000  0.0000000 
 0.0000000  0.0000000  0.0000000  0.0000000  0.0000000  0.0000000  0.0000000 
 0.0000000  0.0000000  0.0000000  0.0000000  0.0000000       .1E1  0.0000000 
 0.0000000  0.0000000  0.0000000 
 0.0000000  0.0000000  0.0000000  0.0000000  0.0000000  0.0000000  0.0000000 
 0.0000000  0.0000000  0.0000000  0.0000000  0.0000000  0.0000000       .1E1 
 0.0000000  0.0000000  0.0000000 
 0.0000000  0.0000000  0.0000000  0.0000000  0.0000000  0.0000000  0.0000000 
 0.0000000  0.0000000  0.0000000  0.0000000  0.0000000  0.0000000  0.0000000 
      .1E1  0.0000000  0.0000000 
 0.0000000  0.0000000  0.0000000  0.0000000  0.0000000  0.0000000  0.0000000 
 0.0000000  0.0000000  0.0000000  0.0000000  0.0000000  0.0000000  0.0000000 
 0.0000000       .1E1  0.0000000 
 0.0000000  0.0000000  0.0000000  0.0000000  0.0000000  0.0000000  0.0000000 
 0.0000000  0.0000000  0.0000000  0.0000000  0.0000000  0.0000000  0.0000000 
 0.0000000  0.0000000       .1E1 

  .284549392E3  .137938506E3  .583469502E2  .237438443E2  .974887631E1
  .396481751E1   .16172179E1  .659539117E0   .27449532E0  .132669708E0

  .1926E-2  0.0000000  0.0000000 
 .28371E-2  0.0000000  0.0000000 
 .18278E-1  0.0000000  0.0000000 
 .61476E-1  0.0000000  0.0000000 
  .18079E0  0.0000000  0.0000000 
  .34496E0  0.0000000  0.0000000 
  .40098E0  0.0000000  0.0000000 
  .21617E0  0.0000000  0.0000000 
 0.0000000       .1E1  0.0000000 
 0.0000000  0.0000000       .1E1 

 .842453606E-1 .460455259E-1

      .1E1  0.0000000 
 0.0000000       .1E1 

 .486967525E-1

      .1E1 

NA:pcemd-4
EMSL BASIS SET LIBRARY

  4
    0    1    2    3
   17    3    2    1
   22   10    2    1

  .165563846E6  .819044998E5  .343047951E5   .13846808E5  .553351416E4
  .221622787E4   .87744118E3  .349011109E3  .138540869E3  .550716397E2
  .218337595E2   .86769475E1   .34319608E1  .135315219E1  .537154301E0
  .211545293E0  .83354421E-1 .326827384E-1  .12847262E-1 .508613627E-2
 .207025342E-2 .101028221E-2

 .76799E-3  .76987E-3  .78516E-3  0.0000000  0.0000000  0.0000000  0.0000000 
 0.0000000  0.0000000  0.0000000  0.0000000  0.0000000  0.0000000  0.0000000 
 0.0000000  0.0000000  0.0000000 
 .31513E-4  .32907E-4  .42739E-4  0.0000000  0.0000000  0.0000000  0.0000000 
 0.0000000  0.0000000  0.0000000  0.0000000  0.0000000  0.0000000  0.0000000 
 0.0000000  0.0000000  0.0000000 
 .30376E-2  .30429E-2   .3088E-2  0.0000000  0.0000000  0.0000000  0.0000000 
 0.0000000  0.0000000  0.0000000  0.0000000  0.0000000  0.0000000  0.0000000 
 0.0000000  0.0000000  0.0000000 
 .71136E-2  .71426E-2  .73643E-2  0.0000000  0.0000000  0.0000000  0.0000000 
 0.0000000  0.0000000  0.0000000  0.0000000  0.0000000  0.0000000  0.0000000 
 0.0000000  0.0000000  0.0000000 
 .24423E-1  .24464E-1  .24812E-1  0.0000000  0.0000000  0.0000000  0.0000000 
 0.0000000  0.0000000  0.0000000  0.0000000  0.0000000  0.0000000  0.0000000 
 0.0000000  0.0000000  0.0000000 
 .75083E-1  .75316E-1  .77114E-1  0.0000000  0.0000000  0.0000000  0.0000000 
 0.0000000  0.0000000  0.0000000  0.0000000  0.0000000  0.0000000  0.0000000 
 0.0000000  0.0000000  0.0000000 
  .23843E0   .23857E0   .23985E0  0.0000000  0.0000000  0.0000000  0.0000000 
 0.0000000  0.0000000  0.0000000  0.0000000  0.0000000  0.0000000  0.0000000 
 0.0000000  0.0000000  0.0000000 
  .72312E0   .72279E0      .72E0  0.0000000  0.0000000  0.0000000  0.0000000 
 0.0000000  0.0000000  0.0000000  0.0000000  0.0000000  0.0000000  0.0000000 
 0.0000000  0.0000000  0.0000000 
 0.0000000  0.0000000  0.0000000       .1E1  0.0000000  0.0000000  0.0000000 
 0.0000000  0.0000000  0.0000000  0.0000000  0.0000000  0.0000000  0.0000000 
 0.0000000  0.0000000  0.0000000 
 0.0000000  0.0000000  0.0000000  0.0000000       .1E1  0.0000000  0.0000000 
 0.0000000  0.0000000  0.0000000  0.0000000  0.0000000  0.0000000  0.0000000 
 0.0000000  0.0000000  0.0000000 
 0.0000000  0.0000000  0.0000000  0.0000000  0.0000000       .1E1  0.0000000 
 0.0000000  0.0000000  0.0000000  0.0000000  0.0000000  0.0000000  0.0000000 
 0.0000000  0.0000000  0.0000000 
 0.0000000  0.0000000  0.0000000  0.0000000  0.0000000  0.0000000       .1E1 
 0.0000000  0.0000000  0.0000000  0.0000000  0.0000000  0.0000000  0.0000000 
 0.0000000  0.0000000  0.0000000 
 0.0000000  0.0000000  0.0000000  0.0000000  0.0000000  0.0000000  0.0000000 
      .1E1  0.0000000  0.0000000  0.0000000  0.0000000  0.0000000  0.0000000 
 0.0000000  0.0000000  0.0000000 
 0.0000000  0.0000000  0.0000000  0.0000000  0.0000000  0.0000000  0.0000000 
 0.0000000       .1E1  0.0000000  0.0000000  0.0000000  0.0000000  0.0000000 
 0.0000000  0.0000000  0.0000000 
 0.0000000  0.0000000  0.0000000  0.0000000  0.0000000  0.0000000  0.0000000 
 0.0000000  0.0000000       .1E1  0.0000000  0.0000000  0.0000000  0.0000000 
 0.0000000  0.0000000  0.0000000 
 0.0000000  0.0000000  0.0000000  0.0000000  0.0000000  0.0000000  0.0000000 
 0.0000000  0.0000000  0.0000000       .1E1  0.0000000  0.0000000  0.0000000 
 0.0000000  0.0000000  0.0000000 
 0.0000000  0.0000000  0.0000000  0.0000000  0.0000000  0.0000000  0.0000000 
 0.0000000  0.0000000  0.0000000  0.0000000       .1E1  0.0000000  0.0000000 
 0.0000000  0.0000000  0.0000000 
 0.0000000  0.0000000  0.0000000  0.0000000  0.0000000  0.0000000  0.0000000 
 0.0000000  0.0000000  0.0000000  0.0000000  0.0000000       .1E1  0.0000000 
 0.0000000  0.0000000  0.0000000 
 0.0000000  0.0000000  0.0000000  0.0000000  0.0000000  0.0000000  0.0000000 
 0.0000000  0.0000000  0.0000000  0.0000000  0.0000000  0.0000000       .1E1 
 0.0000000  0.0000000  0.0000000 
 0.0000000  0.0000000  0.0000000  0.0000000  0.0000000  0.0000000  0.0000000 
 0.0000000  0.0000000  0.0000000  0.0000000  0.0000000  0.0000000  0.0000000 
      .1E1  0.0000000  0.0000000 
 0.0000000  0.0000000  0.0000000  0.0000000  0.0000000  0.0000000  0.0000000 
 0.0000000  0.0000000  0.0000000  0.0000000  0.0000000  0.0000000  0.0000000 
 0.0000000       .1E1  0.0000000 
 0.0000000  0.0000000  0.0000000  0.0000000  0.0000000  0.0000000  0.0000000 
 0.0000000  0.0000000  0.0000000  0.0000000  0.0000000  0.0000000  0.0000000 
 0.0000000  0.0000000       .1E1 

  .284549392E3  .137938506E3  .583469502E2  .237438443E2  .974887631E1
  .396481751E1   .16172179E1  .659539117E0   .27449532E0  .132669708E0

  .1376E-2  0.0000000  0.0000000 
 .20281E-2  0.0000000  0.0000000 
 .13375E-1  0.0000000  0.0000000 
 .45883E-1  0.0000000  0.0000000 
  .14382E0  0.0000000  0.0000000 
  .30346E0  0.0000000  0.0000000 
   .4028E0  0.0000000  0.0000000 
  .30803E0  0.0000000  0.0000000 
 0.0000000       .1E1  0.0000000 
 0.0000000  0.0000000       .1E1 

 .842453606E-1 .460455259E-1

      .1E1  0.0000000 
 0.0000000       .1E1 

 .486967525E-1

      .1E1 

AR:pcemd-4
EMSL BASIS SET LIBRARY

  4
    0    1    2    3
   16    8    3    1
   19   12    3    1

  .404331814E6  .176900286E6  .657677118E5  .236716264E5  .854842555E4
  .306801911E4  .110317389E4  .397126182E3  .142547893E3  .509162926E2
   .18272971E2   .65402101E1  .235189886E1   .84035197E0  .301553604E0
  .107776018E0 .389212273E-1 .143925565E-1 .629403485E-2

 .32735E-2  .32065E-2  .30069E-2  0.0000000  0.0000000  0.0000000  0.0000000 
 0.0000000  0.0000000  0.0000000  0.0000000  0.0000000  0.0000000  0.0000000 
 0.0000000  0.0000000 
 .20625E-2  .21524E-2  .22694E-2  0.0000000  0.0000000  0.0000000  0.0000000 
 0.0000000  0.0000000  0.0000000  0.0000000  0.0000000  0.0000000  0.0000000 
 0.0000000  0.0000000 
 .19965E-1  .19396E-1  .17906E-1  0.0000000  0.0000000  0.0000000  0.0000000 
 0.0000000  0.0000000  0.0000000  0.0000000  0.0000000  0.0000000  0.0000000 
 0.0000000  0.0000000 
 .58117E-1  .58496E-1  .58033E-1  0.0000000  0.0000000  0.0000000  0.0000000 
 0.0000000  0.0000000  0.0000000  0.0000000  0.0000000  0.0000000  0.0000000 
 0.0000000  0.0000000 
  .22725E0   .22194E0   .20909E0  0.0000000  0.0000000  0.0000000  0.0000000 
 0.0000000  0.0000000  0.0000000  0.0000000  0.0000000  0.0000000  0.0000000 
 0.0000000  0.0000000 
  .75891E0   .76382E0   .77662E0  0.0000000  0.0000000  0.0000000  0.0000000 
 0.0000000  0.0000000  0.0000000  0.0000000  0.0000000  0.0000000  0.0000000 
 0.0000000  0.0000000 
 0.0000000  0.0000000  0.0000000       .1E1  0.0000000  0.0000000  0.0000000 
 0.0000000  0.0000000  0.0000000  0.0000000  0.0000000  0.0000000  0.0000000 
 0.0000000  0.0000000 
 0.0000000  0.0000000  0.0000000  0.0000000       .1E1  0.0000000  0.0000000 
 0.0000000  0.0000000  0.0000000  0.0000000  0.0000000  0.0000000  0.0000000 
 0.0000000  0.0000000 
 0.0000000  0.0000000  0.0000000  0.0000000  0.0000000       .1E1  0.0000000 
 0.0000000  0.0000000  0.0000000  0.0000000  0.0000000  0.0000000  0.0000000 
 0.0000000  0.0000000 
 0.0000000  0.0000000  0.0000000  0.0000000  0.0000000  0.0000000       .1E1 
 0.0000000  0.0000000  0.0000000  0.0000000  0.0000000  0.0000000  0.0000000 
 0.0000000  0.0000000 
 0.0000000  0.0000000  0.0000000  0.0000000  0.0000000  0.0000000  0.0000000 
      .1E1  0.0000000  0.0000000  0.0000000  0.0000000  0.0000000  0.0000000 
 0.0000000  0.0000000 
 0.0000000  0.0000000  0.0000000  0.0000000  0.0000000  0.0000000  0.0000000 
 0.0000000       .1E1  0.0000000  0.0000000  0.0000000  0.0000000  0.0000000 
 0.0000000  0.0000000 
 0.0000000  0.0000000  0.0000000  0.0000000  0.0000000  0.0000000  0.0000000 
 0.0000000  0.0000000       .1E1  0.0000000  0.0000000  0.0000000  0.0000000 
 0.0000000  0.0000000 
 0.0000000  0.0000000  0.0000000  0.0000000  0.0000000  0.0000000  0.0000000 
 0.0000000  0.0000000  0.0000000       .1E1  0.0000000  0.0000000  0.0000000 
 0.0000000  0.0000000 
 0.0000000  0.0000000  0.0000000  0.0000000  0.0000000  0.0000000  0.0000000 
 0.0000000  0.0000000  0.0000000  0.0000000       .1E1  0.0000000  0.0000000 
 0.0000000  0.0000000 
 0.0000000  0.0000000  0.0000000  0.0000000  0.0000000  0.0000000  0.0000000 
 0.0000000  0.0000000  0.0000000  0.0000000  0.0000000       .1E1  0.0000000 
 0.0000000  0.0000000 
 0.0000000  0.0000000  0.0000000  0.0000000  0.0000000  0.0000000  0.0000000 
 0.0000000  0.0000000  0.0000000  0.0000000  0.0000000  0.0000000       .1E1 
 0.0000000  0.0000000 
 0.0000000  0.0000000  0.0000000  0.0000000  0.0000000  0.0000000  0.0000000 
 0.0000000  0.0000000  0.0000000  0.0000000  0.0000000  0.0000000  0.0000000 
      .1E1  0.0000000 
 0.0000000  0.0000000  0.0000000  0.0000000  0.0000000  0.0000000  0.0000000 
 0.0000000  0.0000000  0.0000000  0.0000000  0.0000000  0.0000000  0.0000000 
 0.0000000       .1E1 

  .577068236E3  .252071069E3  .952173486E2  .353453896E2  .130680933E2
  .482320472E1  .177618263E1  .656195995E0  .240181614E0 .883341739E-1
 .328774668E-1 .139599665E-1

 .29615E-2  .46497E-2  0.0000000  0.0000000  0.0000000  0.0000000  0.0000000 
 0.0000000 
 .75914E-2  .10648E-1  0.0000000  0.0000000  0.0000000  0.0000000  0.0000000 
 0.0000000 
 .44239E-1  .66144E-1  0.0000000  0.0000000  0.0000000  0.0000000  0.0000000 
 0.0000000 
  .16591E0   .21392E0  0.0000000  0.0000000  0.0000000  0.0000000  0.0000000 
 0.0000000 
  .42653E0   .50971E0  0.0000000  0.0000000  0.0000000  0.0000000  0.0000000 
 0.0000000 
  .51595E0    .3712E0  0.0000000  0.0000000  0.0000000  0.0000000  0.0000000 
 0.0000000 
 0.0000000  0.0000000       .1E1  0.0000000  0.0000000  0.0000000  0.0000000 
 0.0000000 
 0.0000000  0.0000000  0.0000000       .1E1  0.0000000  0.0000000  0.0000000 
 0.0000000 
 0.0000000  0.0000000  0.0000000  0.0000000       .1E1  0.0000000  0.0000000 
 0.0000000 
 0.0000000  0.0000000  0.0000000  0.0000000  0.0000000       .1E1  0.0000000 
 0.0000000 
 0.0000000  0.0000000  0.0000000  0.0000000  0.0000000  0.0000000       .1E1 
 0.0000000 
 0.0000000  0.0000000  0.0000000  0.0000000  0.0000000  0.0000000  0.0000000 
      .1E1 

  .747922387E0  .308052326E0  .125668034E0

      .1E1  0.0000000  0.0000000 
 0.0000000       .1E1  0.0000000 
 0.0000000  0.0000000       .1E1 

  .370467402E0

      .1E1 

P:pcemd-4
EMSL BASIS SET LIBRARY

  4
    0    1    2    3
   16    8    3    1
   19   12    3    1

  .404331814E6  .176900286E6  .657677118E5  .236716264E5  .854842555E4
  .306801911E4  .110317389E4  .397126182E3  .142547893E3  .509162926E2
   .18272971E2   .65402101E1  .235189886E1   .84035197E0  .301553604E0
  .107776018E0 .389212273E-1 .143925565E-1 .629403485E-2

 .30767E-2  .31218E-2  .31563E-2  0.0000000  0.0000000  0.0000000  0.0000000 
 0.0000000  0.0000000  0.0000000  0.0000000  0.0000000  0.0000000  0.0000000 
 0.0000000  0.0000000 
 .22985E-2  .21714E-2  .21974E-2  0.0000000  0.0000000  0.0000000  0.0000000 
 0.0000000  0.0000000  0.0000000  0.0000000  0.0000000  0.0000000  0.0000000 
 0.0000000  0.0000000 
 .18325E-1  .18799E-1  .18994E-1  0.0000000  0.0000000  0.0000000  0.0000000 
 0.0000000  0.0000000  0.0000000  0.0000000  0.0000000  0.0000000  0.0000000 
 0.0000000  0.0000000 
 .58935E-1  .57975E-1  .58545E-1  0.0000000  0.0000000  0.0000000  0.0000000 
 0.0000000  0.0000000  0.0000000  0.0000000  0.0000000  0.0000000  0.0000000 
 0.0000000  0.0000000 
  .21212E0     .217E0   .21833E0  0.0000000  0.0000000  0.0000000  0.0000000 
 0.0000000  0.0000000  0.0000000  0.0000000  0.0000000  0.0000000  0.0000000 
 0.0000000  0.0000000 
  .77305E0   .76899E0   .76729E0  0.0000000  0.0000000  0.0000000  0.0000000 
 0.0000000  0.0000000  0.0000000  0.0000000  0.0000000  0.0000000  0.0000000 
 0.0000000  0.0000000 
 0.0000000  0.0000000  0.0000000       .1E1  0.0000000  0.0000000  0.0000000 
 0.0000000  0.0000000  0.0000000  0.0000000  0.0000000  0.0000000  0.0000000 
 0.0000000  0.0000000 
 0.0000000  0.0000000  0.0000000  0.0000000       .1E1  0.0000000  0.0000000 
 0.0000000  0.0000000  0.0000000  0.0000000  0.0000000  0.0000000  0.0000000 
 0.0000000  0.0000000 
 0.0000000  0.0000000  0.0000000  0.0000000  0.0000000       .1E1  0.0000000 
 0.0000000  0.0000000  0.0000000  0.0000000  0.0000000  0.0000000  0.0000000 
 0.0000000  0.0000000 
 0.0000000  0.0000000  0.0000000  0.0000000  0.0000000  0.0000000       .1E1 
 0.0000000  0.0000000  0.0000000  0.0000000  0.0000000  0.0000000  0.0000000 
 0.0000000  0.0000000 
 0.0000000  0.0000000  0.0000000  0.0000000  0.0000000  0.0000000  0.0000000 
      .1E1  0.0000000  0.0000000  0.0000000  0.0000000  0.0000000  0.0000000 
 0.0000000  0.0000000 
 0.0000000  0.0000000  0.0000000  0.0000000  0.0000000  0.0000000  0.0000000 
 0.0000000       .1E1  0.0000000  0.0000000  0.0000000  0.0000000  0.0000000 
 0.0000000  0.0000000 
 0.0000000  0.0000000  0.0000000  0.0000000  0.0000000  0.0000000  0.0000000 
 0.0000000  0.0000000       .1E1  0.0000000  0.0000000  0.0000000  0.0000000 
 0.0000000  0.0000000 
 0.0000000  0.0000000  0.0000000  0.0000000  0.0000000  0.0000000  0.0000000 
 0.0000000  0.0000000  0.0000000       .1E1  0.0000000  0.0000000  0.0000000 
 0.0000000  0.0000000 
 0.0000000  0.0000000  0.0000000  0.0000000  0.0000000  0.0000000  0.0000000 
 0.0000000  0.0000000  0.0000000  0.0000000       .1E1  0.0000000  0.0000000 
 0.0000000  0.0000000 
 0.0000000  0.0000000  0.0000000  0.0000000  0.0000000  0.0000000  0.0000000 
 0.0000000  0.0000000  0.0000000  0.0000000  0.0000000       .1E1  0.0000000 
 0.0000000  0.0000000 
 0.0000000  0.0000000  0.0000000  0.0000000  0.0000000  0.0000000  0.0000000 
 0.0000000  0.0000000  0.0000000  0.0000000  0.0000000  0.0000000       .1E1 
 0.0000000  0.0000000 
 0.0000000  0.0000000  0.0000000  0.0000000  0.0000000  0.0000000  0.0000000 
 0.0000000  0.0000000  0.0000000  0.0000000  0.0000000  0.0000000  0.0000000 
      .1E1  0.0000000 
 0.0000000  0.0000000  0.0000000  0.0000000  0.0000000  0.0000000  0.0000000 
 0.0000000  0.0000000  0.0000000  0.0000000  0.0000000  0.0000000  0.0000000 
 0.0000000       .1E1 

  .577068236E3  .252071069E3  .952173486E2  .353453896E2  .130680933E2
  .482320472E1  .177618263E1  .656195995E0  .240181614E0 .883341739E-1
 .328774668E-1 .139599665E-1

 .16399E-2  .17697E-2  0.0000000  0.0000000  0.0000000  0.0000000  0.0000000 
 0.0000000 
 .44466E-2  .48032E-2  0.0000000  0.0000000  0.0000000  0.0000000  0.0000000 
 0.0000000 
 .26193E-1   .2805E-1  0.0000000  0.0000000  0.0000000  0.0000000  0.0000000 
 0.0000000 
  .11081E0   .11685E0  0.0000000  0.0000000  0.0000000  0.0000000  0.0000000 
 0.0000000 
  .34928E0   .35714E0  0.0000000  0.0000000  0.0000000  0.0000000  0.0000000 
 0.0000000 
  .64103E0   .62871E0  0.0000000  0.0000000  0.0000000  0.0000000  0.0000000 
 0.0000000 
 0.0000000  0.0000000       .1E1  0.0000000  0.0000000  0.0000000  0.0000000 
 0.0000000 
 0.0000000  0.0000000  0.0000000       .1E1  0.0000000  0.0000000  0.0000000 
 0.0000000 
 0.0000000  0.0000000  0.0000000  0.0000000       .1E1  0.0000000  0.0000000 
 0.0000000 
 0.0000000  0.0000000  0.0000000  0.0000000  0.0000000       .1E1  0.0000000 
 0.0000000 
 0.0000000  0.0000000  0.0000000  0.0000000  0.0000000  0.0000000       .1E1 
 0.0000000 
 0.0000000  0.0000000  0.0000000  0.0000000  0.0000000  0.0000000  0.0000000 
      .1E1 

  .747922387E0  .308052326E0  .125668034E0

      .1E1  0.0000000  0.0000000 
 0.0000000       .1E1  0.0000000 
 0.0000000  0.0000000       .1E1 

  .370467402E0

      .1E1 

CL:pcemd-4
EMSL BASIS SET LIBRARY

  4
    0    1    2    3
   16    8    3    1
   19   12    3    1

  .404331814E6  .176900286E6  .657677118E5  .236716264E5  .854842555E4
  .306801911E4  .110317389E4  .397126182E3  .142547893E3  .509162926E2
   .18272971E2   .65402101E1  .235189886E1   .84035197E0  .301553604E0
  .107776018E0 .389212273E-1 .143925565E-1 .629403485E-2

 .31515E-2  .31458E-2  .31963E-2  0.0000000  0.0000000  0.0000000  0.0000000 
 0.0000000  0.0000000  0.0000000  0.0000000  0.0000000  0.0000000  0.0000000 
 0.0000000  0.0000000 
 .21707E-2   .2179E-2  .21569E-2  0.0000000  0.0000000  0.0000000  0.0000000 
 0.0000000  0.0000000  0.0000000  0.0000000  0.0000000  0.0000000  0.0000000 
 0.0000000  0.0000000 
 .19002E-1  .18953E-1   .1932E-1  0.0000000  0.0000000  0.0000000  0.0000000 
 0.0000000  0.0000000  0.0000000  0.0000000  0.0000000  0.0000000  0.0000000 
 0.0000000  0.0000000 
 .58222E-1  .58261E-1  .58457E-1  0.0000000  0.0000000  0.0000000  0.0000000 
 0.0000000  0.0000000  0.0000000  0.0000000  0.0000000  0.0000000  0.0000000 
 0.0000000  0.0000000 
  .21865E0   .21818E0   .22129E0  0.0000000  0.0000000  0.0000000  0.0000000 
 0.0000000  0.0000000  0.0000000  0.0000000  0.0000000  0.0000000  0.0000000 
 0.0000000  0.0000000 
  .76722E0   .76764E0   .76448E0  0.0000000  0.0000000  0.0000000  0.0000000 
 0.0000000  0.0000000  0.0000000  0.0000000  0.0000000  0.0000000  0.0000000 
 0.0000000  0.0000000 
 0.0000000  0.0000000  0.0000000       .1E1  0.0000000  0.0000000  0.0000000 
 0.0000000  0.0000000  0.0000000  0.0000000  0.0000000  0.0000000  0.0000000 
 0.0000000  0.0000000 
 0.0000000  0.0000000  0.0000000  0.0000000       .1E1  0.0000000  0.0000000 
 0.0000000  0.0000000  0.0000000  0.0000000  0.0000000  0.0000000  0.0000000 
 0.0000000  0.0000000 
 0.0000000  0.0000000  0.0000000  0.0000000  0.0000000       .1E1  0.0000000 
 0.0000000  0.0000000  0.0000000  0.0000000  0.0000000  0.0000000  0.0000000 
 0.0000000  0.0000000 
 0.0000000  0.0000000  0.0000000  0.0000000  0.0000000  0.0000000       .1E1 
 0.0000000  0.0000000  0.0000000  0.0000000  0.0000000  0.0000000  0.0000000 
 0.0000000  0.0000000 
 0.0000000  0.0000000  0.0000000  0.0000000  0.0000000  0.0000000  0.0000000 
      .1E1  0.0000000  0.0000000  0.0000000  0.0000000  0.0000000  0.0000000 
 0.0000000  0.0000000 
 0.0000000  0.0000000  0.0000000  0.0000000  0.0000000  0.0000000  0.0000000 
 0.0000000       .1E1  0.0000000  0.0000000  0.0000000  0.0000000  0.0000000 
 0.0000000  0.0000000 
 0.0000000  0.0000000  0.0000000  0.0000000  0.0000000  0.0000000  0.0000000 
 0.0000000  0.0000000       .1E1  0.0000000  0.0000000  0.0000000  0.0000000 
 0.0000000  0.0000000 
 0.0000000  0.0000000  0.0000000  0.0000000  0.0000000  0.0000000  0.0000000 
 0.0000000  0.0000000  0.0000000       .1E1  0.0000000  0.0000000  0.0000000 
 0.0000000  0.0000000 
 0.0000000  0.0000000  0.0000000  0.0000000  0.0000000  0.0000000  0.0000000 
 0.0000000  0.0000000  0.0000000  0.0000000       .1E1  0.0000000  0.0000000 
 0.0000000  0.0000000 
 0.0000000  0.0000000  0.0000000  0.0000000  0.0000000  0.0000000  0.0000000 
 0.0000000  0.0000000  0.0000000  0.0000000  0.0000000       .1E1  0.0000000 
 0.0000000  0.0000000 
 0.0000000  0.0000000  0.0000000  0.0000000  0.0000000  0.0000000  0.0000000 
 0.0000000  0.0000000  0.0000000  0.0000000  0.0000000  0.0000000       .1E1 
 0.0000000  0.0000000 
 0.0000000  0.0000000  0.0000000  0.0000000  0.0000000  0.0000000  0.0000000 
 0.0000000  0.0000000  0.0000000  0.0000000  0.0000000  0.0000000  0.0000000 
      .1E1  0.0000000 
 0.0000000  0.0000000  0.0000000  0.0000000  0.0000000  0.0000000  0.0000000 
 0.0000000  0.0000000  0.0000000  0.0000000  0.0000000  0.0000000  0.0000000 
 0.0000000       .1E1 

  .577068236E3  .252071069E3  .952173486E2  .353453896E2  .130680933E2
  .482320472E1  .177618263E1  .656195995E0  .240181614E0 .883341739E-1
 .328774668E-1 .139599665E-1

 .21787E-2  .25101E-2  0.0000000  0.0000000  0.0000000  0.0000000  0.0000000 
 0.0000000 
 .59837E-2  .65454E-2  0.0000000  0.0000000  0.0000000  0.0000000  0.0000000 
 0.0000000 
 .33749E-1  .38205E-1  0.0000000  0.0000000  0.0000000  0.0000000  0.0000000 
 0.0000000 
  .13815E0   .14832E0  0.0000000  0.0000000  0.0000000  0.0000000  0.0000000 
 0.0000000 
  .38062E0   .40347E0  0.0000000  0.0000000  0.0000000  0.0000000  0.0000000 
 0.0000000 
  .58855E0   .55606E0  0.0000000  0.0000000  0.0000000  0.0000000  0.0000000 
 0.0000000 
 0.0000000  0.0000000       .1E1  0.0000000  0.0000000  0.0000000  0.0000000 
 0.0000000 
 0.0000000  0.0000000  0.0000000       .1E1  0.0000000  0.0000000  0.0000000 
 0.0000000 
 0.0000000  0.0000000  0.0000000  0.0000000       .1E1  0.0000000  0.0000000 
 0.0000000 
 0.0000000  0.0000000  0.0000000  0.0000000  0.0000000       .1E1  0.0000000 
 0.0000000 
 0.0000000  0.0000000  0.0000000  0.0000000  0.0000000  0.0000000       .1E1 
 0.0000000 
 0.0000000  0.0000000  0.0000000  0.0000000  0.0000000  0.0000000  0.0000000 
      .1E1 

  .747922387E0  .308052326E0  .125668034E0

      .1E1  0.0000000  0.0000000 
 0.0000000       .1E1  0.0000000 
 0.0000000  0.0000000       .1E1 

  .370467402E0

      .1E1 

AL:pcemd-4
EMSL BASIS SET LIBRARY

  4
    0    1    2    3
   16    8    3    1
   19   12    3    1

  .404331814E6  .176900286E6  .657677118E5  .236716264E5  .854842555E4
  .306801911E4  .110317389E4  .397126182E3  .142547893E3  .509162926E2
   .18272971E2   .65402101E1  .235189886E1   .84035197E0  .301553604E0
  .107776018E0 .389212273E-1 .143925565E-1 .629403485E-2

 .31043E-2  .31142E-2  .31144E-2  0.0000000  0.0000000  0.0000000  0.0000000 
 0.0000000  0.0000000  0.0000000  0.0000000  0.0000000  0.0000000  0.0000000 
 0.0000000  0.0000000 
 .22285E-2   .2211E-2  .22493E-2  0.0000000  0.0000000  0.0000000  0.0000000 
 0.0000000  0.0000000  0.0000000  0.0000000  0.0000000  0.0000000  0.0000000 
 0.0000000  0.0000000 
   .186E-1   .1869E-1  .18639E-1  0.0000000  0.0000000  0.0000000  0.0000000 
 0.0000000  0.0000000  0.0000000  0.0000000  0.0000000  0.0000000  0.0000000 
 0.0000000  0.0000000 
 .58429E-1  .58329E-1  .58736E-1  0.0000000  0.0000000  0.0000000  0.0000000 
 0.0000000  0.0000000  0.0000000  0.0000000  0.0000000  0.0000000  0.0000000 
 0.0000000  0.0000000 
  .21491E0   .21578E0   .21505E0  0.0000000  0.0000000  0.0000000  0.0000000 
 0.0000000  0.0000000  0.0000000  0.0000000  0.0000000  0.0000000  0.0000000 
 0.0000000  0.0000000 
   .7707E0   .76992E0   .77035E0  0.0000000  0.0000000  0.0000000  0.0000000 
 0.0000000  0.0000000  0.0000000  0.0000000  0.0000000  0.0000000  0.0000000 
 0.0000000  0.0000000 
 0.0000000  0.0000000  0.0000000       .1E1  0.0000000  0.0000000  0.0000000 
 0.0000000  0.0000000  0.0000000  0.0000000  0.0000000  0.0000000  0.0000000 
 0.0000000  0.0000000 
 0.0000000  0.0000000  0.0000000  0.0000000       .1E1  0.0000000  0.0000000 
 0.0000000  0.0000000  0.0000000  0.0000000  0.0000000  0.0000000  0.0000000 
 0.0000000  0.0000000 
 0.0000000  0.0000000  0.0000000  0.0000000  0.0000000       .1E1  0.0000000 
 0.0000000  0.0000000  0.0000000  0.0000000  0.0000000  0.0000000  0.0000000 
 0.0000000  0.0000000 
 0.0000000  0.0000000  0.0000000  0.0000000  0.0000000  0.0000000       .1E1 
 0.0000000  0.0000000  0.0000000  0.0000000  0.0000000  0.0000000  0.0000000 
 0.0000000  0.0000000 
 0.0000000  0.0000000  0.0000000  0.0000000  0.0000000  0.0000000  0.0000000 
      .1E1  0.0000000  0.0000000  0.0000000  0.0000000  0.0000000  0.0000000 
 0.0000000  0.0000000 
 0.0000000  0.0000000  0.0000000  0.0000000  0.0000000  0.0000000  0.0000000 
 0.0000000       .1E1  0.0000000  0.0000000  0.0000000  0.0000000  0.0000000 
 0.0000000  0.0000000 
 0.0000000  0.0000000  0.0000000  0.0000000  0.0000000  0.0000000  0.0000000 
 0.0000000  0.0000000       .1E1  0.0000000  0.0000000  0.0000000  0.0000000 
 0.0000000  0.0000000 
 0.0000000  0.0000000  0.0000000  0.0000000  0.0000000  0.0000000  0.0000000 
 0.0000000  0.0000000  0.0000000       .1E1  0.0000000  0.0000000  0.0000000 
 0.0000000  0.0000000 
 0.0000000  0.0000000  0.0000000  0.0000000  0.0000000  0.0000000  0.0000000 
 0.0000000  0.0000000  0.0000000  0.0000000       .1E1  0.0000000  0.0000000 
 0.0000000  0.0000000 
 0.0000000  0.0000000  0.0000000  0.0000000  0.0000000  0.0000000  0.0000000 
 0.0000000  0.0000000  0.0000000  0.0000000  0.0000000       .1E1  0.0000000 
 0.0000000  0.0000000 
 0.0000000  0.0000000  0.0000000  0.0000000  0.0000000  0.0000000  0.0000000 
 0.0000000  0.0000000  0.0000000  0.0000000  0.0000000  0.0000000       .1E1 
 0.0000000  0.0000000 
 0.0000000  0.0000000  0.0000000  0.0000000  0.0000000  0.0000000  0.0000000 
 0.0000000  0.0000000  0.0000000  0.0000000  0.0000000  0.0000000  0.0000000 
      .1E1  0.0000000 
 0.0000000  0.0000000  0.0000000  0.0000000  0.0000000  0.0000000  0.0000000 
 0.0000000  0.0000000  0.0000000  0.0000000  0.0000000  0.0000000  0.0000000 
 0.0000000       .1E1 

  .577068236E3  .252071069E3  .952173486E2  .353453896E2  .130680933E2
  .482320472E1  .177618263E1  .656195995E0  .240181614E0 .883341739E-1
 .328774668E-1 .139599665E-1

 .12563E-2  .12938E-2  0.0000000  0.0000000  0.0000000  0.0000000  0.0000000 
 0.0000000 
 .32693E-2  .34813E-2  0.0000000  0.0000000  0.0000000  0.0000000  0.0000000 
 0.0000000 
 .20647E-1  .21248E-1  0.0000000  0.0000000  0.0000000  0.0000000  0.0000000 
 0.0000000 
 .88444E-1   .9175E-1  0.0000000  0.0000000  0.0000000  0.0000000  0.0000000 
 0.0000000 
  .31869E0   .31922E0  0.0000000  0.0000000  0.0000000  0.0000000  0.0000000 
 0.0000000 
  .68623E0   .68352E0  0.0000000  0.0000000  0.0000000  0.0000000  0.0000000 
 0.0000000 
 0.0000000  0.0000000       .1E1  0.0000000  0.0000000  0.0000000  0.0000000 
 0.0000000 
 0.0000000  0.0000000  0.0000000       .1E1  0.0000000  0.0000000  0.0000000 
 0.0000000 
 0.0000000  0.0000000  0.0000000  0.0000000       .1E1  0.0000000  0.0000000 
 0.0000000 
 0.0000000  0.0000000  0.0000000  0.0000000  0.0000000       .1E1  0.0000000 
 0.0000000 
 0.0000000  0.0000000  0.0000000  0.0000000  0.0000000  0.0000000       .1E1 
 0.0000000 
 0.0000000  0.0000000  0.0000000  0.0000000  0.0000000  0.0000000  0.0000000 
      .1E1 

  .747922387E0  .308052326E0  .125668034E0

      .1E1  0.0000000  0.0000000 
 0.0000000       .1E1  0.0000000 
 0.0000000  0.0000000       .1E1 

  .370467402E0

      .1E1 

SI:pcemd-4
EMSL BASIS SET LIBRARY

  4
    0    1    2    3
   16    8    3    1
   19   12    3    1

  .404331814E6  .176900286E6  .657677118E5  .236716264E5  .854842555E4
  .306801911E4  .110317389E4  .397126182E3  .142547893E3  .509162926E2
   .18272971E2   .65402101E1  .235189886E1   .84035197E0  .301553604E0
  .107776018E0 .389212273E-1 .143925565E-1 .629403485E-2

 .30757E-2   .3123E-2  .31344E-2  0.0000000  0.0000000  0.0000000  0.0000000 
 0.0000000  0.0000000  0.0000000  0.0000000  0.0000000  0.0000000  0.0000000 
 0.0000000  0.0000000 
  .2292E-2  .21995E-2  .22253E-2  0.0000000  0.0000000  0.0000000  0.0000000 
 0.0000000  0.0000000  0.0000000  0.0000000  0.0000000  0.0000000  0.0000000 
 0.0000000  0.0000000 
 .18325E-1  .18766E-1  .18807E-1  0.0000000  0.0000000  0.0000000  0.0000000 
 0.0000000  0.0000000  0.0000000  0.0000000  0.0000000  0.0000000  0.0000000 
 0.0000000  0.0000000 
 .58857E-1  .58283E-1  .58652E-1  0.0000000  0.0000000  0.0000000  0.0000000 
 0.0000000  0.0000000  0.0000000  0.0000000  0.0000000  0.0000000  0.0000000 
 0.0000000  0.0000000 
  .21217E0   .21649E0    .2166E0  0.0000000  0.0000000  0.0000000  0.0000000 
 0.0000000  0.0000000  0.0000000  0.0000000  0.0000000  0.0000000  0.0000000 
 0.0000000  0.0000000 
  .77305E0   .76927E0    .7689E0  0.0000000  0.0000000  0.0000000  0.0000000 
 0.0000000  0.0000000  0.0000000  0.0000000  0.0000000  0.0000000  0.0000000 
 0.0000000  0.0000000 
 0.0000000  0.0000000  0.0000000       .1E1  0.0000000  0.0000000  0.0000000 
 0.0000000  0.0000000  0.0000000  0.0000000  0.0000000  0.0000000  0.0000000 
 0.0000000  0.0000000 
 0.0000000  0.0000000  0.0000000  0.0000000       .1E1  0.0000000  0.0000000 
 0.0000000  0.0000000  0.0000000  0.0000000  0.0000000  0.0000000  0.0000000 
 0.0000000  0.0000000 
 0.0000000  0.0000000  0.0000000  0.0000000  0.0000000       .1E1  0.0000000 
 0.0000000  0.0000000  0.0000000  0.0000000  0.0000000  0.0000000  0.0000000 
 0.0000000  0.0000000 
 0.0000000  0.0000000  0.0000000  0.0000000  0.0000000  0.0000000       .1E1 
 0.0000000  0.0000000  0.0000000  0.0000000  0.0000000  0.0000000  0.0000000 
 0.0000000  0.0000000 
 0.0000000  0.0000000  0.0000000  0.0000000  0.0000000  0.0000000  0.0000000 
      .1E1  0.0000000  0.0000000  0.0000000  0.0000000  0.0000000  0.0000000 
 0.0000000  0.0000000 
 0.0000000  0.0000000  0.0000000  0.0000000  0.0000000  0.0000000  0.0000000 
 0.0000000       .1E1  0.0000000  0.0000000  0.0000000  0.0000000  0.0000000 
 0.0000000  0.0000000 
 0.0000000  0.0000000  0.0000000  0.0000000  0.0000000  0.0000000  0.0000000 
 0.0000000  0.0000000       .1E1  0.0000000  0.0000000  0.0000000  0.0000000 
 0.0000000  0.0000000 
 0.0000000  0.0000000  0.0000000  0.0000000  0.0000000  0.0000000  0.0000000 
 0.0000000  0.0000000  0.0000000       .1E1  0.0000000  0.0000000  0.0000000 
 0.0000000  0.0000000 
 0.0000000  0.0000000  0.0000000  0.0000000  0.0000000  0.0000000  0.0000000 
 0.0000000  0.0000000  0.0000000  0.0000000       .1E1  0.0000000  0.0000000 
 0.0000000  0.0000000 
 0.0000000  0.0000000  0.0000000  0.0000000  0.0000000  0.0000000  0.0000000 
 0.0000000  0.0000000  0.0000000  0.0000000  0.0000000       .1E1  0.0000000 
 0.0000000  0.0000000 
 0.0000000  0.0000000  0.0000000  0.0000000  0.0000000  0.0000000  0.0000000 
 0.0000000  0.0000000  0.0000000  0.0000000  0.0000000  0.0000000       .1E1 
 0.0000000  0.0000000 
 0.0000000  0.0000000  0.0000000  0.0000000  0.0000000  0.0000000  0.0000000 
 0.0000000  0.0000000  0.0000000  0.0000000  0.0000000  0.0000000  0.0000000 
      .1E1  0.0000000 
 0.0000000  0.0000000  0.0000000  0.0000000  0.0000000  0.0000000  0.0000000 
 0.0000000  0.0000000  0.0000000  0.0000000  0.0000000  0.0000000  0.0000000 
 0.0000000       .1E1 

  .577068236E3  .252071069E3  .952173486E2  .353453896E2  .130680933E2
  .482320472E1  .177618263E1  .656195995E0  .240181614E0 .883341739E-1
 .328774668E-1 .139599665E-1

 .14385E-2  .15052E-2  0.0000000  0.0000000  0.0000000  0.0000000  0.0000000 
 0.0000000 
 .38093E-2  .41011E-2  0.0000000  0.0000000  0.0000000  0.0000000  0.0000000 
 0.0000000 
   .233E-1  .24307E-1  0.0000000  0.0000000  0.0000000  0.0000000  0.0000000 
 0.0000000 
 .99064E-1   .10361E0  0.0000000  0.0000000  0.0000000  0.0000000  0.0000000 
 0.0000000 
  .33523E0   .33737E0  0.0000000  0.0000000  0.0000000  0.0000000  0.0000000 
 0.0000000 
   .6631E0   .65783E0  0.0000000  0.0000000  0.0000000  0.0000000  0.0000000 
 0.0000000 
 0.0000000  0.0000000       .1E1  0.0000000  0.0000000  0.0000000  0.0000000 
 0.0000000 
 0.0000000  0.0000000  0.0000000       .1E1  0.0000000  0.0000000  0.0000000 
 0.0000000 
 0.0000000  0.0000000  0.0000000  0.0000000       .1E1  0.0000000  0.0000000 
 0.0000000 
 0.0000000  0.0000000  0.0000000  0.0000000  0.0000000       .1E1  0.0000000 
 0.0000000 
 0.0000000  0.0000000  0.0000000  0.0000000  0.0000000  0.0000000       .1E1 
 0.0000000 
 0.0000000  0.0000000  0.0000000  0.0000000  0.0000000  0.0000000  0.0000000 
      .1E1 

  .747922387E0  .308052326E0  .125668034E0

      .1E1  0.0000000  0.0000000 
 0.0000000       .1E1  0.0000000 
 0.0000000  0.0000000       .1E1 

  .370467402E0

      .1E1 

S:pcemd-4
EMSL BASIS SET LIBRARY

  4
    0    1    2    3
   16    8    3    1
   19   12    3    1

  .404331814E6  .176900286E6  .657677118E5  .236716264E5  .854842555E4
  .306801911E4  .110317389E4  .397126182E3  .142547893E3  .509162926E2
   .18272971E2   .65402101E1  .235189886E1   .84035197E0  .301553604E0
  .107776018E0 .389212273E-1 .143925565E-1 .629403485E-2

 .31105E-2  .31417E-2   .3178E-2  0.0000000  0.0000000  0.0000000  0.0000000 
 0.0000000  0.0000000  0.0000000  0.0000000  0.0000000  0.0000000  0.0000000 
 0.0000000  0.0000000 
 .22412E-2   .2172E-2  .21735E-2  0.0000000  0.0000000  0.0000000  0.0000000 
 0.0000000  0.0000000  0.0000000  0.0000000  0.0000000  0.0000000  0.0000000 
 0.0000000  0.0000000 
  .1863E-1  .18933E-1  .19173E-1  0.0000000  0.0000000  0.0000000  0.0000000 
 0.0000000  0.0000000  0.0000000  0.0000000  0.0000000  0.0000000  0.0000000 
 0.0000000  0.0000000 
 .58617E-1  .58151E-1  .58477E-1  0.0000000  0.0000000  0.0000000  0.0000000 
 0.0000000  0.0000000  0.0000000  0.0000000  0.0000000  0.0000000  0.0000000 
 0.0000000  0.0000000 
  .21506E0   .21807E0   .21997E0  0.0000000  0.0000000  0.0000000  0.0000000 
 0.0000000  0.0000000  0.0000000  0.0000000  0.0000000  0.0000000  0.0000000 
 0.0000000  0.0000000 
  .77042E0   .76782E0   .76575E0  0.0000000  0.0000000  0.0000000  0.0000000 
 0.0000000  0.0000000  0.0000000  0.0000000  0.0000000  0.0000000  0.0000000 
 0.0000000  0.0000000 
 0.0000000  0.0000000  0.0000000       .1E1  0.0000000  0.0000000  0.0000000 
 0.0000000  0.0000000  0.0000000  0.0000000  0.0000000  0.0000000  0.0000000 
 0.0000000  0.0000000 
 0.0000000  0.0000000  0.0000000  0.0000000       .1E1  0.0000000  0.0000000 
 0.0000000  0.0000000  0.0000000  0.0000000  0.0000000  0.0000000  0.0000000 
 0.0000000  0.0000000 
 0.0000000  0.0000000  0.0000000  0.0000000  0.0000000       .1E1  0.0000000 
 0.0000000  0.0000000  0.0000000  0.0000000  0.0000000  0.0000000  0.0000000 
 0.0000000  0.0000000 
 0.0000000  0.0000000  0.0000000  0.0000000  0.0000000  0.0000000       .1E1 
 0.0000000  0.0000000  0.0000000  0.0000000  0.0000000  0.0000000  0.0000000 
 0.0000000  0.0000000 
 0.0000000  0.0000000  0.0000000  0.0000000  0.0000000  0.0000000  0.0000000 
      .1E1  0.0000000  0.0000000  0.0000000  0.0000000  0.0000000  0.0000000 
 0.0000000  0.0000000 
 0.0000000  0.0000000  0.0000000  0.0000000  0.0000000  0.0000000  0.0000000 
 0.0000000       .1E1  0.0000000  0.0000000  0.0000000  0.0000000  0.0000000 
 0.0000000  0.0000000 
 0.0000000  0.0000000  0.0000000  0.0000000  0.0000000  0.0000000  0.0000000 
 0.0000000  0.0000000       .1E1  0.0000000  0.0000000  0.0000000  0.0000000 
 0.0000000  0.0000000 
 0.0000000  0.0000000  0.0000000  0.0000000  0.0000000  0.0000000  0.0000000 
 0.0000000  0.0000000  0.0000000       .1E1  0.0000000  0.0000000  0.0000000 
 0.0000000  0.0000000 
 0.0000000  0.0000000  0.0000000  0.0000000  0.0000000  0.0000000  0.0000000 
 0.0000000  0.0000000  0.0000000  0.0000000       .1E1  0.0000000  0.0000000 
 0.0000000  0.0000000 
 0.0000000  0.0000000  0.0000000  0.0000000  0.0000000  0.0000000  0.0000000 
 0.0000000  0.0000000  0.0000000  0.0000000  0.0000000       .1E1  0.0000000 
 0.0000000  0.0000000 
 0.0000000  0.0000000  0.0000000  0.0000000  0.0000000  0.0000000  0.0000000 
 0.0000000  0.0000000  0.0000000  0.0000000  0.0000000  0.0000000       .1E1 
 0.0000000  0.0000000 
 0.0000000  0.0000000  0.0000000  0.0000000  0.0000000  0.0000000  0.0000000 
 0.0000000  0.0000000  0.0000000  0.0000000  0.0000000  0.0000000  0.0000000 
      .1E1  0.0000000 
 0.0000000  0.0000000  0.0000000  0.0000000  0.0000000  0.0000000  0.0000000 
 0.0000000  0.0000000  0.0000000  0.0000000  0.0000000  0.0000000  0.0000000 
 0.0000000       .1E1 

  .577068236E3  .252071069E3  .952173486E2  .353453896E2  .130680933E2
  .482320472E1  .177618263E1  .656195995E0  .240181614E0 .883341739E-1
 .328774668E-1 .139599665E-1

 .18679E-2  .21015E-2  0.0000000  0.0000000  0.0000000  0.0000000  0.0000000 
 0.0000000 
 .51715E-2  .56057E-2  0.0000000  0.0000000  0.0000000  0.0000000  0.0000000 
 0.0000000 
 .29424E-1  .32649E-1  0.0000000  0.0000000  0.0000000  0.0000000  0.0000000 
 0.0000000 
  .12357E0   .13165E0  0.0000000  0.0000000  0.0000000  0.0000000  0.0000000 
 0.0000000 
  .36189E0   .37929E0  0.0000000  0.0000000  0.0000000  0.0000000  0.0000000 
 0.0000000 
  .61901E0    .5949E0  0.0000000  0.0000000  0.0000000  0.0000000  0.0000000 
 0.0000000 
 0.0000000  0.0000000       .1E1  0.0000000  0.0000000  0.0000000  0.0000000 
 0.0000000 
 0.0000000  0.0000000  0.0000000       .1E1  0.0000000  0.0000000  0.0000000 
 0.0000000 
 0.0000000  0.0000000  0.0000000  0.0000000       .1E1  0.0000000  0.0000000 
 0.0000000 
 0.0000000  0.0000000  0.0000000  0.0000000  0.0000000       .1E1  0.0000000 
 0.0000000 
 0.0000000  0.0000000  0.0000000  0.0000000  0.0000000  0.0000000       .1E1 
 0.0000000 
 0.0000000  0.0000000  0.0000000  0.0000000  0.0000000  0.0000000  0.0000000 
      .1E1 

  .747922387E0  .308052326E0  .125668034E0

      .1E1  0.0000000  0.0000000 
 0.0000000       .1E1  0.0000000 
 0.0000000  0.0000000       .1E1 

  .370467402E0

      .1E1 




