!  pcemd-2  EMSL  Basis Set Exchange Library   3/19/13 6:29 PM
! Elements                             References
! --------                             ----------
! He H Be Li Ne C N F B O Mg Na Ar P Cl Al Si S: S. Lehtola, P. Manninen, M. Hakala, and K. Hämäläinen, Contraction of completeness-optimized basis sets: Application to ground-state electron momentum densities, J. Chem. Phys. 138, 044109 (2013).
! 



HE:pcemd-2
EMSL BASIS SET LIBRARY

  2
    0    1
    3    1
    6    1

  .162695716E3   .40824747E2  .903519032E1  .199415869E1  .443423868E0
   .11156577E0

 .71438E-2  0.0000000  0.0000000 
  .3242E-1  0.0000000  0.0000000 
  .20342E0  0.0000000  0.0000000 
  .83741E0  0.0000000  0.0000000 
 0.0000000       .1E1  0.0000000 
 0.0000000  0.0000000       .1E1 

  .203383473E1

      .1E1 

H:pcemd-2
EMSL BASIS SET LIBRARY

  2
    0    1
    3    1
    6    1

  .162695716E3   .40824747E2  .903519032E1  .199415869E1  .443423868E0
   .11156577E0

 .45723E-2  0.0000000  0.0000000 
 .21521E-1  0.0000000  0.0000000 
  .14527E0  0.0000000  0.0000000 
   .8878E0  0.0000000  0.0000000 
 0.0000000       .1E1  0.0000000 
 0.0000000  0.0000000       .1E1 

  .203383473E1

      .1E1 

BE:pcemd-2
EMSL BASIS SET LIBRARY

  3
    0    1    2
    3    3    1
   10    3    1

  .106364247E4  .377658087E3  .113986708E3  .338622727E2   .99964936E1
  .296702307E1  .874299289E0  .258266333E0 .771024284E-1  .27043966E-1

-.34339E-3  .18034E-2  0.0000000 
-.70911E-3  .36368E-2  0.0000000 
-.40576E-2  .21174E-1  0.0000000 
-.16826E-1  .84161E-1  0.0000000 
-.59524E-1   .28319E0  0.0000000 
 -.15117E0   .53639E0  0.0000000 
 -.16631E0   .24225E0  0.0000000 
  .39913E0 -.23351E-1  0.0000000 
  .75186E0  .10802E-1  0.0000000 
 0.0000000  0.0000000       .1E1 

   .11848548E1  .267908833E0 .601175246E-1

      .1E1  0.0000000  0.0000000 
 0.0000000       .1E1  0.0000000 
 0.0000000  0.0000000       .1E1 

 .903509279E-1

      .1E1 

LI:pcemd-2
EMSL BASIS SET LIBRARY

  3
    0    1    2
    3    3    1
   10    3    1

  .106364247E4  .377658087E3  .113986708E3  .338622727E2   .99964936E1
  .296702307E1  .874299289E0  .258266333E0 .771024284E-1  .27043966E-1

-.25021E-3  .84679E-3  0.0000000 
-.50039E-3   .1776E-2  0.0000000 
-.29943E-2  .10029E-1  0.0000000 
-.12459E-1  .42973E-1  0.0000000 
-.49472E-1   .15863E0  0.0000000 
 -.14005E0   .42447E0  0.0000000 
 -.27881E0   .47156E0  0.0000000 
 -.13524E0  .52902E-1  0.0000000 
   .1129E1 -.34278E-4  0.0000000 
 0.0000000  0.0000000       .1E1 

   .11848548E1  .267908833E0 .601175246E-1

      .1E1  0.0000000  0.0000000 
 0.0000000       .1E1  0.0000000 
 0.0000000  0.0000000       .1E1 

 .903509279E-1

      .1E1 

NE:pcemd-2
EMSL BASIS SET LIBRARY

  2
    0    1
    3    2
   10    5

  .129052604E5  .381853592E4  .984038075E3  .253547086E3  .642768509E2
   .16284253E2  .412839323E1  .104907625E1   .26934745E0 .793654873E-1

 .75315E-3  .41857E-3  0.0000000 
 .23755E-2  .12706E-2  0.0000000 
 .15075E-1  .83604E-2  0.0000000 
 .72778E-1  .38474E-1  0.0000000 
  .31742E0   .16369E0  0.0000000 
  .61113E0    .2114E0  0.0000000 
 .41863E-1   .12675E0  0.0000000 
 -.54317E0   .58483E0  0.0000000 
 -.17041E0   .19581E0  0.0000000 
 0.0000000  0.0000000       .1E1 

  .131736919E2  .368505683E1  .945619174E0  .243222487E0 .676137925E-1

  .10967E0  0.0000000 
  .34786E0  0.0000000 
  .56841E0  0.0000000 
  .23812E0  0.0000000 
 0.0000000       .1E1 

C:pcemd-2
EMSL BASIS SET LIBRARY

  2
    0    1
    3    2
   10    5

  .129052604E5  .381853592E4  .984038075E3  .253547086E3  .642768509E2
   .16284253E2  .412839323E1  .104907625E1   .26934745E0 .793654873E-1

-.47182E-4  .22239E-3  0.0000000 
-.15442E-3  .77508E-3  0.0000000 
-.95704E-3  .44777E-2  0.0000000 
-.50418E-2  .24645E-1  0.0000000 
-.26282E-1   .11775E0  0.0000000 
 -.10757E0   .43904E0  0.0000000 
 -.25469E0   .54498E0  0.0000000 
  .21306E0  .24521E-1  0.0000000 
  .90781E0 -.18246E-1  0.0000000 
 0.0000000  0.0000000       .1E1 

  .131736919E2  .368505683E1  .945619174E0  .243222487E0 .676137925E-1

 .20605E-1  0.0000000 
  .10734E0  0.0000000 
  .44089E0  0.0000000 
  .62335E0  0.0000000 
 0.0000000       .1E1 

N:pcemd-2
EMSL BASIS SET LIBRARY

  2
    0    1
    3    2
   10    5

  .129052604E5  .381853592E4  .984038075E3  .253547086E3  .642768509E2
   .16284253E2  .412839323E1  .104907625E1   .26934745E0 .793654873E-1

-.63056E-4  .33402E-3  0.0000000 
-.21696E-3  .11255E-2  0.0000000 
-.12732E-2  .67213E-2  0.0000000 
-.69594E-2  .35578E-1  0.0000000 
-.34061E-1    .1675E0  0.0000000 
 -.13553E0   .53169E0  0.0000000 
 -.21532E0   .43495E0  0.0000000 
  .43634E0 -.35636E-1  0.0000000 
  .73263E0 -.66923E-2  0.0000000 
 0.0000000  0.0000000       .1E1 

  .131736919E2  .368505683E1  .945619174E0  .243222487E0 .676137925E-1

  .3416E-1  0.0000000 
  .16722E0  0.0000000 
  .52563E0  0.0000000 
   .4958E0  0.0000000 
 0.0000000       .1E1 

F:pcemd-2
EMSL BASIS SET LIBRARY

  2
    0    1
    3    2
   10    5

  .129052604E5  .381853592E4  .984038075E3  .253547086E3  .642768509E2
   .16284253E2  .412839323E1  .104907625E1   .26934745E0 .793654873E-1

-.11995E-3  .64821E-3  0.0000000 
-.41713E-3  .20437E-2  0.0000000 
-.24118E-2   .1301E-1  0.0000000 
-.13116E-1   .6343E-1  0.0000000 
-.60172E-1   .28679E0  0.0000000 
 -.20358E0   .61387E0  0.0000000 
-.50397E-1   .20313E0  0.0000000 
  .73515E0 -.50685E-1  0.0000000 
  .39365E0 -.23376E-2  0.0000000 
 0.0000000  0.0000000       .1E1 

  .131736919E2  .368505683E1  .945619174E0  .243222487E0 .676137925E-1

 .78912E-1  0.0000000 
  .29338E0  0.0000000 
  .57251E0  0.0000000 
  .31313E0  0.0000000 
 0.0000000       .1E1 

B:pcemd-2
EMSL BASIS SET LIBRARY

  2
    0    1
    3    2
   10    5

  .129052604E5  .381853592E4  .984038075E3  .253547086E3  .642768509E2
   .16284253E2  .412839323E1  .104907625E1   .26934745E0 .793654873E-1

-.37508E-4  .13964E-3  0.0000000 
-.11661E-3   .4865E-3  0.0000000 
-.76405E-3  .28184E-2  0.0000000 
-.38769E-2  .15637E-1  0.0000000 
 -.2148E-1  .77504E-1  0.0000000 
-.90668E-1   .32388E0  0.0000000 
 -.28158E0   .60469E0  0.0000000 
-.73356E-1   .15401E0  0.0000000 
  .10829E1 -.41545E-1  0.0000000 
 0.0000000  0.0000000       .1E1 

  .131736919E2  .368505683E1  .945619174E0  .243222487E0 .676137925E-1

 .12056E-1  0.0000000 
 .62294E-1  0.0000000 
  .33192E0  0.0000000 
  .74474E0  0.0000000 
 0.0000000       .1E1 

O:pcemd-2
EMSL BASIS SET LIBRARY

  2
    0    1
    3    2
   10    5

  .129052604E5  .381853592E4  .984038075E3  .253547086E3  .642768509E2
   .16284253E2  .412839323E1  .104907625E1   .26934745E0 .793654873E-1

-.86833E-4  .47619E-3  0.0000000 
-.30486E-3  .15435E-2  0.0000000 
-.17481E-2  .95754E-2  0.0000000 
-.96597E-2  .48452E-1  0.0000000 
-.45287E-1   .22493E0  0.0000000 
 -.16976E0   .59068E0  0.0000000 
 -.14813E0    .3134E0  0.0000000 
  .61546E0 -.54263E-1  0.0000000 
  .55533E0 -.25826E-2  0.0000000 
 0.0000000  0.0000000       .1E1 

  .131736919E2  .368505683E1  .945619174E0  .243222487E0 .676137925E-1

 .53517E-1  0.0000000 
  .23218E0  0.0000000 
  .56001E0  0.0000000 
  .39891E0  0.0000000 
 0.0000000       .1E1 

MG:pcemd-2
EMSL BASIS SET LIBRARY

  2
    0    1
    4    1
   10    4

  .511051357E4  .131190051E4  .299504418E3  .672552244E2  .152410419E2
  .342939455E1  .772727222E0  .174399435E0 .394892101E-1 .101733457E-1

 .60854E-3  .96413E-3  .41835E-2  0.0000000 
 .26361E-2  .41649E-2  .18333E-1  0.0000000 
 .15617E-1  .24838E-1   .11226E0  0.0000000 
 .56528E-1  .90953E-1   .49452E0  0.0000000 
 .22617E-2  .13748E-1   .61081E0  0.0000000 
   .2613E0   .39308E0  -.28869E0  0.0000000 
  .20412E0   .64591E0  -.36349E0  0.0000000 
  .27592E0  -.38296E0   .8581E-1  0.0000000 
  .55159E0  -.50912E0  .67164E-1  0.0000000 
 0.0000000  0.0000000  0.0000000       .1E1 

  .263953754E2  .662986778E1   .15502527E1  .392496936E0

 .90146E-1 
  .38899E0 
  .62921E0 
  .12586E0 

NA:pcemd-2
EMSL BASIS SET LIBRARY

  2
    0    1
    4    1
   10    4

  .511051357E4  .131190051E4  .299504418E3  .672552244E2  .152410419E2
  .342939455E1  .772727222E0  .174399435E0 .394892101E-1 .101733457E-1

 .13052E-3 -.89216E-3  .33367E-2  0.0000000 
 .58198E-3 -.39072E-2  .14899E-1  0.0000000 
 .36829E-2 -.25083E-1   .9058E-1  0.0000000 
 .19495E-1  -.12847E0    .4229E0  0.0000000 
 .46529E-1  -.29986E0   .58371E0  0.0000000 
-.60017E-1   .36581E0  .32018E-1  0.0000000 
 -.26246E0   .80589E0  .21869E-1  0.0000000 
 .40323E-1 -.26402E-1 -.39803E-2  0.0000000 
  .10154E1  .25585E-1  .20687E-2  0.0000000 
 0.0000000  0.0000000  0.0000000       .1E1 

  .263953754E2  .662986778E1   .15502527E1  .392496936E0

 .64915E-1 
  .31403E0 
  .62198E0 
  .24797E0 

AR:pcemd-2
EMSL BASIS SET LIBRARY

  2
    0    1
    3    3
   10    7

  .867698132E4  .267746211E4  .708458139E3  .186398997E3  .486367221E2
  .127502897E2  .334823796E1   .87577858E0  .232563263E0 .706691176E-1

  .1311E-2 -.33061E-2 -.48507E-2 
 .43751E-2 -.10304E-1 -.14982E-1 
 .20594E-1 -.55181E-1 -.81743E-1 
  .7546E-1  -.21774E0  -.32735E0 
-.34091E-2  -.33491E0  -.57943E0 
  .25717E0 -.41783E-1   .10108E0 
  .76861E0  -.20448E0   .72568E0 
-.77742E-3   .43597E0  -.36338E0 
 .31624E-1   .58139E0  -.45883E0 
-.89212E-2 -.36698E-1  .23859E-1 

  .151089486E3  .425812579E2  .109575711E2  .280534672E1  .719535695E0
  .186348059E0 .524260295E-1

 .28508E-1  .12837E-2  0.0000000 
  .17181E0  .79052E-2  0.0000000 
  .61939E0  .10524E-1  0.0000000 
  .43555E0  .70578E-1  0.0000000 
 -.23031E0   .60866E0  0.0000000 
 -.14246E0   .47144E0  0.0000000 
 0.0000000  0.0000000       .1E1 

P:pcemd-2
EMSL BASIS SET LIBRARY

  2
    0    1
    3    3
   10    7

  .867698132E4  .267746211E4  .708458139E3  .186398997E3  .486367221E2
  .127502897E2  .334823796E1   .87577858E0  .232563263E0 .706691176E-1

 .24041E-3 -.24594E-3  .38011E-2 
 .72531E-3 -.54687E-3  .11774E-1 
 .42902E-2 -.48881E-2  .65636E-1 
 .19549E-1 -.22051E-1   .28267E0 
 .63442E-1   -.1366E0   .64102E0 
 .26826E-1 -.18889E-1   .22934E0 
 -.37692E0   .87198E0   -.2116E0 
 -.10356E0   .26622E0 -.44414E-1 
  .97192E0  -.8449E-1  .10325E-1 
   .1736E0  .60123E-2  .42715E-3 

  .151089486E3  .425812579E2  .109575711E2  .280534672E1  .719535695E0
  .186348059E0 .524260295E-1

-.36138E-2  .14035E-1  0.0000000 
 -.2457E-1  .90547E-1  0.0000000 
  -.1171E0   .42917E0  0.0000000 
 -.19013E0   .60252E0  0.0000000 
  .29615E0  .82973E-1  0.0000000 
  .82391E0 -.47065E-2  0.0000000 
 0.0000000  0.0000000       .1E1 

CL:pcemd-2
EMSL BASIS SET LIBRARY

  2
    0    1
    3    3
   10    7

  .867698132E4  .267746211E4  .708458139E3  .186398997E3  .486367221E2
  .127502897E2  .334823796E1   .87577858E0  .232563263E0 .706691176E-1

 .41382E-3 -.44995E-3  .51732E-2 
 .12343E-2 -.10955E-2  .16151E-1 
  .7325E-2  -.8721E-2  .87452E-1 
  .3209E-1 -.39166E-1   .35832E0 
 .93473E-1  -.18891E0   .64105E0 
-.39014E-1   .15847E0  .89501E-1 
   -.568E0   .90445E0  -.19139E0 
  .34844E0  .53403E-1 -.54602E-2 
  .87402E0 -.21263E-2 -.43572E-3 
-.17262E-1 -.29871E-2  .12973E-2 

  .151089486E3  .425812579E2  .109575711E2  .280534672E1  .719535695E0
  .186348059E0 .524260295E-1

-.60426E-2  .22343E-1  0.0000000 
-.37677E-1   .13788E0  0.0000000 
 -.16033E0   .54414E0  0.0000000 
 -.12553E0   .50113E0  0.0000000 
  .55922E0 -.71633E-2  0.0000000 
  .60031E0  .95727E-2  0.0000000 
 0.0000000  0.0000000       .1E1 

AL:pcemd-2
EMSL BASIS SET LIBRARY

  2
    0    1
    3    3
   10    7

  .867698132E4  .267746211E4  .708458139E3  .186398997E3  .486367221E2
  .127502897E2  .334823796E1   .87577858E0  .232563263E0 .706691176E-1

 .15931E-3 -.54435E-3  .26254E-2 
  .4652E-3 -.15672E-2  .79404E-2 
 .28769E-2 -.98858E-2  .46199E-1 
   .131E-1 -.44987E-1   .20432E0 
 .48992E-1  -.17654E0   .57245E0 
 .51582E-1  -.18552E0   .35958E0 
 -.20351E0    .6778E0 -.63792E-1 
 -.35888E0   .55063E0 -.12466E-1 
  .56899E0 -.69889E-1 -.52321E-2 
  .65752E0  .21557E-1  .80372E-3 

  .151089486E3  .425812579E2  .109575711E2  .280534672E1  .719535695E0
  .186348059E0 .524260295E-1

-.26874E-2  .80778E-2  0.0000000 
-.18775E-1  .54299E-1  0.0000000 
 -.10479E0   .30303E0  0.0000000 
 -.23521E0   .61985E0  0.0000000 
-.18157E-1   .25917E0  0.0000000 
  .99985E0 -.20979E-1  0.0000000 
 0.0000000  0.0000000       .1E1 

SI:pcemd-2
EMSL BASIS SET LIBRARY

  2
    0    1
    3    3
   10    7

  .867698132E4  .267746211E4  .708458139E3  .186398997E3  .486367221E2
  .127502897E2  .334823796E1   .87577858E0  .232563263E0 .706691176E-1

 .16197E-3 -.71369E-3  .31367E-2 
 .48953E-3 -.20435E-2   .9637E-2 
 .28921E-2 -.12902E-1  .54642E-1 
 .13256E-1 -.57461E-1   .23903E0 
 .43937E-1  -.21376E0   .59656E0 
 .33971E-1  -.13513E0   .28853E0 
 -.22846E0   .82478E0 -.65913E-1 
 -.24445E0   .42955E0 -.27837E-2 
  .84898E0  -.14928E0  -.9137E-2 
  .37068E0 -.16295E-1 -.58101E-3 

  .151089486E3  .425812579E2  .109575711E2  .280534672E1  .719535695E0
  .186348059E0 .524260295E-1

-.29031E-2  .10782E-1  0.0000000 
-.20239E-1  .71099E-1  0.0000000 
 -.10354E0   .36624E0  0.0000000 
 -.20375E0   .62511E0  0.0000000 
  .14192E0   .15988E0  0.0000000 
  .92253E0 -.15577E-1  0.0000000 
 0.0000000  0.0000000       .1E1 

S:pcemd-2
EMSL BASIS SET LIBRARY

  2
    0    1
    3    3
   10    7

  .867698132E4  .267746211E4  .708458139E3  .186398997E3  .486367221E2
  .127502897E2  .334823796E1   .87577858E0  .232563263E0 .706691176E-1

 .33046E-3 -.32623E-3  .44537E-2 
 .99253E-3 -.74278E-3   .1388E-1 
 .58749E-2 -.64342E-2  .76104E-1 
 .26308E-1 -.28788E-1   .32061E0 
 .81111E-1  -.16177E0    .6466E0 
 .13471E-2  .63709E-1   .15591E0 
  -.4957E0   .90246E0  -.20765E0 
   .1124E0   .14505E0 -.21655E-1 
  .96538E0 -.32357E-1  .32648E-2 
 .48162E-1  .40452E-2  .57464E-3 

  .151089486E3  .425812579E2  .109575711E2  .280534672E1  .719535695E0
  .186348059E0 .524260295E-1

-.46968E-2  .17878E-1  0.0000000 
-.30585E-1   .11281E0  0.0000000 
  -.1379E0   .48936E0  0.0000000 
 -.16661E0   .55886E0  0.0000000 
  .44193E0  .28552E-1  0.0000000 
  .71101E0  .41599E-2  0.0000000 
 0.0000000  0.0000000       .1E1 




