!  pcemd-3  EMSL  Basis Set Exchange Library   3/19/13 6:29 PM
! Elements                             References
! --------                             ----------
! He H Be Li Ne C N F B O Mg Na Ar P Cl Al Si S: S. Lehtola, P. Manninen, M. Hakala, and K. Hämäläinen, Contraction of completeness-optimized basis sets: Application to ground-state electron momentum densities, J. Chem. Phys. 138, 044109 (2013).
! 



HE:pcemd-3
EMSL BASIS SET LIBRARY

  2
    0    1
    6    1
   12    1

  .159250676E4  .719435344E3  .275447776E3  .102318598E3  .376065513E2
  .138664908E2  .511697302E1  .188912294E1  .693268321E0  .256214112E0
 .977298647E-1 .439449874E-1

 .13471E-2  0.0000000  0.0000000  0.0000000  0.0000000  0.0000000 
 .73091E-3  0.0000000  0.0000000  0.0000000  0.0000000  0.0000000 
 .72364E-2  0.0000000  0.0000000  0.0000000  0.0000000  0.0000000 
 .21182E-1  0.0000000  0.0000000  0.0000000  0.0000000  0.0000000 
 .76185E-1  0.0000000  0.0000000  0.0000000  0.0000000  0.0000000 
  .24534E0  0.0000000  0.0000000  0.0000000  0.0000000  0.0000000 
  .72557E0  0.0000000  0.0000000  0.0000000  0.0000000  0.0000000 
 0.0000000       .1E1  0.0000000  0.0000000  0.0000000  0.0000000 
 0.0000000  0.0000000       .1E1  0.0000000  0.0000000  0.0000000 
 0.0000000  0.0000000  0.0000000       .1E1  0.0000000  0.0000000 
 0.0000000  0.0000000  0.0000000  0.0000000       .1E1  0.0000000 
 0.0000000  0.0000000  0.0000000  0.0000000  0.0000000       .1E1 

  .203383473E1

      .1E1 

H:pcemd-3
EMSL BASIS SET LIBRARY

  2
    0    1
    6    1
   12    1

  .159250676E4  .719435344E3  .275447776E3  .102318598E3  .376065513E2
  .138664908E2  .511697302E1  .188912294E1  .693268321E0  .256214112E0
 .977298647E-1 .439449874E-1

 .11363E-2  0.0000000  0.0000000  0.0000000  0.0000000  0.0000000 
 .63659E-3  0.0000000  0.0000000  0.0000000  0.0000000  0.0000000 
 .60833E-2  0.0000000  0.0000000  0.0000000  0.0000000  0.0000000 
 .18237E-1  0.0000000  0.0000000  0.0000000  0.0000000  0.0000000 
 .65647E-1  0.0000000  0.0000000  0.0000000  0.0000000  0.0000000 
  .22506E0  0.0000000  0.0000000  0.0000000  0.0000000  0.0000000 
  .75351E0  0.0000000  0.0000000  0.0000000  0.0000000  0.0000000 
 0.0000000       .1E1  0.0000000  0.0000000  0.0000000  0.0000000 
 0.0000000  0.0000000       .1E1  0.0000000  0.0000000  0.0000000 
 0.0000000  0.0000000  0.0000000       .1E1  0.0000000  0.0000000 
 0.0000000  0.0000000  0.0000000  0.0000000       .1E1  0.0000000 
 0.0000000  0.0000000  0.0000000  0.0000000  0.0000000       .1E1 

  .203383473E1

      .1E1 

BE:pcemd-3
EMSL BASIS SET LIBRARY

  3
    0    1    2
    7    5    2
   16    5    2

  .634438955E4  .293518884E4  .114712709E4  .433366066E3  .163230474E3
  .612671769E2  .230826197E2  .869276229E1  .325934048E1  .123420335E1
  .465193585E0  .174833208E0 .659306608E-1 .248450999E-1 .969484608E-2
 .448735206E-2

 .14295E-3  .22077E-3  0.0000000  0.0000000  0.0000000  0.0000000  0.0000000 
 .58327E-4  .88929E-4  0.0000000  0.0000000  0.0000000  0.0000000  0.0000000 
 .71559E-3  .11058E-2  0.0000000  0.0000000  0.0000000  0.0000000  0.0000000 
 .19888E-2  .30519E-2  0.0000000  0.0000000  0.0000000  0.0000000  0.0000000 
 .70636E-2  .10842E-1  0.0000000  0.0000000  0.0000000  0.0000000  0.0000000 
 .22839E-1  .34507E-1  0.0000000  0.0000000  0.0000000  0.0000000  0.0000000 
  .6987E-1   .10287E0  0.0000000  0.0000000  0.0000000  0.0000000  0.0000000 
  .18492E0   .25302E0  0.0000000  0.0000000  0.0000000  0.0000000  0.0000000 
  .38652E0   .43083E0  0.0000000  0.0000000  0.0000000  0.0000000  0.0000000 
  .52846E0   .29821E0  0.0000000  0.0000000  0.0000000  0.0000000  0.0000000 
-.96346E-1  .22538E-1  0.0000000  0.0000000  0.0000000  0.0000000  0.0000000 
 0.0000000  0.0000000       .1E1  0.0000000  0.0000000  0.0000000  0.0000000 
 0.0000000  0.0000000  0.0000000       .1E1  0.0000000  0.0000000  0.0000000 
 0.0000000  0.0000000  0.0000000  0.0000000       .1E1  0.0000000  0.0000000 
 0.0000000  0.0000000  0.0000000  0.0000000  0.0000000       .1E1  0.0000000 
 0.0000000  0.0000000  0.0000000  0.0000000  0.0000000  0.0000000       .1E1 

  .531753134E1  .172831871E1  .505870596E0  .149280053E0 .491475818E-1

      .1E1  0.0000000  0.0000000  0.0000000  0.0000000 
 0.0000000       .1E1  0.0000000  0.0000000  0.0000000 
 0.0000000  0.0000000       .1E1  0.0000000  0.0000000 
 0.0000000  0.0000000  0.0000000       .1E1  0.0000000 
 0.0000000  0.0000000  0.0000000  0.0000000       .1E1 

  .129789612E0 .619251347E-1

      .1E1  0.0000000 
 0.0000000       .1E1 

LI:pcemd-3
EMSL BASIS SET LIBRARY

  3
    0    1    2
    7    5    2
   16    5    2

  .634438955E4  .293518884E4  .114712709E4  .433366066E3  .163230474E3
  .612671769E2  .230826197E2  .869276229E1  .325934048E1  .123420335E1
  .465193585E0  .174833208E0 .659306608E-1 .248450999E-1 .969484608E-2
 .448735206E-2

 .58005E-4  .10427E-3  0.0000000  0.0000000  0.0000000  0.0000000  0.0000000 
 .24393E-4  .43084E-4  0.0000000  0.0000000  0.0000000  0.0000000  0.0000000 
 .28934E-3  .52095E-3  0.0000000  0.0000000  0.0000000  0.0000000  0.0000000 
 .81674E-3  .14584E-2  0.0000000  0.0000000  0.0000000  0.0000000  0.0000000 
 .28791E-2  .51653E-2  0.0000000  0.0000000  0.0000000  0.0000000  0.0000000 
  .9546E-2  .16934E-1  0.0000000  0.0000000  0.0000000  0.0000000  0.0000000 
 .30095E-1  .52905E-1  0.0000000  0.0000000  0.0000000  0.0000000  0.0000000 
 .87472E-1   .14785E0  0.0000000  0.0000000  0.0000000  0.0000000  0.0000000 
  .20247E0   .31766E0  0.0000000  0.0000000  0.0000000  0.0000000  0.0000000 
  .36268E0   .42565E0  0.0000000  0.0000000  0.0000000  0.0000000  0.0000000 
  .45372E0    .1937E0  0.0000000  0.0000000  0.0000000  0.0000000  0.0000000 
 0.0000000  0.0000000       .1E1  0.0000000  0.0000000  0.0000000  0.0000000 
 0.0000000  0.0000000  0.0000000       .1E1  0.0000000  0.0000000  0.0000000 
 0.0000000  0.0000000  0.0000000  0.0000000       .1E1  0.0000000  0.0000000 
 0.0000000  0.0000000  0.0000000  0.0000000  0.0000000       .1E1  0.0000000 
 0.0000000  0.0000000  0.0000000  0.0000000  0.0000000  0.0000000       .1E1 

  .531753134E1  .172831871E1  .505870596E0  .149280053E0 .491475818E-1

      .1E1  0.0000000  0.0000000  0.0000000  0.0000000 
 0.0000000       .1E1  0.0000000  0.0000000  0.0000000 
 0.0000000  0.0000000       .1E1  0.0000000  0.0000000 
 0.0000000  0.0000000  0.0000000       .1E1  0.0000000 
 0.0000000  0.0000000  0.0000000  0.0000000       .1E1 

  .129789612E0 .619251347E-1

      .1E1  0.0000000 
 0.0000000       .1E1 

NE:pcemd-3
EMSL BASIS SET LIBRARY

  3
    0    1    2
    6    4    1
   13    7    1

  .488674099E5  .166293463E5  .486643674E4  .139658357E4  .401385183E3
  .114901119E3  .329033817E2  .942339111E1  .267383091E1  .762833257E0
  .216994218E0 .626741723E-1 .210835382E-1

 .16044E-3  .10554E-3  0.0000000  0.0000000  0.0000000  0.0000000 
 .35266E-3  .23379E-3  0.0000000  0.0000000  0.0000000  0.0000000 
  .2176E-2  .14274E-2  0.0000000  0.0000000  0.0000000  0.0000000 
 .96602E-2  .63457E-2  0.0000000  0.0000000  0.0000000  0.0000000 
  .4507E-1  .28882E-1  0.0000000  0.0000000  0.0000000  0.0000000 
  .17963E0   .10836E0  0.0000000  0.0000000  0.0000000  0.0000000 
  .51452E0   .22754E0  0.0000000  0.0000000  0.0000000  0.0000000 
  .47446E0  -.7104E-1  0.0000000  0.0000000  0.0000000  0.0000000 
 -.13721E0   .90392E0  0.0000000  0.0000000  0.0000000  0.0000000 
 0.0000000  0.0000000       .1E1  0.0000000  0.0000000  0.0000000 
 0.0000000  0.0000000  0.0000000       .1E1  0.0000000  0.0000000 
 0.0000000  0.0000000  0.0000000  0.0000000       .1E1  0.0000000 
 0.0000000  0.0000000  0.0000000  0.0000000  0.0000000       .1E1 

  .600548005E2  .205410244E2  .630312644E1  .192448624E1  .580741165E0
  .178236313E0  .61018007E-1

 .17839E-1  0.0000000  0.0000000  0.0000000 
 .73866E-1  0.0000000  0.0000000  0.0000000 
  .33708E0  0.0000000  0.0000000  0.0000000 
  .70813E0  0.0000000  0.0000000  0.0000000 
 0.0000000       .1E1  0.0000000  0.0000000 
 0.0000000  0.0000000       .1E1  0.0000000 
 0.0000000  0.0000000  0.0000000       .1E1 

  .676880866E0

      .1E1 

C:pcemd-3
EMSL BASIS SET LIBRARY

  3
    0    1    2
    6    4    1
   13    7    1

  .488674099E5  .166293463E5  .486643674E4  .139658357E4  .401385183E3
  .114901119E3  .329033817E2  .942339111E1  .267383091E1  .762833257E0
  .216994218E0 .626741723E-1 .210835382E-1

 .23301E-4  .42483E-4  0.0000000  0.0000000  0.0000000  0.0000000 
 .54798E-4  .97139E-4  0.0000000  0.0000000  0.0000000  0.0000000 
 .31457E-3  .57489E-3  0.0000000  0.0000000  0.0000000  0.0000000 
 .14906E-2  .26575E-2  0.0000000  0.0000000  0.0000000  0.0000000 
 .68658E-2  .12406E-1  0.0000000  0.0000000  0.0000000  0.0000000 
 .32263E-1  .56068E-1  0.0000000  0.0000000  0.0000000  0.0000000 
  .12899E0    .2128E0  0.0000000  0.0000000  0.0000000  0.0000000 
  .41188E0   .52396E0  0.0000000  0.0000000  0.0000000  0.0000000 
  .55414E0   .34837E0  0.0000000  0.0000000  0.0000000  0.0000000 
 0.0000000  0.0000000       .1E1  0.0000000  0.0000000  0.0000000 
 0.0000000  0.0000000  0.0000000       .1E1  0.0000000  0.0000000 
 0.0000000  0.0000000  0.0000000  0.0000000       .1E1  0.0000000 
 0.0000000  0.0000000  0.0000000  0.0000000  0.0000000       .1E1 

  .600548005E2  .205410244E2  .630312644E1  .192448624E1  .580741165E0
  .178236313E0  .61018007E-1

 .70592E-2  0.0000000  0.0000000  0.0000000 
 .35383E-1  0.0000000  0.0000000  0.0000000 
  .19557E0  0.0000000  0.0000000  0.0000000 
   .8467E0  0.0000000  0.0000000  0.0000000 
 0.0000000       .1E1  0.0000000  0.0000000 
 0.0000000  0.0000000       .1E1  0.0000000 
 0.0000000  0.0000000  0.0000000       .1E1 

  .676880866E0

      .1E1 

N:pcemd-3
EMSL BASIS SET LIBRARY

  3
    0    1    2
    6    4    1
   13    7    1

  .488674099E5  .166293463E5  .486643674E4  .139658357E4  .401385183E3
  .114901119E3  .329033817E2  .942339111E1  .267383091E1  .762833257E0
  .216994218E0 .626741723E-1 .210835382E-1

  .3711E-4  .63858E-4  0.0000000  0.0000000  0.0000000  0.0000000 
 .88782E-4  .13924E-3  0.0000000  0.0000000  0.0000000  0.0000000 
 .50002E-3  .86809E-3  0.0000000  0.0000000  0.0000000  0.0000000 
 .24003E-2  .38547E-2  0.0000000  0.0000000  0.0000000  0.0000000 
 .10886E-1   .1849E-1  0.0000000  0.0000000  0.0000000  0.0000000 
 .51006E-1  .79365E-1  0.0000000  0.0000000  0.0000000  0.0000000 
  .19368E0   .28926E0  0.0000000  0.0000000  0.0000000  0.0000000 
  .56351E0   .55649E0  0.0000000  0.0000000  0.0000000  0.0000000 
  .32368E0   .21177E0  0.0000000  0.0000000  0.0000000  0.0000000 
 0.0000000  0.0000000       .1E1  0.0000000  0.0000000  0.0000000 
 0.0000000  0.0000000  0.0000000       .1E1  0.0000000  0.0000000 
 0.0000000  0.0000000  0.0000000  0.0000000       .1E1  0.0000000 
 0.0000000  0.0000000  0.0000000  0.0000000  0.0000000       .1E1 

  .600548005E2  .205410244E2  .630312644E1  .192448624E1  .580741165E0
  .178236313E0  .61018007E-1

 .87603E-2  0.0000000  0.0000000  0.0000000 
  .4056E-1  0.0000000  0.0000000  0.0000000 
  .22236E0  0.0000000  0.0000000  0.0000000 
  .82299E0  0.0000000  0.0000000  0.0000000 
 0.0000000       .1E1  0.0000000  0.0000000 
 0.0000000  0.0000000       .1E1  0.0000000 
 0.0000000  0.0000000  0.0000000       .1E1 

  .676880866E0

      .1E1 

F:pcemd-3
EMSL BASIS SET LIBRARY

  3
    0    1    2
    6    4    1
   13    7    1

  .488674099E5  .166293463E5  .486643674E4  .139658357E4  .401385183E3
  .114901119E3  .329033817E2  .942339111E1  .267383091E1  .762833257E0
  .216994218E0 .626741723E-1 .210835382E-1

 .95345E-4  .12272E-3  0.0000000  0.0000000  0.0000000  0.0000000 
 .21401E-3  .26391E-3  0.0000000  0.0000000  0.0000000  0.0000000 
  .1293E-2  .16688E-2  0.0000000  0.0000000  0.0000000  0.0000000 
 .58739E-2  .72959E-2  0.0000000  0.0000000  0.0000000  0.0000000 
 .27611E-1  .34817E-1  0.0000000  0.0000000  0.0000000  0.0000000 
  .12003E0   .14036E0  0.0000000  0.0000000  0.0000000  0.0000000 
  .42992E0    .4393E0  0.0000000  0.0000000  0.0000000  0.0000000 
  .84909E0   .49213E0  0.0000000  0.0000000  0.0000000  0.0000000 
 -.65667E0   .3522E-1  0.0000000  0.0000000  0.0000000  0.0000000 
 0.0000000  0.0000000       .1E1  0.0000000  0.0000000  0.0000000 
 0.0000000  0.0000000  0.0000000       .1E1  0.0000000  0.0000000 
 0.0000000  0.0000000  0.0000000  0.0000000       .1E1  0.0000000 
 0.0000000  0.0000000  0.0000000  0.0000000  0.0000000       .1E1 

  .600548005E2  .205410244E2  .630312644E1  .192448624E1  .580741165E0
  .178236313E0  .61018007E-1

   .142E-1  0.0000000  0.0000000  0.0000000 
 .59853E-1  0.0000000  0.0000000  0.0000000 
  .30029E0  0.0000000  0.0000000  0.0000000 
  .74828E0  0.0000000  0.0000000  0.0000000 
 0.0000000       .1E1  0.0000000  0.0000000 
 0.0000000  0.0000000       .1E1  0.0000000 
 0.0000000  0.0000000  0.0000000       .1E1 

  .676880866E0

      .1E1 

B:pcemd-3
EMSL BASIS SET LIBRARY

  3
    0    1    2
    6    4    1
   13    7    1

  .488674099E5  .166293463E5  .486643674E4  .139658357E4  .401385183E3
  .114901119E3  .329033817E2  .942339111E1  .267383091E1  .762833257E0
  .216994218E0 .626741723E-1 .210835382E-1

 .15772E-4  .26993E-4  0.0000000  0.0000000  0.0000000  0.0000000 
 .34777E-4  .64621E-4  0.0000000  0.0000000  0.0000000  0.0000000 
  .2144E-3  .36356E-3  0.0000000  0.0000000  0.0000000  0.0000000 
  .9652E-3  .17479E-2  0.0000000  0.0000000  0.0000000  0.0000000 
 .46645E-2  .79422E-2  0.0000000  0.0000000  0.0000000  0.0000000 
 .21354E-1  .37622E-1  0.0000000  0.0000000  0.0000000  0.0000000 
 .92287E-1   .14805E0  0.0000000  0.0000000  0.0000000  0.0000000 
  .31173E0   .44789E0  0.0000000  0.0000000  0.0000000  0.0000000 
  .68253E0   .49951E0  0.0000000  0.0000000  0.0000000  0.0000000 
 0.0000000  0.0000000       .1E1  0.0000000  0.0000000  0.0000000 
 0.0000000  0.0000000  0.0000000       .1E1  0.0000000  0.0000000 
 0.0000000  0.0000000  0.0000000  0.0000000       .1E1  0.0000000 
 0.0000000  0.0000000  0.0000000  0.0000000  0.0000000       .1E1 

  .600548005E2  .205410244E2  .630312644E1  .192448624E1  .580741165E0
  .178236313E0  .61018007E-1

  .6083E-2  0.0000000  0.0000000  0.0000000 
  .3197E-1  0.0000000  0.0000000  0.0000000 
  .18421E0  0.0000000  0.0000000  0.0000000 
  .85704E0  0.0000000  0.0000000  0.0000000 
 0.0000000       .1E1  0.0000000  0.0000000 
 0.0000000  0.0000000       .1E1  0.0000000 
 0.0000000  0.0000000  0.0000000       .1E1 

  .676880866E0

      .1E1 

O:pcemd-3
EMSL BASIS SET LIBRARY

  3
    0    1    2
    6    4    1
   13    7    1

  .488674099E5  .166293463E5  .486643674E4  .139658357E4  .401385183E3
  .114901119E3  .329033817E2  .942339111E1  .267383091E1  .762833257E0
  .216994218E0 .626741723E-1 .210835382E-1

 .62736E-4   .9079E-4  0.0000000  0.0000000  0.0000000  0.0000000 
 .14619E-3  .19396E-3  0.0000000  0.0000000  0.0000000  0.0000000 
  .8476E-3  .12362E-2  0.0000000  0.0000000  0.0000000  0.0000000 
 .39761E-2  .53888E-2  0.0000000  0.0000000  0.0000000  0.0000000 
 .18293E-1  .26038E-1  0.0000000  0.0000000  0.0000000  0.0000000 
 .82941E-1   .10756E0  0.0000000  0.0000000  0.0000000  0.0000000 
  .30535E0   .36798E0  0.0000000  0.0000000  0.0000000  0.0000000 
  .75366E0   .54252E0  0.0000000  0.0000000  0.0000000  0.0000000 
-.88869E-1   .10572E0  0.0000000  0.0000000  0.0000000  0.0000000 
 0.0000000  0.0000000       .1E1  0.0000000  0.0000000  0.0000000 
 0.0000000  0.0000000  0.0000000       .1E1  0.0000000  0.0000000 
 0.0000000  0.0000000  0.0000000  0.0000000       .1E1  0.0000000 
 0.0000000  0.0000000  0.0000000  0.0000000  0.0000000       .1E1 

  .600548005E2  .205410244E2  .630312644E1  .192448624E1  .580741165E0
  .178236313E0  .61018007E-1

 .11192E-1  0.0000000  0.0000000  0.0000000 
 .48619E-1  0.0000000  0.0000000  0.0000000 
   .2609E0  0.0000000  0.0000000  0.0000000 
  .78749E0  0.0000000  0.0000000  0.0000000 
 0.0000000       .1E1  0.0000000  0.0000000 
 0.0000000  0.0000000       .1E1  0.0000000 
 0.0000000  0.0000000  0.0000000       .1E1 

  .676880866E0

      .1E1 

MG:pcemd-3
EMSL BASIS SET LIBRARY

  4
    0    1    2    3
   12    2    1    1
   16    7    1    1

  .466596797E5  .169154847E5  .527949409E4  .160454491E4  .487534914E3
  .148198048E3  .449064881E2   .13640755E2  .414775134E1  .125283697E1
  .379466223E0  .114744216E0 .347925574E-1 .104375659E-1  .31989253E-2
 .114296652E-2

 -.2125E-2  .38958E-3  .30226E-3  0.0000000  0.0000000  0.0000000  0.0000000 
 0.0000000  0.0000000  0.0000000  0.0000000  0.0000000 
-.37169E-2  .70472E-3  .54597E-3  0.0000000  0.0000000  0.0000000  0.0000000 
 0.0000000  0.0000000  0.0000000  0.0000000  0.0000000 
-.23244E-1  .42842E-2  .33336E-2  0.0000000  0.0000000  0.0000000  0.0000000 
 0.0000000  0.0000000  0.0000000  0.0000000  0.0000000 
-.91263E-1  .17688E-1  .13833E-1  0.0000000  0.0000000  0.0000000  0.0000000 
 0.0000000  0.0000000  0.0000000  0.0000000  0.0000000 
 -.36633E0  .75682E-1  .60602E-1  0.0000000  0.0000000  0.0000000  0.0000000 
 0.0000000  0.0000000  0.0000000  0.0000000  0.0000000 
 -.92007E0   .27737E0    .2374E0  0.0000000  0.0000000  0.0000000  0.0000000 
 0.0000000  0.0000000  0.0000000  0.0000000  0.0000000 
   .1243E1   .71911E0   .76636E0  0.0000000  0.0000000  0.0000000  0.0000000 
 0.0000000  0.0000000  0.0000000  0.0000000  0.0000000 
 0.0000000  0.0000000  0.0000000       .1E1  0.0000000  0.0000000  0.0000000 
 0.0000000  0.0000000  0.0000000  0.0000000  0.0000000 
 0.0000000  0.0000000  0.0000000  0.0000000       .1E1  0.0000000  0.0000000 
 0.0000000  0.0000000  0.0000000  0.0000000  0.0000000 
 0.0000000  0.0000000  0.0000000  0.0000000  0.0000000       .1E1  0.0000000 
 0.0000000  0.0000000  0.0000000  0.0000000  0.0000000 
 0.0000000  0.0000000  0.0000000  0.0000000  0.0000000  0.0000000       .1E1 
 0.0000000  0.0000000  0.0000000  0.0000000  0.0000000 
 0.0000000  0.0000000  0.0000000  0.0000000  0.0000000  0.0000000  0.0000000 
      .1E1  0.0000000  0.0000000  0.0000000  0.0000000 
 0.0000000  0.0000000  0.0000000  0.0000000  0.0000000  0.0000000  0.0000000 
 0.0000000       .1E1  0.0000000  0.0000000  0.0000000 
 0.0000000  0.0000000  0.0000000  0.0000000  0.0000000  0.0000000  0.0000000 
 0.0000000  0.0000000       .1E1  0.0000000  0.0000000 
 0.0000000  0.0000000  0.0000000  0.0000000  0.0000000  0.0000000  0.0000000 
 0.0000000  0.0000000  0.0000000       .1E1  0.0000000 
 0.0000000  0.0000000  0.0000000  0.0000000  0.0000000  0.0000000  0.0000000 
 0.0000000  0.0000000  0.0000000  0.0000000       .1E1 

  .233498868E3  .747274149E2  .213416564E2  .610818455E1  .175702693E1
  .503039202E0  .160117624E0

 .26927E-2  0.0000000 
 .15323E-1  0.0000000 
  .10145E0  0.0000000 
  .36645E0  0.0000000 
  .55333E0  0.0000000 
  .20397E0  0.0000000 
 0.0000000       .1E1 

 .408031188E-1

      .1E1 

 .486967525E-1

      .1E1 

NA:pcemd-3
EMSL BASIS SET LIBRARY

  4
    0    1    2    3
   12    2    1    1
   16    7    1    1

  .466596797E5  .169154847E5  .527949409E4  .160454491E4  .487534914E3
  .148198048E3  .449064881E2   .13640755E2  .414775134E1  .125283697E1
  .379466223E0  .114744216E0 .347925574E-1 .104375659E-1  .31989253E-2
 .114296652E-2

 .29002E-3  .29698E-3   .3584E-3  0.0000000  0.0000000  0.0000000  0.0000000 
 0.0000000  0.0000000  0.0000000  0.0000000  0.0000000 
 .53277E-3  .54146E-3  .63679E-3  0.0000000  0.0000000  0.0000000  0.0000000 
 0.0000000  0.0000000  0.0000000  0.0000000  0.0000000 
 .31918E-2  .32708E-2  .39529E-2  0.0000000  0.0000000  0.0000000  0.0000000 
 0.0000000  0.0000000  0.0000000  0.0000000  0.0000000 
 .13439E-1  .13682E-1  .16129E-1  0.0000000  0.0000000  0.0000000  0.0000000 
 0.0000000  0.0000000  0.0000000  0.0000000  0.0000000 
  .5837E-1  .59615E-1  .70417E-1  0.0000000  0.0000000  0.0000000  0.0000000 
 0.0000000  0.0000000  0.0000000  0.0000000  0.0000000 
  .23383E0   .23626E0   .26152E0  0.0000000  0.0000000  0.0000000  0.0000000 
 0.0000000  0.0000000  0.0000000  0.0000000  0.0000000 
  .77104E0   .76803E0   .73763E0  0.0000000  0.0000000  0.0000000  0.0000000 
 0.0000000  0.0000000  0.0000000  0.0000000  0.0000000 
 0.0000000  0.0000000  0.0000000       .1E1  0.0000000  0.0000000  0.0000000 
 0.0000000  0.0000000  0.0000000  0.0000000  0.0000000 
 0.0000000  0.0000000  0.0000000  0.0000000       .1E1  0.0000000  0.0000000 
 0.0000000  0.0000000  0.0000000  0.0000000  0.0000000 
 0.0000000  0.0000000  0.0000000  0.0000000  0.0000000       .1E1  0.0000000 
 0.0000000  0.0000000  0.0000000  0.0000000  0.0000000 
 0.0000000  0.0000000  0.0000000  0.0000000  0.0000000  0.0000000       .1E1 
 0.0000000  0.0000000  0.0000000  0.0000000  0.0000000 
 0.0000000  0.0000000  0.0000000  0.0000000  0.0000000  0.0000000  0.0000000 
      .1E1  0.0000000  0.0000000  0.0000000  0.0000000 
 0.0000000  0.0000000  0.0000000  0.0000000  0.0000000  0.0000000  0.0000000 
 0.0000000       .1E1  0.0000000  0.0000000  0.0000000 
 0.0000000  0.0000000  0.0000000  0.0000000  0.0000000  0.0000000  0.0000000 
 0.0000000  0.0000000       .1E1  0.0000000  0.0000000 
 0.0000000  0.0000000  0.0000000  0.0000000  0.0000000  0.0000000  0.0000000 
 0.0000000  0.0000000  0.0000000       .1E1  0.0000000 
 0.0000000  0.0000000  0.0000000  0.0000000  0.0000000  0.0000000  0.0000000 
 0.0000000  0.0000000  0.0000000  0.0000000       .1E1 

  .233498868E3  .747274149E2  .213416564E2  .610818455E1  .175702693E1
  .503039202E0  .160117624E0

 .18695E-2  0.0000000 
 .10872E-1  0.0000000 
 .74322E-1  0.0000000 
  .29794E0  0.0000000 
  .53859E0  0.0000000 
  .32229E0  0.0000000 
 0.0000000       .1E1 

 .408031188E-1

      .1E1 

 .486967525E-1

      .1E1 

AR:pcemd-3
EMSL BASIS SET LIBRARY

  3
    0    1    2
    5    4    2
   15    9    2

  .759496067E5  .311890724E5  .109244039E5  .374880705E4  .126359008E4
  .428092555E3  .146487479E3  .496353134E2  .167486892E2  .569217542E1
  .193773349E1  .658804814E0  .219846208E0 .769957687E-1 .314598577E-1

-.57931E-4  .12822E-3  .41605E-3  0.0000000  0.0000000 
-.67242E-4  .13661E-3  .43773E-3  0.0000000  0.0000000 
-.42219E-3  .94472E-3  .30669E-2  0.0000000  0.0000000 
-.15348E-2  .32065E-2  .10287E-1  0.0000000  0.0000000 
-.58876E-2  .12697E-1  .40655E-1  0.0000000  0.0000000 
-.21965E-1  .42642E-1   .13186E0  0.0000000  0.0000000 
-.71034E-1   .12449E0   .35722E0  0.0000000  0.0000000 
 -.17385E0   .21611E0   .47577E0  0.0000000  0.0000000 
 .12242E-1  .28008E-1   .12175E0  0.0000000  0.0000000 
  .63595E0  -.57123E0  .66285E-2  0.0000000  0.0000000 
  .28518E0  -.38818E0  .29803E-1  0.0000000  0.0000000 
  .14461E0   .73448E0  -.12937E0  0.0000000  0.0000000 
  .14356E0   .49262E0 -.89589E-1  0.0000000  0.0000000 
 0.0000000  0.0000000  0.0000000       .1E1  0.0000000 
 0.0000000  0.0000000  0.0000000  0.0000000       .1E1 

   .30835139E3  .103770062E3  .312766724E2  .939912798E1  .281899002E1
  .844628925E0  .253979924E0 .766781158E-1 .258807967E-1

-.23766E-2  .82165E-2  0.0000000  0.0000000 
-.12165E-1  .40234E-1  0.0000000  0.0000000 
 -.6629E-1   .21826E0  0.0000000  0.0000000 
 -.18659E0   .55731E0  0.0000000  0.0000000 
-.74255E-1   .38067E0  0.0000000  0.0000000 
  .55245E0 -.81159E-2  0.0000000  0.0000000 
  .57644E0  .13023E-1  0.0000000  0.0000000 
 0.0000000  0.0000000       .1E1  0.0000000 
 0.0000000  0.0000000  0.0000000       .1E1 

  .584390236E0  .162039383E0

      .1E1  0.0000000 
 0.0000000       .1E1 

P:pcemd-3
EMSL BASIS SET LIBRARY

  3
    0    1    2
    5    4    2
   15    9    2

  .759496067E5  .311890724E5  .109244039E5  .374880705E4  .126359008E4
  .428092555E3  .146487479E3  .496353134E2  .167486892E2  .569217542E1
  .193773349E1  .658804814E0  .219846208E0 .769957687E-1 .314598577E-1

  .2174E-4 -.39754E-4  .27152E-3  0.0000000  0.0000000 
 .24647E-4 -.44138E-4  .29328E-3  0.0000000  0.0000000 
 .15882E-3 -.29184E-3  .19957E-2  0.0000000  0.0000000 
 .56699E-3 -.10288E-2  .68535E-2  0.0000000  0.0000000 
 .21951E-2  -.4071E-2  .27005E-1  0.0000000  0.0000000 
 .80165E-2 -.15031E-1  .92595E-1  0.0000000  0.0000000 
 .25727E-1 -.51642E-1   .27579E0  0.0000000  0.0000000 
 .66505E-1   -.1474E0   .51595E0  0.0000000  0.0000000 
 .57166E-1  -.14484E0    .2834E0  0.0000000  0.0000000 
 -.17808E0   .47339E0 -.63128E-1  0.0000000  0.0000000 
 -.50167E0   .67595E0 -.71238E-1  0.0000000  0.0000000 
  .20367E0  .25544E-1 -.88723E-2  0.0000000  0.0000000 
  .99134E0 -.46152E-2  .30826E-2  0.0000000  0.0000000 
 0.0000000  0.0000000  0.0000000       .1E1  0.0000000 
 0.0000000  0.0000000  0.0000000  0.0000000       .1E1 

   .30835139E3  .103770062E3  .312766724E2  .939912798E1  .281899002E1
  .844628925E0  .253979924E0 .766781158E-1 .258807967E-1

-.12855E-2  .40608E-2  0.0000000  0.0000000 
-.63477E-2  .20846E-1  0.0000000  0.0000000 
-.40423E-1   .12535E0  0.0000000  0.0000000 
 -.13677E0    .4221E0  0.0000000  0.0000000 
 -.20193E0   .54098E0  0.0000000  0.0000000 
  .20794E0   .10718E0  0.0000000  0.0000000 
  .87889E0 -.58977E-2  0.0000000  0.0000000 
 0.0000000  0.0000000       .1E1  0.0000000 
 0.0000000  0.0000000  0.0000000       .1E1 

  .584390236E0  .162039383E0

      .1E1  0.0000000 
 0.0000000       .1E1 

CL:pcemd-3
EMSL BASIS SET LIBRARY

  3
    0    1    2
    5    4    2
   15    9    2

  .759496067E5  .311890724E5  .109244039E5  .374880705E4  .126359008E4
  .428092555E3  .146487479E3  .496353134E2  .167486892E2  .569217542E1
  .193773349E1  .658804814E0  .219846208E0 .769957687E-1 .314598577E-1

 .30169E-4 -.77706E-4  .37035E-3  0.0000000  0.0000000 
 .32261E-4 -.86518E-4  .39127E-3  0.0000000  0.0000000 
 .22251E-3 -.56962E-3  .27296E-2  0.0000000  0.0000000 
  .7603E-3 -.20053E-2  .91987E-2  0.0000000  0.0000000 
 .30413E-2 -.78457E-2  .36436E-1  0.0000000  0.0000000 
 .10603E-1 -.28195E-1   .12021E0  0.0000000  0.0000000 
 .33936E-1 -.90005E-1   .33798E0  0.0000000  0.0000000 
 .75344E-1  -.21141E0   .50773E0  0.0000000  0.0000000 
 .29267E-1 -.64255E-1   .17035E0  0.0000000  0.0000000 
 -.31235E0   .68803E0 -.53922E-1  0.0000000  0.0000000 
 -.40383E0   .48199E0 -.24874E-1  0.0000000  0.0000000 
  .62165E0 -.41725E-1 -.69287E-3  0.0000000  0.0000000 
  .66694E0  .18551E-1  .86216E-3  0.0000000  0.0000000 
 0.0000000  0.0000000  0.0000000       .1E1  0.0000000 
 0.0000000  0.0000000  0.0000000  0.0000000       .1E1 

   .30835139E3  .103770062E3  .312766724E2  .939912798E1  .281899002E1
  .844628925E0  .253979924E0 .766781158E-1 .258807967E-1

-.18919E-2  .66017E-2  0.0000000  0.0000000 
-.96348E-2  .32973E-1  0.0000000  0.0000000 
 -.5517E-1   .18488E0  0.0000000  0.0000000 
 -.16616E0   .52145E0  0.0000000  0.0000000 
 -.12807E0   .44407E0  0.0000000  0.0000000 
  .46336E0  .11737E-1  0.0000000  0.0000000 
  .67366E0  .72871E-2  0.0000000  0.0000000 
 0.0000000  0.0000000       .1E1  0.0000000 
 0.0000000  0.0000000  0.0000000       .1E1 

  .584390236E0  .162039383E0

      .1E1  0.0000000 
 0.0000000       .1E1 

AL:pcemd-3
EMSL BASIS SET LIBRARY

  3
    0    1    2
    5    4    2
   15    9    2

  .759496067E5  .311890724E5  .109244039E5  .374880705E4  .126359008E4
  .428092555E3  .146487479E3  .496353134E2  .167486892E2  .569217542E1
  .193773349E1  .658804814E0  .219846208E0 .769957687E-1 .314598577E-1

 .24113E-4  -.4657E-4  .18367E-3  0.0000000  0.0000000 
 .27541E-4 -.51631E-4  .20495E-3  0.0000000  0.0000000 
 .17594E-3  -.3415E-3  .13435E-2  0.0000000  0.0000000 
 .63263E-3 -.12015E-2  .47355E-2  0.0000000  0.0000000 
 .24471E-2 -.47334E-2  .18411E-1  0.0000000  0.0000000 
 .90911E-2 -.17277E-1  .65695E-1  0.0000000  0.0000000 
 .30069E-1 -.57822E-1   .20385E0  0.0000000  0.0000000 
 .85666E-1  -.16001E0   .45839E0  0.0000000  0.0000000 
  .11812E0  -.21976E0   .37495E0  0.0000000  0.0000000 
 -.12128E0   .21862E0  .21911E-1  0.0000000  0.0000000 
 -.61889E0   .73614E0  .27368E-2  0.0000000  0.0000000 
 -.48977E0    .2301E0 -.59539E-2  0.0000000  0.0000000 
  .12457E1 -.22745E-1   .2787E-2  0.0000000  0.0000000 
 0.0000000  0.0000000  0.0000000       .1E1  0.0000000 
 0.0000000  0.0000000  0.0000000  0.0000000       .1E1 

   .30835139E3  .103770062E3  .312766724E2  .939912798E1  .281899002E1
  .844628925E0  .253979924E0 .766781158E-1 .258807967E-1

-.11516E-2  .22952E-2  0.0000000  0.0000000 
-.59782E-2  .12027E-1  0.0000000  0.0000000 
-.39293E-1  .77302E-1  0.0000000  0.0000000 
 -.15792E0   .30532E0  0.0000000  0.0000000 
 -.30356E0   .55494E0  0.0000000  0.0000000 
 -.13085E0   .28066E0  0.0000000  0.0000000 
  .10308E1 -.75793E-2  0.0000000  0.0000000 
 0.0000000  0.0000000       .1E1  0.0000000 
 0.0000000  0.0000000  0.0000000       .1E1 

  .584390236E0  .162039383E0

      .1E1  0.0000000 
 0.0000000       .1E1 

SI:pcemd-3
EMSL BASIS SET LIBRARY

  3
    0    1    2
    5    4    2
   15    9    2

  .759496067E5  .311890724E5  .109244039E5  .374880705E4  .126359008E4
  .428092555E3  .146487479E3  .496353134E2  .167486892E2  .569217542E1
  .193773349E1  .658804814E0  .219846208E0 .769957687E-1 .314598577E-1

 .21673E-4  -.5167E-4  .22362E-3  0.0000000  0.0000000 
 .24991E-4 -.56985E-4   .2454E-3  0.0000000  0.0000000 
 .15787E-3 -.37928E-3  .16399E-2  0.0000000  0.0000000 
 .57119E-3 -.13287E-2  .57034E-2  0.0000000  0.0000000 
  .2192E-2  -.5248E-2   .2233E-1  0.0000000  0.0000000 
 .81368E-2 -.19036E-1  .78094E-1  0.0000000  0.0000000 
 .26338E-1 -.63322E-1   .23744E0  0.0000000  0.0000000 
 .72265E-1  -.16997E0   .48695E0  0.0000000  0.0000000 
 .79693E-1  -.19588E0   .32531E0  0.0000000  0.0000000 
  -.1451E0   .34739E0 -.74568E-2  0.0000000  0.0000000 
 -.54783E0    .7286E0 -.14161E-1  0.0000000  0.0000000 
-.87157E-1    .1116E0  -.9279E-2  0.0000000  0.0000000 
  .11527E1 -.82577E-2  .35096E-2  0.0000000  0.0000000 
 0.0000000  0.0000000  0.0000000       .1E1  0.0000000 
 0.0000000  0.0000000  0.0000000  0.0000000       .1E1 

   .30835139E3  .103770062E3  .312766724E2  .939912798E1  .281899002E1
  .844628925E0  .253979924E0 .766781158E-1 .258807967E-1

-.11356E-2  .30961E-2  0.0000000  0.0000000 
-.56659E-2  .16033E-1  0.0000000  0.0000000 
-.37121E-1  .99904E-1  0.0000000  0.0000000 
  -.1358E0   .36454E0  0.0000000  0.0000000 
 -.23487E0   .56141E0  0.0000000  0.0000000 
 .57388E-1   .18532E0  0.0000000  0.0000000 
  .96753E0 -.12318E-1  0.0000000  0.0000000 
 0.0000000  0.0000000       .1E1  0.0000000 
 0.0000000  0.0000000  0.0000000       .1E1 

  .584390236E0  .162039383E0

      .1E1  0.0000000 
 0.0000000       .1E1 

S:pcemd-3
EMSL BASIS SET LIBRARY

  3
    0    1    2
    5    4    2
   15    9    2

  .759496067E5  .311890724E5  .109244039E5  .374880705E4  .126359008E4
  .428092555E3  .146487479E3  .496353134E2  .167486892E2  .569217542E1
  .193773349E1  .658804814E0  .219846208E0 .769957687E-1 .314598577E-1

 .25686E-4 -.61013E-4  .31819E-3  0.0000000  0.0000000 
 .28225E-4 -.67607E-4  .33918E-3  0.0000000  0.0000000 
 .18863E-3 -.44772E-3  .23428E-2  0.0000000  0.0000000 
 .65777E-3 -.15727E-2   .7958E-2  0.0000000  0.0000000 
 .25923E-2 -.61917E-2  .31484E-1  0.0000000  0.0000000 
 .92423E-2 -.22421E-1    .1058E0  0.0000000  0.0000000 
 .29672E-1 -.73653E-1    .3067E0  0.0000000  0.0000000 
 .71328E-1  -.18689E0   .51459E0  0.0000000  0.0000000 
 .45101E-1   -.1161E0   .22229E0  0.0000000  0.0000000 
 -.24321E0   .59009E0 -.56342E-1  0.0000000  0.0000000 
 -.47147E0   .58553E0  -.3766E-1  0.0000000  0.0000000 
  .43626E0 -.20242E-1 -.31428E-2  0.0000000  0.0000000 
  .82572E0  .16411E-1  .15152E-2  0.0000000  0.0000000 
 0.0000000  0.0000000  0.0000000       .1E1  0.0000000 
 0.0000000  0.0000000  0.0000000  0.0000000       .1E1 

   .30835139E3  .103770062E3  .312766724E2  .939912798E1  .281899002E1
  .844628925E0  .253979924E0 .766781158E-1 .258807967E-1

-.15529E-2  .52197E-2  0.0000000  0.0000000 
-.77776E-2  .26491E-1  0.0000000  0.0000000 
-.47085E-1    .1537E0  0.0000000  0.0000000 
 -.15005E0   .47531E0  0.0000000  0.0000000 
 -.17176E0   .49953E0  0.0000000  0.0000000 
  .34999E0  .49941E-1  0.0000000  0.0000000 
  .77449E0  .18909E-2  0.0000000  0.0000000 
 0.0000000  0.0000000       .1E1  0.0000000 
 0.0000000  0.0000000  0.0000000       .1E1 

  .584390236E0  .162039383E0

      .1E1  0.0000000 
 0.0000000       .1E1 




