!  pcJ-2  EMSL  Basis Set Exchange Library   3/19/13 6:30 PM
! Elements                             References
! --------                             ----------
! H He B C N O F Ne Al Si P S Cl Ar: Frank Jensen, The Optimum Contraction of Basis Sets for Calculating Spin-Spin Coupling Constants, Theor. Chem. Acc. 126, 371 (2010).
! 



H:pcJ-2
EMSL BASIS SET LIBRARY

  3
    0    1    2
    5    3    2
    8    3    2

  0.235696E+05  0.942782E+03  0.754226E+02  0.113499E+02  0.259926E+01
  0.735130E+00  0.231669E+00  0.741474E-01

 .62799E-3  0.0000000  0.0000000  0.0000000  0.0000000 
 .28236E-1  0.0000000  0.0000000  0.0000000  0.0000000 
      .5E0  0.0000000  0.0000000  0.0000000  0.0000000 
 0.0000000   .10332E0  0.0000000  0.0000000  0.0000000 
 0.0000000       .5E0  0.0000000  0.0000000  0.0000000 
 0.0000000  0.0000000       .1E1  0.0000000  0.0000000 
 0.0000000  0.0000000  0.0000000       .1E1  0.0000000 
 0.0000000  0.0000000  0.0000000  0.0000000       .1E1 

         .96E1         .16E1         .45E0

 1.0000000  0.0000000  0.0000000 
 0.0000000  1.0000000  0.0000000 
 0.0000000  0.0000000  1.0000000 

         .75E1        .125E1

 1.0000000  0.0000000 
 0.0000000  1.0000000 

HE:pcJ-2
EMSL BASIS SET LIBRARY

  3
    0    1    2
    5    3    2
    8    3    2

  0.693030E+05  0.277212E+04  0.221770E+03  0.333745E+02  0.761142E+01
  0.210890E+01  0.628777E+00  0.184688E+00

 .62996E-3  0.0000000  0.0000000  0.0000000  0.0000000 
 .28328E-1  0.0000000  0.0000000  0.0000000  0.0000000 
      .5E0  0.0000000  0.0000000  0.0000000  0.0000000 
 0.0000000   .10893E0  0.0000000  0.0000000  0.0000000 
 0.0000000       .5E0  0.0000000  0.0000000  0.0000000 
 0.0000000  0.0000000       .1E1  0.0000000  0.0000000 
 0.0000000  0.0000000  0.0000000       .1E1  0.0000000 
 0.0000000  0.0000000  0.0000000  0.0000000       .1E1 

        .144E2         .24E1         .68E0

 1.0000000  0.0000000  0.0000000 
 0.0000000  1.0000000  0.0000000 
 0.0000000  0.0000000  1.0000000 

        .108E2         .18E1

 1.0000000  0.0000000 
 0.0000000  1.0000000 

B:pcJ-2
EMSL BASIS SET LIBRARY

  4
    0    1    2    3
    7    5    3    2
   12    7    3    2

  0.163139E+07  0.652555E+05  0.522044E+04  0.783187E+03  0.178312E+03
  0.504687E+02  0.162854E+02  0.568847E+01  0.204949E+01  0.514726E+00
  0.215561E+00  0.774565E-01

 .15256E-4  0.0000000  0.0000000  0.0000000  0.0000000  0.0000000  0.0000000 
 .68605E-3  0.0000000  0.0000000  0.0000000  0.0000000  0.0000000  0.0000000 
 .12151E-1  0.0000000  0.0000000  0.0000000  0.0000000  0.0000000  0.0000000 
 .98499E-1  0.0000000  0.0000000  0.0000000  0.0000000  0.0000000  0.0000000 
      .5E0  0.0000000  0.0000000  0.0000000  0.0000000  0.0000000  0.0000000 
 0.0000000   .18047E0  0.0000000  0.0000000  0.0000000  0.0000000  0.0000000 
 0.0000000       .5E0  0.0000000  0.0000000  0.0000000  0.0000000  0.0000000 
 0.0000000  0.0000000       .1E1  0.0000000  0.0000000  0.0000000  0.0000000 
 0.0000000  0.0000000  0.0000000       .1E1  0.0000000  0.0000000  0.0000000 
 0.0000000  0.0000000  0.0000000  0.0000000       .1E1  0.0000000  0.0000000 
 0.0000000  0.0000000  0.0000000  0.0000000  0.0000000       .1E1  0.0000000 
 0.0000000  0.0000000  0.0000000  0.0000000  0.0000000  0.0000000       .1E1 

  0.141765E+03  0.218100E+02  0.489298E+01  0.139763E+01  0.477473E+00
  0.164193E+00  0.540038E-01

 .38749E-2  0.0000000  0.0000000  0.0000000  0.0000000 
  .6788E-1  0.0000000  0.0000000  0.0000000  0.0000000 
      .5E0  0.0000000  0.0000000  0.0000000  0.0000000 
 0.0000000       .1E1  0.0000000  0.0000000  0.0000000 
 0.0000000  0.0000000       .1E1  0.0000000  0.0000000 
 0.0000000  0.0000000  0.0000000       .1E1  0.0000000 
 0.0000000  0.0000000  0.0000000  0.0000000       .1E1 

        .105E2        .105E1         .35E0

 1.0000000  0.0000000  0.0000000 
 0.0000000  1.0000000  0.0000000 
 0.0000000  0.0000000  1.0000000 

        .435E1         .87E0

 1.0000000  0.0000000 
 0.0000000  1.0000000 

C:pcJ-2
EMSL BASIS SET LIBRARY

  4
    0    1    2    3
    7    5    3    2
   12    7    3    2

  0.245534E+07  0.982137E+05  0.785710E+04  0.117865E+04  0.268325E+03
  0.759483E+02  0.245586E+02  0.862118E+01  0.312784E+01  0.822020E+00
  0.330170E+00  0.114628E+00

 .15222E-4  0.0000000  0.0000000  0.0000000  0.0000000  0.0000000  0.0000000 
 .68447E-3  0.0000000  0.0000000  0.0000000  0.0000000  0.0000000  0.0000000 
 .12125E-1  0.0000000  0.0000000  0.0000000  0.0000000  0.0000000  0.0000000 
 .98314E-1  0.0000000  0.0000000  0.0000000  0.0000000  0.0000000  0.0000000 
      .5E0  0.0000000  0.0000000  0.0000000  0.0000000  0.0000000  0.0000000 
 0.0000000   .17796E0  0.0000000  0.0000000  0.0000000  0.0000000  0.0000000 
 0.0000000       .5E0  0.0000000  0.0000000  0.0000000  0.0000000  0.0000000 
 0.0000000  0.0000000       .1E1  0.0000000  0.0000000  0.0000000  0.0000000 
 0.0000000  0.0000000  0.0000000       .1E1  0.0000000  0.0000000  0.0000000 
 0.0000000  0.0000000  0.0000000  0.0000000       .1E1  0.0000000  0.0000000 
 0.0000000  0.0000000  0.0000000  0.0000000  0.0000000       .1E1  0.0000000 
 0.0000000  0.0000000  0.0000000  0.0000000  0.0000000  0.0000000       .1E1 

  0.219536E+03  0.337748E+02  0.767659E+01  0.223567E+01  0.764466E+00
  0.262325E+00  0.846377E-01

   .377E-2  0.0000000  0.0000000  0.0000000  0.0000000 
 .67186E-1  0.0000000  0.0000000  0.0000000  0.0000000 
      .5E0  0.0000000  0.0000000  0.0000000  0.0000000 
 0.0000000       .1E1  0.0000000  0.0000000  0.0000000 
 0.0000000  0.0000000       .1E1  0.0000000  0.0000000 
 0.0000000  0.0000000  0.0000000       .1E1  0.0000000 
 0.0000000  0.0000000  0.0000000  0.0000000       .1E1 

         .14E2         .14E1         .45E0

 1.0000000  0.0000000  0.0000000 
 0.0000000  1.0000000  0.0000000 
 0.0000000  0.0000000  1.0000000 

        .475E1         .95E0

 1.0000000  0.0000000 
 0.0000000  1.0000000 

N:pcJ-2
EMSL BASIS SET LIBRARY

  4
    0    1    2    3
    7    5    3    2
   12    7    3    2

  0.346918E+07  0.138767E+06  0.111014E+05  0.166525E+04  0.379083E+03
  0.107300E+03  0.347472E+02  0.122494E+02  0.447434E+01  0.124037E+01
  0.487426E+00  0.164842E+00

 .15196E-4  0.0000000  0.0000000  0.0000000  0.0000000  0.0000000  0.0000000 
 .68326E-3  0.0000000  0.0000000  0.0000000  0.0000000  0.0000000  0.0000000 
 .12105E-1  0.0000000  0.0000000  0.0000000  0.0000000  0.0000000  0.0000000 
 .98171E-1  0.0000000  0.0000000  0.0000000  0.0000000  0.0000000  0.0000000 
      .5E0  0.0000000  0.0000000  0.0000000  0.0000000  0.0000000  0.0000000 
 0.0000000   .17602E0  0.0000000  0.0000000  0.0000000  0.0000000  0.0000000 
 0.0000000       .5E0  0.0000000  0.0000000  0.0000000  0.0000000  0.0000000 
 0.0000000  0.0000000       .1E1  0.0000000  0.0000000  0.0000000  0.0000000 
 0.0000000  0.0000000  0.0000000       .1E1  0.0000000  0.0000000  0.0000000 
 0.0000000  0.0000000  0.0000000  0.0000000       .1E1  0.0000000  0.0000000 
 0.0000000  0.0000000  0.0000000  0.0000000  0.0000000       .1E1  0.0000000 
 0.0000000  0.0000000  0.0000000  0.0000000  0.0000000  0.0000000       .1E1 

  0.311572E+03  0.479342E+02  0.109994E+02  0.324724E+01  0.111138E+01
  0.379881E+00  0.120678E+00

 .37234E-2  0.0000000  0.0000000  0.0000000  0.0000000 
 .67059E-1  0.0000000  0.0000000  0.0000000  0.0000000 
      .5E0  0.0000000  0.0000000  0.0000000  0.0000000 
 0.0000000       .1E1  0.0000000  0.0000000  0.0000000 
 0.0000000  0.0000000       .1E1  0.0000000  0.0000000 
 0.0000000  0.0000000  0.0000000       .1E1  0.0000000 
 0.0000000  0.0000000  0.0000000  0.0000000       .1E1 

         .18E2         .18E1         .55E0

 1.0000000  0.0000000  0.0000000 
 0.0000000  1.0000000  0.0000000 
 0.0000000  0.0000000  1.0000000 

         .51E1        .102E1

 1.0000000  0.0000000 
 0.0000000  1.0000000 

O:pcJ-2
EMSL BASIS SET LIBRARY

  4
    0    1    2    3
    7    5    3    2
   12    7    3    2

  0.461950E+07  0.184780E+06  0.147824E+05  0.221733E+04  0.504741E+03
  0.142873E+03  0.463005E+02  0.163373E+02  0.598281E+01  0.167180E+01
  0.646621E+00  0.216687E+00

 .15183E-4  0.0000000  0.0000000  0.0000000  0.0000000  0.0000000  0.0000000 
 .68259E-3  0.0000000  0.0000000  0.0000000  0.0000000  0.0000000  0.0000000 
 .12095E-1  0.0000000  0.0000000  0.0000000  0.0000000  0.0000000  0.0000000 
 .98095E-1  0.0000000  0.0000000  0.0000000  0.0000000  0.0000000  0.0000000 
      .5E0  0.0000000  0.0000000  0.0000000  0.0000000  0.0000000  0.0000000 
 0.0000000   .17475E0  0.0000000  0.0000000  0.0000000  0.0000000  0.0000000 
 0.0000000       .5E0  0.0000000  0.0000000  0.0000000  0.0000000  0.0000000 
 0.0000000  0.0000000       .1E1  0.0000000  0.0000000  0.0000000  0.0000000 
 0.0000000  0.0000000  0.0000000       .1E1  0.0000000  0.0000000  0.0000000 
 0.0000000  0.0000000  0.0000000  0.0000000       .1E1  0.0000000  0.0000000 
 0.0000000  0.0000000  0.0000000  0.0000000  0.0000000       .1E1  0.0000000 
 0.0000000  0.0000000  0.0000000  0.0000000  0.0000000  0.0000000       .1E1 

  0.392755E+03  0.604239E+02  0.139351E+02  0.415313E+01  0.141579E+01
  0.475491E+00  0.145292E+00

 .37512E-2  0.0000000  0.0000000  0.0000000  0.0000000 
 .67613E-1  0.0000000  0.0000000  0.0000000  0.0000000 
      .5E0  0.0000000  0.0000000  0.0000000  0.0000000 
 0.0000000       .1E1  0.0000000  0.0000000  0.0000000 
 0.0000000  0.0000000       .1E1  0.0000000  0.0000000 
 0.0000000  0.0000000  0.0000000       .1E1  0.0000000 
 0.0000000  0.0000000  0.0000000  0.0000000       .1E1 

         .22E2         .22E1         .65E0

 1.0000000  0.0000000  0.0000000 
 0.0000000  1.0000000  0.0000000 
 0.0000000  0.0000000  1.0000000 

         .55E1         .11E1

 1.0000000  0.0000000 
 0.0000000  1.0000000 

F:pcJ-2
EMSL BASIS SET LIBRARY

  4
    0    1    2    3
    7    5    3    2
   12    7    3    2

  0.597718E+07  0.239087E+06  0.191270E+05  0.286889E+04  0.653038E+03
  0.184852E+03  0.599488E+02  0.211900E+02  0.778456E+01  0.223052E+01
  0.854087E+00  0.283365E+00

 .15168E-4  0.0000000  0.0000000  0.0000000  0.0000000  0.0000000  0.0000000 
 .68194E-3  0.0000000  0.0000000  0.0000000  0.0000000  0.0000000  0.0000000 
 .12084E-1  0.0000000  0.0000000  0.0000000  0.0000000  0.0000000  0.0000000 
 .98022E-1  0.0000000  0.0000000  0.0000000  0.0000000  0.0000000  0.0000000 
      .5E0  0.0000000  0.0000000  0.0000000  0.0000000  0.0000000  0.0000000 
 0.0000000   .17361E0  0.0000000  0.0000000  0.0000000  0.0000000  0.0000000 
 0.0000000       .5E0  0.0000000  0.0000000  0.0000000  0.0000000  0.0000000 
 0.0000000  0.0000000       .1E1  0.0000000  0.0000000  0.0000000  0.0000000 
 0.0000000  0.0000000  0.0000000       .1E1  0.0000000  0.0000000  0.0000000 
 0.0000000  0.0000000  0.0000000  0.0000000       .1E1  0.0000000  0.0000000 
 0.0000000  0.0000000  0.0000000  0.0000000  0.0000000       .1E1  0.0000000 
 0.0000000  0.0000000  0.0000000  0.0000000  0.0000000  0.0000000       .1E1 

  0.504656E+03  0.776394E+02  0.179653E+02  0.540046E+01  0.184226E+01
  0.615322E+00  0.184888E+00

 .37138E-2  0.0000000  0.0000000  0.0000000  0.0000000 
 .67401E-1  0.0000000  0.0000000  0.0000000  0.0000000 
      .5E0  0.0000000  0.0000000  0.0000000  0.0000000 
 0.0000000       .1E1  0.0000000  0.0000000  0.0000000 
 0.0000000  0.0000000       .1E1  0.0000000  0.0000000 
 0.0000000  0.0000000  0.0000000       .1E1  0.0000000 
 0.0000000  0.0000000  0.0000000  0.0000000       .1E1 

         .28E2         .28E1          .8E0

 1.0000000  0.0000000  0.0000000 
 0.0000000  1.0000000  0.0000000 
 0.0000000  0.0000000  1.0000000 

          .6E1         .12E1

 1.0000000  0.0000000 
 0.0000000  1.0000000 

NE:pcJ-2
EMSL BASIS SET LIBRARY

  4
    0    1    2    3
    7    5    3    2
   12    7    3    2

  0.746237E+07  0.298495E+06  0.238796E+05  0.358170E+04  0.815274E+03
  0.230775E+03  0.748837E+02  0.265176E+02  0.976916E+01  0.283050E+01
  0.107398E+01  0.354000E+00

  .1516E-4  0.0000000  0.0000000  0.0000000  0.0000000  0.0000000  0.0000000 
 .68156E-3  0.0000000  0.0000000  0.0000000  0.0000000  0.0000000  0.0000000 
 .12078E-1  0.0000000  0.0000000  0.0000000  0.0000000  0.0000000  0.0000000 
 .97976E-1  0.0000000  0.0000000  0.0000000  0.0000000  0.0000000  0.0000000 
      .5E0  0.0000000  0.0000000  0.0000000  0.0000000  0.0000000  0.0000000 
 0.0000000     .173E0  0.0000000  0.0000000  0.0000000  0.0000000  0.0000000 
 0.0000000       .5E0  0.0000000  0.0000000  0.0000000  0.0000000  0.0000000 
 0.0000000  0.0000000       .1E1  0.0000000  0.0000000  0.0000000  0.0000000 
 0.0000000  0.0000000  0.0000000       .1E1  0.0000000  0.0000000  0.0000000 
 0.0000000  0.0000000  0.0000000  0.0000000       .1E1  0.0000000  0.0000000 
 0.0000000  0.0000000  0.0000000  0.0000000  0.0000000       .1E1  0.0000000 
 0.0000000  0.0000000  0.0000000  0.0000000  0.0000000  0.0000000       .1E1 

  0.631190E+03  0.971062E+02  0.225433E+02  0.681727E+01  0.232630E+01
  0.774247E+00  0.230256E+00

 .36906E-2  0.0000000  0.0000000  0.0000000  0.0000000 
 .67292E-1  0.0000000  0.0000000  0.0000000  0.0000000 
      .5E0  0.0000000  0.0000000  0.0000000  0.0000000 
 0.0000000       .1E1  0.0000000  0.0000000  0.0000000 
 0.0000000  0.0000000       .1E1  0.0000000  0.0000000 
 0.0000000  0.0000000  0.0000000       .1E1  0.0000000 
 0.0000000  0.0000000  0.0000000  0.0000000       .1E1 

          .3E2          .3E1         .85E0

 1.0000000  0.0000000  0.0000000 
 0.0000000  1.0000000  0.0000000 
 0.0000000  0.0000000  1.0000000 

         .65E1         .13E1

 1.0000000  0.0000000 
 0.0000000  1.0000000 

AL:pcJ-2
EMSL BASIS SET LIBRARY

  4
    0    1    2    3
    7    6    3    2
   15   11    3    2

  0.311689E+08  0.124676E+07  0.997406E+05  0.149488E+05  0.340254E+04
  0.963526E+03  0.314045E+03  0.112883E+03  0.434736E+02  0.172917E+02
  0.616220E+01  0.252257E+01  0.968742E+00  0.192507E+00  0.678131E-01

 .10905E-5  0.0000000  0.0000000  0.0000000  0.0000000  0.0000000  0.0000000 
 .49088E-4  0.0000000  0.0000000  0.0000000  0.0000000  0.0000000  0.0000000 
 .87117E-3  0.0000000  0.0000000  0.0000000  0.0000000  0.0000000  0.0000000 
 .70929E-2  0.0000000  0.0000000  0.0000000  0.0000000  0.0000000  0.0000000 
 .36748E-1  0.0000000  0.0000000  0.0000000  0.0000000  0.0000000  0.0000000 
  .15065E0  0.0000000  0.0000000  0.0000000  0.0000000  0.0000000  0.0000000 
      .5E0  0.0000000  0.0000000  0.0000000  0.0000000  0.0000000  0.0000000 
 0.0000000   .18974E0  0.0000000  0.0000000  0.0000000  0.0000000  0.0000000 
 0.0000000   .40444E0  0.0000000  0.0000000  0.0000000  0.0000000  0.0000000 
 0.0000000       .5E0  0.0000000  0.0000000  0.0000000  0.0000000  0.0000000 
 0.0000000  0.0000000       .1E1  0.0000000  0.0000000  0.0000000  0.0000000 
 0.0000000  0.0000000  0.0000000       .1E1  0.0000000  0.0000000  0.0000000 
 0.0000000  0.0000000  0.0000000  0.0000000       .1E1  0.0000000  0.0000000 
 0.0000000  0.0000000  0.0000000  0.0000000  0.0000000       .1E1  0.0000000 
 0.0000000  0.0000000  0.0000000  0.0000000  0.0000000  0.0000000       .1E1 

  0.376812E+04  0.579711E+03  0.137542E+03  0.440670E+02  0.161481E+02
  0.648883E+01  0.266323E+01  0.107925E+01  0.397715E+00  0.134753E+00
  0.421854E-01

 .59492E-3  0.0000000  0.0000000  0.0000000  0.0000000  0.0000000 
 .11838E-1  0.0000000  0.0000000  0.0000000  0.0000000  0.0000000 
  .10072E0  0.0000000  0.0000000  0.0000000  0.0000000  0.0000000 
      .5E0  0.0000000  0.0000000  0.0000000  0.0000000  0.0000000 
 0.0000000   .16593E0  0.0000000  0.0000000  0.0000000  0.0000000 
 0.0000000    .3735E0  0.0000000  0.0000000  0.0000000  0.0000000 
 0.0000000       .5E0  0.0000000  0.0000000  0.0000000  0.0000000 
 0.0000000  0.0000000       .1E1  0.0000000  0.0000000  0.0000000 
 0.0000000  0.0000000  0.0000000       .1E1  0.0000000  0.0000000 
 0.0000000  0.0000000  0.0000000  0.0000000       .1E1  0.0000000 
 0.0000000  0.0000000  0.0000000  0.0000000  0.0000000       .1E1 

       .6615E2        .147E1         .33E0

 1.0000000  0.0000000  0.0000000 
 0.0000000  1.0000000  0.0000000 
 0.0000000  0.0000000  1.0000000 

        .216E2         .48E0

 1.0000000  0.0000000 
 0.0000000  1.0000000 

SI:pcJ-2
EMSL BASIS SET LIBRARY

  4
    0    1    2    3
    7    6    3    2
   15   11    3    2

  0.375113E+08  0.150045E+07  0.120036E+06  0.179906E+05  0.409483E+04
  0.115961E+04  0.378002E+03  0.135934E+03  0.524107E+02  0.209268E+02
  0.771301E+01  0.316043E+01  0.123483E+01  0.267752E+00  0.940670E-01

 .10844E-5  0.0000000  0.0000000  0.0000000  0.0000000  0.0000000  0.0000000 
 .48817E-4  0.0000000  0.0000000  0.0000000  0.0000000  0.0000000  0.0000000 
 .86636E-3  0.0000000  0.0000000  0.0000000  0.0000000  0.0000000  0.0000000 
 .70541E-2  0.0000000  0.0000000  0.0000000  0.0000000  0.0000000  0.0000000 
 .36563E-1  0.0000000  0.0000000  0.0000000  0.0000000  0.0000000  0.0000000 
  .15006E0  0.0000000  0.0000000  0.0000000  0.0000000  0.0000000  0.0000000 
      .5E0  0.0000000  0.0000000  0.0000000  0.0000000  0.0000000  0.0000000 
 0.0000000   .18052E0  0.0000000  0.0000000  0.0000000  0.0000000  0.0000000 
 0.0000000   .38848E0  0.0000000  0.0000000  0.0000000  0.0000000  0.0000000 
 0.0000000       .5E0  0.0000000  0.0000000  0.0000000  0.0000000  0.0000000 
 0.0000000  0.0000000       .1E1  0.0000000  0.0000000  0.0000000  0.0000000 
 0.0000000  0.0000000  0.0000000       .1E1  0.0000000  0.0000000  0.0000000 
 0.0000000  0.0000000  0.0000000  0.0000000       .1E1  0.0000000  0.0000000 
 0.0000000  0.0000000  0.0000000  0.0000000  0.0000000       .1E1  0.0000000 
 0.0000000  0.0000000  0.0000000  0.0000000  0.0000000  0.0000000       .1E1 

  0.440132E+04  0.677127E+03  0.160671E+03  0.515846E+02  0.189478E+02
  0.761629E+01  0.313171E+01  0.127035E+01  0.433319E+00  0.160882E+00
  0.548828E-01

 .59372E-3  0.0000000  0.0000000  0.0000000  0.0000000  0.0000000 
 .11821E-1  0.0000000  0.0000000  0.0000000  0.0000000  0.0000000 
   .1008E0  0.0000000  0.0000000  0.0000000  0.0000000  0.0000000 
      .5E0  0.0000000  0.0000000  0.0000000  0.0000000  0.0000000 
 0.0000000    .1637E0  0.0000000  0.0000000  0.0000000  0.0000000 
 0.0000000   .36163E0  0.0000000  0.0000000  0.0000000  0.0000000 
 0.0000000       .5E0  0.0000000  0.0000000  0.0000000  0.0000000 
 0.0000000  0.0000000       .1E1  0.0000000  0.0000000  0.0000000 
 0.0000000  0.0000000  0.0000000       .1E1  0.0000000  0.0000000 
 0.0000000  0.0000000  0.0000000  0.0000000       .1E1  0.0000000 
 0.0000000  0.0000000  0.0000000  0.0000000  0.0000000       .1E1 

        .756E2        .168E1         .38E0

 1.0000000  0.0000000  0.0000000 
 0.0000000  1.0000000  0.0000000 
 0.0000000  0.0000000  1.0000000 

        .243E2         .54E0

 1.0000000  0.0000000 
 0.0000000  1.0000000 

P:pcJ-2
EMSL BASIS SET LIBRARY

  4
    0    1    2    3
    7    6    3    2
   15   11    3    2

  0.455262E+08  0.182105E+07  0.145684E+06  0.218357E+05  0.496987E+04
  0.140734E+04  0.458776E+03  0.165076E+03  0.637443E+02  0.255982E+02
  0.993071E+01  0.396858E+01  0.155647E+01  0.354039E+00  0.123939E+00

 .10759E-5  0.0000000  0.0000000  0.0000000  0.0000000  0.0000000  0.0000000 
 .48428E-4  0.0000000  0.0000000  0.0000000  0.0000000  0.0000000  0.0000000 
 .85954E-3  0.0000000  0.0000000  0.0000000  0.0000000  0.0000000  0.0000000 
 .69982E-2  0.0000000  0.0000000  0.0000000  0.0000000  0.0000000  0.0000000 
 .36299E-1  0.0000000  0.0000000  0.0000000  0.0000000  0.0000000  0.0000000 
  .14923E0  0.0000000  0.0000000  0.0000000  0.0000000  0.0000000  0.0000000 
      .5E0  0.0000000  0.0000000  0.0000000  0.0000000  0.0000000  0.0000000 
 0.0000000   .16809E0  0.0000000  0.0000000  0.0000000  0.0000000  0.0000000 
 0.0000000   .36588E0  0.0000000  0.0000000  0.0000000  0.0000000  0.0000000 
 0.0000000       .5E0  0.0000000  0.0000000  0.0000000  0.0000000  0.0000000 
 0.0000000  0.0000000       .1E1  0.0000000  0.0000000  0.0000000  0.0000000 
 0.0000000  0.0000000  0.0000000       .1E1  0.0000000  0.0000000  0.0000000 
 0.0000000  0.0000000  0.0000000  0.0000000       .1E1  0.0000000  0.0000000 
 0.0000000  0.0000000  0.0000000  0.0000000  0.0000000       .1E1  0.0000000 
 0.0000000  0.0000000  0.0000000  0.0000000  0.0000000  0.0000000       .1E1 

  0.537048E+04  0.826228E+03  0.196023E+03  0.629511E+02  0.232219E+02
  0.938850E+01  0.389968E+01  0.160483E+01  0.560532E+00  0.211746E+00
  0.734856E-01

 .58167E-3  0.0000000  0.0000000  0.0000000  0.0000000  0.0000000 
   .116E-1  0.0000000  0.0000000  0.0000000  0.0000000  0.0000000 
   .997E-1  0.0000000  0.0000000  0.0000000  0.0000000  0.0000000 
      .5E0  0.0000000  0.0000000  0.0000000  0.0000000  0.0000000 
 0.0000000     .156E0  0.0000000  0.0000000  0.0000000  0.0000000 
 0.0000000   .35242E0  0.0000000  0.0000000  0.0000000  0.0000000 
 0.0000000       .5E0  0.0000000  0.0000000  0.0000000  0.0000000 
 0.0000000  0.0000000       .1E1  0.0000000  0.0000000  0.0000000 
 0.0000000  0.0000000  0.0000000       .1E1  0.0000000  0.0000000 
 0.0000000  0.0000000  0.0000000  0.0000000       .1E1  0.0000000 
 0.0000000  0.0000000  0.0000000  0.0000000  0.0000000       .1E1 

       .8505E2        .189E1         .43E0

 1.0000000  0.0000000  0.0000000 
 0.0000000  1.0000000  0.0000000 
 0.0000000  0.0000000  1.0000000 

         .27E2          .6E0

 1.0000000  0.0000000 
 0.0000000  1.0000000 

S:pcJ-2
EMSL BASIS SET LIBRARY

  4
    0    1    2    3
    7    6    3    2
   15   11    3    2

  0.537596E+08  0.215038E+07  0.172031E+06  0.257828E+05  0.586816E+04
  0.166173E+04  0.541749E+03  0.195015E+03  0.753959E+02  0.304065E+02
  0.121210E+02  0.477769E+01  0.189064E+01  0.446857E+00  0.156208E+00

 .10711E-5  0.0000000  0.0000000  0.0000000  0.0000000  0.0000000  0.0000000 
 .48181E-4  0.0000000  0.0000000  0.0000000  0.0000000  0.0000000  0.0000000 
 .85524E-3  0.0000000  0.0000000  0.0000000  0.0000000  0.0000000  0.0000000 
  .6964E-2  0.0000000  0.0000000  0.0000000  0.0000000  0.0000000  0.0000000 
 .36136E-1  0.0000000  0.0000000  0.0000000  0.0000000  0.0000000  0.0000000 
  .14872E0  0.0000000  0.0000000  0.0000000  0.0000000  0.0000000  0.0000000 
      .5E0  0.0000000  0.0000000  0.0000000  0.0000000  0.0000000  0.0000000 
 0.0000000   .16114E0  0.0000000  0.0000000  0.0000000  0.0000000  0.0000000 
 0.0000000   .35373E0  0.0000000  0.0000000  0.0000000  0.0000000  0.0000000 
 0.0000000       .5E0  0.0000000  0.0000000  0.0000000  0.0000000  0.0000000 
 0.0000000  0.0000000       .1E1  0.0000000  0.0000000  0.0000000  0.0000000 
 0.0000000  0.0000000  0.0000000       .1E1  0.0000000  0.0000000  0.0000000 
 0.0000000  0.0000000  0.0000000  0.0000000       .1E1  0.0000000  0.0000000 
 0.0000000  0.0000000  0.0000000  0.0000000  0.0000000       .1E1  0.0000000 
 0.0000000  0.0000000  0.0000000  0.0000000  0.0000000  0.0000000       .1E1 

  0.629281E+04  0.968124E+03  0.229696E+03  0.738332E+02  0.273117E+02
  0.110740E+02  0.463067E+01  0.192993E+01  0.687828E+00  0.256627E+00
  0.872507E-01

 .57625E-3  0.0000000  0.0000000  0.0000000  0.0000000  0.0000000 
 .11504E-1  0.0000000  0.0000000  0.0000000  0.0000000  0.0000000 
  .9925E-1  0.0000000  0.0000000  0.0000000  0.0000000  0.0000000 
      .5E0  0.0000000  0.0000000  0.0000000  0.0000000  0.0000000 
 0.0000000   .15277E0  0.0000000  0.0000000  0.0000000  0.0000000 
 0.0000000    .3467E0  0.0000000  0.0000000  0.0000000  0.0000000 
 0.0000000       .5E0  0.0000000  0.0000000  0.0000000  0.0000000 
 0.0000000  0.0000000       .1E1  0.0000000  0.0000000  0.0000000 
 0.0000000  0.0000000  0.0000000       .1E1  0.0000000  0.0000000 
 0.0000000  0.0000000  0.0000000  0.0000000       .1E1  0.0000000 
 0.0000000  0.0000000  0.0000000  0.0000000  0.0000000       .1E1 

        .945E2         .21E1         .48E0

 1.0000000  0.0000000  0.0000000 
 0.0000000  1.0000000  0.0000000 
 0.0000000  0.0000000  1.0000000 

        .297E2         .66E0

 1.0000000  0.0000000 
 0.0000000  1.0000000 

CL:pcJ-2
EMSL BASIS SET LIBRARY

  4
    0    1    2    3
    7    6    3    2
   15   11    3    2

  0.628606E+08  0.251442E+07  0.201154E+06  0.301463E+05  0.686097E+04
  0.194281E+04  0.633417E+03  0.228102E+03  0.882880E+02  0.357500E+02
  0.145706E+02  0.565799E+01  0.225543E+01  0.549472E+00  0.191260E+00

 .10668E-5  0.0000000  0.0000000  0.0000000  0.0000000  0.0000000  0.0000000 
 .47954E-4  0.0000000  0.0000000  0.0000000  0.0000000  0.0000000  0.0000000 
 .85128E-3  0.0000000  0.0000000  0.0000000  0.0000000  0.0000000  0.0000000 
 .69326E-2  0.0000000  0.0000000  0.0000000  0.0000000  0.0000000  0.0000000 
 .35986E-1  0.0000000  0.0000000  0.0000000  0.0000000  0.0000000  0.0000000 
  .14825E0  0.0000000  0.0000000  0.0000000  0.0000000  0.0000000  0.0000000 
      .5E0  0.0000000  0.0000000  0.0000000  0.0000000  0.0000000  0.0000000 
 0.0000000   .15526E0  0.0000000  0.0000000  0.0000000  0.0000000  0.0000000 
 0.0000000   .34345E0  0.0000000  0.0000000  0.0000000  0.0000000  0.0000000 
 0.0000000       .5E0  0.0000000  0.0000000  0.0000000  0.0000000  0.0000000 
 0.0000000  0.0000000       .1E1  0.0000000  0.0000000  0.0000000  0.0000000 
 0.0000000  0.0000000  0.0000000       .1E1  0.0000000  0.0000000  0.0000000 
 0.0000000  0.0000000  0.0000000  0.0000000       .1E1  0.0000000  0.0000000 
 0.0000000  0.0000000  0.0000000  0.0000000  0.0000000       .1E1  0.0000000 
 0.0000000  0.0000000  0.0000000  0.0000000  0.0000000  0.0000000       .1E1 

  0.734431E+04  0.112989E+04  0.268065E+03  0.862217E+02  0.319790E+02
  0.130083E+02  0.547663E+01  0.230897E+01  0.846008E+00  0.316591E+00
  0.107157E+00

 .57035E-3  0.0000000  0.0000000  0.0000000  0.0000000  0.0000000 
 .11397E-1  0.0000000  0.0000000  0.0000000  0.0000000  0.0000000 
 .98734E-1  0.0000000  0.0000000  0.0000000  0.0000000  0.0000000 
      .5E0  0.0000000  0.0000000  0.0000000  0.0000000  0.0000000 
 0.0000000   .14958E0  0.0000000  0.0000000  0.0000000  0.0000000 
 0.0000000   .34339E0  0.0000000  0.0000000  0.0000000  0.0000000 
 0.0000000       .5E0  0.0000000  0.0000000  0.0000000  0.0000000 
 0.0000000  0.0000000       .1E1  0.0000000  0.0000000  0.0000000 
 0.0000000  0.0000000  0.0000000       .1E1  0.0000000  0.0000000 
 0.0000000  0.0000000  0.0000000  0.0000000       .1E1  0.0000000 
 0.0000000  0.0000000  0.0000000  0.0000000  0.0000000       .1E1 

      .10395E3        .231E1         .52E0

 1.0000000  0.0000000  0.0000000 
 0.0000000  1.0000000  0.0000000 
 0.0000000  0.0000000  1.0000000 

        .324E2         .72E0

 1.0000000  0.0000000 
 0.0000000  1.0000000 

AR:pcJ-2
EMSL BASIS SET LIBRARY

  4
    0    1    2    3
    7    6    3    2
   15   11    3    2

  0.726592E+08  0.290637E+07  0.232509E+06  0.348444E+05  0.793034E+04
  0.224569E+04  0.732218E+03  0.263770E+03  0.102195E+03  0.415255E+02
  0.172018E+02  0.659673E+01  0.264773E+01  0.661927E+00  0.229008E+00

 .10617E-5  0.0000000  0.0000000  0.0000000  0.0000000  0.0000000  0.0000000 
 .47775E-4  0.0000000  0.0000000  0.0000000  0.0000000  0.0000000  0.0000000 
 .84812E-3  0.0000000  0.0000000  0.0000000  0.0000000  0.0000000  0.0000000 
 .69071E-2  0.0000000  0.0000000  0.0000000  0.0000000  0.0000000  0.0000000 
 .35864E-1  0.0000000  0.0000000  0.0000000  0.0000000  0.0000000  0.0000000 
  .14785E0  0.0000000  0.0000000  0.0000000  0.0000000  0.0000000  0.0000000 
      .5E0  0.0000000  0.0000000  0.0000000  0.0000000  0.0000000  0.0000000 
 0.0000000   .15057E0  0.0000000  0.0000000  0.0000000  0.0000000  0.0000000 
 0.0000000   .33534E0  0.0000000  0.0000000  0.0000000  0.0000000  0.0000000 
 0.0000000       .5E0  0.0000000  0.0000000  0.0000000  0.0000000  0.0000000 
 0.0000000  0.0000000       .1E1  0.0000000  0.0000000  0.0000000  0.0000000 
 0.0000000  0.0000000  0.0000000       .1E1  0.0000000  0.0000000  0.0000000 
 0.0000000  0.0000000  0.0000000  0.0000000       .1E1  0.0000000  0.0000000 
 0.0000000  0.0000000  0.0000000  0.0000000  0.0000000       .1E1  0.0000000 
 0.0000000  0.0000000  0.0000000  0.0000000  0.0000000  0.0000000       .1E1 

  0.843481E+04  0.129766E+04  0.307863E+03  0.990961E+02  0.368369E+02
  0.150266E+02  0.636619E+01  0.271095E+01  0.101824E+01  0.382742E+00
  0.129456E+00

 .56632E-3  0.0000000  0.0000000  0.0000000  0.0000000  0.0000000 
 .11325E-1  0.0000000  0.0000000  0.0000000  0.0000000  0.0000000 
 .98406E-1  0.0000000  0.0000000  0.0000000  0.0000000  0.0000000 
      .5E0  0.0000000  0.0000000  0.0000000  0.0000000  0.0000000 
 0.0000000   .14811E0  0.0000000  0.0000000  0.0000000  0.0000000 
 0.0000000   .34303E0  0.0000000  0.0000000  0.0000000  0.0000000 
 0.0000000       .5E0  0.0000000  0.0000000  0.0000000  0.0000000 
 0.0000000  0.0000000       .1E1  0.0000000  0.0000000  0.0000000 
 0.0000000  0.0000000  0.0000000       .1E1  0.0000000  0.0000000 
 0.0000000  0.0000000  0.0000000  0.0000000       .1E1  0.0000000 
 0.0000000  0.0000000  0.0000000  0.0000000  0.0000000       .1E1 

       .1134E3        .252E1         .57E0

 1.0000000  0.0000000  0.0000000 
 0.0000000  1.0000000  0.0000000 
 0.0000000  0.0000000  1.0000000 

        .351E2         .78E0

 1.0000000  0.0000000 
 0.0000000  1.0000000 




