!  pcS-2  EMSL  Basis Set Exchange Library   3/19/13 6:32 PM
! Elements                             References
! --------                             ----------
! H He Li Be B C N O F Ne Na Mg Al Si P S Cl Ar: Frank Jensen, The Basis Set Convergence of Nuclear Magnetic Shielding Constants Calculated by Density Functional Methods., J. Chem. Theo. Comp. 4, 719 (2008).
! 



H:pcS-2
EMSL BASIS SET LIBRARY

  3
    0    1    2
    3    2    1
    6    3    1

  0.754226E+02  0.113499E+02  0.259926E+01  0.735130E+00  0.231669E+00
  0.741474E-01

 .40694E-2       .0E0       .0E0 
 .32232E-1       .0E0       .0E0 
  .15065E0       .0E0       .0E0 
      .5E0       .0E0       .0E0 
      .0E0       .1E1       .0E0 
      .0E0       .0E0       .1E1 

  0.960000E+01  0.160000E+01  0.450000E+00

 .18154E-1       .0E0 
      .5E0       .0E0 
      .0E0       .1E1 

  0.125000E+01

      .1E1 

HE:pcS-2
EMSL BASIS SET LIBRARY

  3
    0    1    2
    3    2    1
    6    3    1

  0.221770E+03  0.333745E+02  0.761142E+01  0.210890E+01  0.628777E+00
  0.184688E+00

 .49597E-2       .0E0       .0E0 
 .37614E-1       .0E0       .0E0 
  .17341E0       .0E0       .0E0 
      .5E0       .0E0       .0E0 
      .0E0       .1E1       .0E0 
      .0E0       .0E0       .1E1 

  0.144000E+02  0.240000E+01  0.680000E+00

 .33369E-1       .0E0 
      .5E0       .0E0 
      .0E0       .1E1 

  0.180000E+01

      .1E1 

LI:pcS-2
EMSL BASIS SET LIBRARY

  3
    0    1    2
    4    3    1
   10    5    1

  0.150248E+04  0.225509E+03  0.513747E+02  0.145466E+02  0.466451E+01
  0.160082E+01  0.552624E+00  0.103657E+00  0.474424E-01  0.197901E-01

 .90136E-3       .0E0       .0E0       .0E0 
 .69106E-2  .54193E-4       .0E0       .0E0 
 .35358E-1 -.23779E-3       .0E0       .0E0 
  .12825E0  .52162E-3       .0E0       .0E0 
  .34182E0 -.14819E-1       .0E0       .0E0 
      .5E0  -.2319E-1       .0E0       .0E0 
  .31771E0  -.16022E0       .0E0       .0E0 
      .0E0       .5E0       .0E0       .0E0 
      .0E0       .0E0       .1E1       .0E0 
      .0E0       .0E0       .0E0       .1E1 

  0.344500E+02  0.530000E+01  0.115000E+01  0.290000E+00  0.900000E-01

 .46997E-2       .0E0       .0E0 
 .56154E-1       .0E0       .0E0 
      .5E0       .0E0       .0E0 
      .0E0       .1E1       .0E0 
      .0E0       .0E0       .1E1 

  0.260000E+00

      .1E1 

BE:pcS-2
EMSL BASIS SET LIBRARY

  3
    0    1    2
    4    3    1
   10    5    1

  0.306728E+04  0.460236E+03  0.104801E+03  0.296575E+02  0.953653E+01
  0.331058E+01  0.118043E+01  0.268707E+00  0.117739E+00  0.446849E-01

 .75269E-3       .0E0       .0E0       .0E0 
 .57449E-2  .27994E-4       .0E0       .0E0 
 .29821E-1 -.21143E-3       .0E0       .0E0 
  .10981E0 -.66433E-3       .0E0       .0E0 
  .30889E0   -.186E-1       .0E0       .0E0 
      .5E0 -.54804E-1       .0E0       .0E0 
  .33821E0   -.2054E0       .0E0       .0E0 
      .0E0       .5E0       .0E0       .0E0 
      .0E0       .0E0       .1E1       .0E0 
      .0E0       .0E0       .0E0       .1E1 

  0.535600E+02  0.824000E+01  0.179000E+01  0.450000E+00  0.140000E+00

  .4768E-2       .0E0       .0E0 
  .7927E-1       .0E0       .0E0 
      .5E0       .0E0       .0E0 
      .0E0       .1E1       .0E0 
      .0E0       .0E0       .1E1 

  0.390000E+00

      .1E1 

B:pcS-2
EMSL BASIS SET LIBRARY

  4
    0    1    2    3
    4    4    2    1
   10    7    2    1

  0.522044E+04  0.783187E+03  0.178312E+03  0.504687E+02  0.162854E+02
  0.568847E+01  0.204949E+01  0.514726E+00  0.215561E+00  0.774565E-01

 .67498E-3       .0E0       .0E0       .0E0 
 .51659E-2  .24272E-4       .0E0       .0E0 
 .26812E-1 -.21022E-3       .0E0       .0E0 
  .10059E0 -.82568E-3       .0E0       .0E0 
  .28716E0 -.20118E-1       .0E0       .0E0 
      .5E0 -.64418E-1       .0E0       .0E0 
  .35684E0  -.23029E0       .0E0       .0E0 
      .0E0       .5E0       .0E0       .0E0 
      .0E0       .0E0       .1E1       .0E0 
      .0E0       .0E0       .0E0       .1E1 

  0.141765E+03  0.218100E+02  0.489298E+01  0.139763E+01  0.477473E+00
  0.164193E+00  0.540038E-01

 .10158E-2       .0E0       .0E0       .0E0 
 .21422E-1       .0E0       .0E0       .0E0 
  .14311E0       .0E0       .0E0       .0E0 
      .5E0       .0E0       .0E0       .0E0 
      .0E0       .1E1       .0E0       .0E0 
      .0E0       .0E0       .1E1       .0E0 
      .0E0       .0E0       .0E0       .1E1 

  0.105000E+01  0.350000E+00

      .1E1       .0E0 
      .0E0       .1E1 

  0.870000E+00

      .1E1 

C:pcS-2
EMSL BASIS SET LIBRARY

  4
    0    1    2    3
    4    4    2    1
   10    7    2    1

  0.785710E+04  0.117865E+04  0.268325E+03  0.759483E+02  0.245586E+02
  0.862118E+01  0.312784E+01  0.822020E+00  0.330170E+00  0.114628E+00

 .64222E-3       .0E0       .0E0       .0E0 
 .49302E-2  .22088E-4       .0E0       .0E0 
 .25525E-1 -.20272E-3       .0E0       .0E0 
 .96966E-1 -.88951E-3       .0E0       .0E0 
  .27828E0 -.19946E-1       .0E0       .0E0 
      .5E0 -.69004E-1       .0E0       .0E0 
  .36956E0  -.23009E0       .0E0       .0E0 
      .0E0       .5E0       .0E0       .0E0 
      .0E0       .0E0       .1E1       .0E0 
      .0E0       .0E0       .0E0       .1E1 

  0.219536E+03  0.337748E+02  0.767659E+01  0.223567E+01  0.764466E+00
  0.262325E+00  0.846377E-01

 .97127E-3       .0E0       .0E0       .0E0 
 .20249E-1       .0E0       .0E0       .0E0 
  .13877E0       .0E0       .0E0       .0E0 
      .5E0       .0E0       .0E0       .0E0 
      .0E0       .1E1       .0E0       .0E0 
      .0E0       .0E0       .1E1       .0E0 
      .0E0       .0E0       .0E0       .1E1 

  0.140000E+01  0.450000E+00

      .1E1       .0E0 
      .0E0       .1E1 

  0.950000E+00

      .1E1 

N:pcS-2
EMSL BASIS SET LIBRARY

  4
    0    1    2    3
    4    4    2    1
   10    7    2    1

  0.111014E+05  0.166525E+04  0.379083E+03  0.107300E+03  0.347472E+02
  0.122494E+02  0.447434E+01  0.124037E+01  0.487426E+00  0.164842E+00

 .61863E-3       .0E0       .0E0       .0E0 
 .47579E-2  .22488E-4       .0E0       .0E0 
 .24605E-1 -.21381E-3       .0E0       .0E0 
 .94277E-1 -.10203E-2       .0E0       .0E0 
  .27258E0 -.21343E-1       .0E0       .0E0 
      .5E0 -.79186E-1       .0E0       .0E0 
  .38737E0  -.25188E0       .0E0       .0E0 
      .0E0       .5E0       .0E0       .0E0 
      .0E0       .0E0       .1E1       .0E0 
      .0E0       .0E0       .0E0       .1E1 

  0.311572E+03  0.479342E+02  0.109994E+02  0.324724E+01  0.111138E+01
  0.379881E+00  0.120678E+00

  .9503E-3       .0E0       .0E0       .0E0 
 .19572E-1       .0E0       .0E0       .0E0 
  .13553E0       .0E0       .0E0       .0E0 
      .5E0       .0E0       .0E0       .0E0 
      .0E0       .1E1       .0E0       .0E0 
      .0E0       .0E0       .1E1       .0E0 
      .0E0       .0E0       .0E0       .1E1 

  0.180000E+01  0.550000E+00

      .1E1       .0E0 
      .0E0       .1E1 

  0.102000E+01

      .1E1 

O:pcS-2
EMSL BASIS SET LIBRARY

  4
    0    1    2    3
    4    4    2    1
   10    7    2    1

  0.147824E+05  0.221733E+04  0.504741E+03  0.142873E+03  0.463005E+02
  0.163373E+02  0.598281E+01  0.167180E+01  0.646621E+00  0.216687E+00

 .60728E-3       .0E0       .0E0       .0E0 
 .46727E-2  .90408E-5       .0E0       .0E0 
 .24167E-1 -.17099E-3       .0E0       .0E0 
 .92912E-1 -.13613E-2       .0E0       .0E0 
  .27039E0 -.19202E-1       .0E0       .0E0 
      .5E0 -.81792E-1       .0E0       .0E0 
  .39263E0  -.23312E0       .0E0       .0E0 
      .0E0       .5E0       .0E0       .0E0 
      .0E0       .0E0       .1E1       .0E0 
      .0E0       .0E0       .0E0       .1E1 

  0.392755E+03  0.604239E+02  0.139351E+02  0.415313E+01  0.141579E+01
  0.475491E+00  0.145292E+00

 .98331E-3       .0E0       .0E0       .0E0 
 .19905E-1       .0E0       .0E0       .0E0 
   .1379E0       .0E0       .0E0       .0E0 
      .5E0       .0E0       .0E0       .0E0 
      .0E0       .1E1       .0E0       .0E0 
      .0E0       .0E0       .1E1       .0E0 
      .0E0       .0E0       .0E0       .1E1 

  0.220000E+01  0.650000E+00

      .1E1       .0E0 
      .0E0       .1E1 

  0.110000E+01

      .1E1 

F:pcS-2
EMSL BASIS SET LIBRARY

  4
    0    1    2    3
    4    4    2    1
   10    7    2    1

  0.191270E+05  0.286889E+04  0.653038E+03  0.184852E+03  0.599488E+02
  0.211900E+02  0.778456E+01  0.223052E+01  0.854087E+00  0.283365E+00

 .59502E-3       .0E0       .0E0       .0E0 
 .45797E-2       .0E0       .0E0       .0E0 
 .23698E-1  -.1521E-3       .0E0       .0E0 
 .91393E-1 -.16843E-2       .0E0       .0E0 
  .26782E0 -.18919E-1       .0E0       .0E0 
      .5E0 -.89204E-1       .0E0       .0E0 
  .40385E0  -.23893E0       .0E0       .0E0 
      .0E0       .5E0       .0E0       .0E0 
      .0E0       .0E0       .1E1       .0E0 
      .0E0       .0E0       .0E0       .1E1 

  0.504656E+03  0.776394E+02  0.179653E+02  0.540046E+01  0.184226E+01
  0.615322E+00  0.184888E+00

 .98502E-3       .0E0       .0E0       .0E0 
 .19764E-1       .0E0       .0E0       .0E0 
  .13862E0       .0E0       .0E0       .0E0 
      .5E0       .0E0       .0E0       .0E0 
      .0E0       .1E1       .0E0       .0E0 
      .0E0       .0E0       .1E1       .0E0 
      .0E0       .0E0       .0E0       .1E1 

  0.280000E+01  0.800000E+00

      .1E1       .0E0 
      .0E0       .1E1 

  0.120000E+01

      .1E1 

NE:pcS-2
EMSL BASIS SET LIBRARY

  4
    0    1    2    3
    4    4    2    1
   10    7    2    1

  0.238796E+05  0.358170E+04  0.815274E+03  0.230775E+03  0.748837E+02
  0.265176E+02  0.976916E+01  0.283050E+01  0.107398E+01  0.354000E+00

 .59002E-3       .0E0       .0E0       .0E0 
 .45422E-2 -.74415E-5       .0E0       .0E0 
 .23508E-1 -.13227E-3       .0E0       .0E0 
 .90829E-1 -.19477E-2       .0E0       .0E0 
  .26716E0 -.18253E-1       .0E0       .0E0 
      .5E0 -.93772E-1       .0E0       .0E0 
  .40966E0   -.2349E0       .0E0       .0E0 
      .0E0       .5E0       .0E0       .0E0 
      .0E0       .0E0       .1E1       .0E0 
      .0E0       .0E0       .0E0       .1E1 

  0.631190E+03  0.971062E+02  0.225433E+02  0.681727E+01  0.232630E+01
  0.774247E+00  0.230256E+00

 .98425E-3       .0E0       .0E0       .0E0 
 .19596E-1       .0E0       .0E0       .0E0 
  .13851E0       .0E0       .0E0       .0E0 
      .5E0       .0E0       .0E0       .0E0 
      .0E0       .1E1       .0E0       .0E0 
      .0E0       .0E0       .1E1       .0E0 
      .0E0       .0E0       .0E0       .1E1 

  0.300000E+01  0.850000E+00

      .1E1       .0E0 
      .0E0       .1E1 

  0.130000E+01

      .1E1 

NA:pcS-2
EMSL BASIS SET LIBRARY

  3
    0    1    2
    5    6    1
   13   10    1

  0.644739E+05  0.966748E+04  0.220077E+04  0.623256E+03  0.203120E+03
  0.729438E+02  0.280255E+02  0.110550E+02  0.354896E+01  0.140816E+01
  0.511479E+00  0.695344E-01  0.251195E-01

 .23018E-3       .0E0       .0E0       .0E0       .0E0 
 .17921E-2 -.30978E-5       .0E0       .0E0       .0E0 
 .92744E-2  .17688E-4  .68503E-5       .0E0       .0E0 
 .38171E-1  .28127E-4  .86177E-4       .0E0       .0E0 
  .12369E0  .16661E-2  .95374E-3       .0E0       .0E0 
  .31424E0   .8943E-2  .70238E-2       .0E0       .0E0 
      .5E0  .45742E-1  .28865E-1       .0E0       .0E0 
  .35802E0  .81545E-1  .64847E-1       .0E0       .0E0 
 .48004E-1  -.17174E0  -.15315E0       .0E0       .0E0 
      .0E0      -.5E0  -.43642E0       .0E0       .0E0 
      .0E0       .0E0      -.5E0       .0E0       .0E0 
      .0E0       .0E0       .0E0       .1E1       .0E0 
      .0E0       .0E0       .0E0       .0E0       .1E1 

  0.149843E+04  0.230527E+03  0.542009E+02  0.174015E+02  0.631522E+01
  0.240844E+01  0.902490E+00  0.314501E+00  0.121000E+00  0.390000E-01

 .27989E-3       .0E0       .0E0       .0E0       .0E0       .0E0 
 .52317E-2       .0E0       .0E0       .0E0       .0E0       .0E0 
 .44601E-1       .0E0       .0E0       .0E0       .0E0       .0E0 
   .1746E0       .0E0       .0E0       .0E0       .0E0       .0E0 
      .5E0       .0E0       .0E0       .0E0       .0E0       .0E0 
      .0E0       .1E1       .0E0       .0E0       .0E0       .0E0 
      .0E0       .0E0       .1E1       .0E0       .0E0       .0E0 
      .0E0       .0E0       .0E0       .1E1       .0E0       .0E0 
      .0E0       .0E0       .0E0       .0E0       .1E1       .0E0 
      .0E0       .0E0       .0E0       .0E0       .0E0       .1E1 

  0.240000E+00

      .1E1 

MG:pcS-2
EMSL BASIS SET LIBRARY

  3
    0    1    2
    5    6    1
   13   10    1

  0.810166E+05  0.121433E+05  0.276375E+04  0.782577E+03  0.255029E+03
  0.916225E+02  0.352449E+02  0.139598E+02  0.474215E+01  0.192836E+01
  0.724242E+00  0.123530E+00  0.430322E-01

 .21783E-3       .0E0       .0E0       .0E0       .0E0 
 .16962E-2 -.21703E-5       .0E0       .0E0       .0E0 
 .87909E-2  .15521E-4  .66474E-5       .0E0       .0E0 
 .36227E-1  .59122E-4  .83993E-4       .0E0       .0E0 
  .11832E0   .1615E-2  .93636E-3       .0E0       .0E0 
  .30424E0  .96205E-2  .69595E-2       .0E0       .0E0 
      .5E0  .47434E-1  .29759E-1       .0E0       .0E0 
  .37987E0  .93994E-1  .70189E-1       .0E0       .0E0 
 .58889E-1   -.1417E0  -.12107E0       .0E0       .0E0 
      .0E0      -.5E0   -.4713E0       .0E0       .0E0 
      .0E0       .0E0      -.5E0       .0E0       .0E0 
      .0E0       .0E0       .0E0       .1E1       .0E0 
      .0E0       .0E0       .0E0       .0E0       .1E1 

  0.200883E+04  0.309051E+03  0.728942E+02  0.234937E+02  0.856186E+01
  0.330675E+01  0.126937E+01  0.461062E+00  0.177000E+00  0.570000E-01

  .2575E-3       .0E0       .0E0       .0E0       .0E0       .0E0 
 .48207E-2       .0E0       .0E0       .0E0       .0E0       .0E0 
 .41571E-1       .0E0       .0E0       .0E0       .0E0       .0E0 
  .17032E0       .0E0       .0E0       .0E0       .0E0       .0E0 
      .5E0       .0E0       .0E0       .0E0       .0E0       .0E0 
      .0E0       .1E1       .0E0       .0E0       .0E0       .0E0 
      .0E0       .0E0       .1E1       .0E0       .0E0       .0E0 
      .0E0       .0E0       .0E0       .1E1       .0E0       .0E0 
      .0E0       .0E0       .0E0       .0E0       .1E1       .0E0 
      .0E0       .0E0       .0E0       .0E0       .0E0       .1E1 

  0.300000E+00

      .1E1 

AL:pcS-2
EMSL BASIS SET LIBRARY

  4
    0    1    2    3
    5    6    2    1
   13   11    2    1

  0.997406E+05  0.149488E+05  0.340254E+04  0.963526E+03  0.314045E+03
  0.112883E+03  0.434736E+02  0.172917E+02  0.616220E+01  0.252257E+01
  0.968742E+00  0.192507E+00  0.678131E-01

 .20802E-3       .0E0       .0E0       .0E0       .0E0 
 .16193E-2 -.18149E-5       .0E0       .0E0       .0E0 
 .84001E-2  .14137E-4  .71262E-5       .0E0       .0E0 
 .34644E-1  .64572E-4   .9011E-4       .0E0       .0E0 
  .11388E0  .15278E-2  .10107E-2       .0E0       .0E0 
  .29588E0  .94128E-2  .75548E-2       .0E0       .0E0 
      .5E0  .47008E-1  .33311E-1       .0E0       .0E0 
  .39998E0  .98333E-1   .8095E-1       .0E0       .0E0 
 .69718E-1  -.10604E0  -.10139E0       .0E0       .0E0 
      .0E0      -.5E0      -.5E0       .0E0       .0E0 
      .0E0       .0E0   -.4476E0       .0E0       .0E0 
      .0E0       .0E0       .0E0       .1E1       .0E0 
      .0E0       .0E0       .0E0       .0E0       .1E1 

  0.376812E+04  0.579711E+03  0.137542E+03  0.440670E+02  0.161481E+02
  0.648883E+01  0.266323E+01  0.107925E+01  0.397715E+00  0.134753E+00
  0.421854E-01

 -.1954E-4       .0E0       .0E0       .0E0       .0E0       .0E0 
 .31732E-3 -.55519E-3       .0E0       .0E0       .0E0       .0E0 
-.18831E-2 -.11413E-2       .0E0       .0E0       .0E0       .0E0 
 .20846E-1 -.29917E-1       .0E0       .0E0       .0E0       .0E0 
 .10609E-1 -.50056E-1       .0E0       .0E0       .0E0       .0E0 
      .5E0      -.5E0       .0E0       .0E0       .0E0       .0E0 
      .0E0  -.12345E0       .0E0       .0E0       .0E0       .0E0 
      .0E0       .0E0       .1E1       .0E0       .0E0       .0E0 
      .0E0       .0E0       .0E0       .1E1       .0E0       .0E0 
      .0E0       .0E0       .0E0       .0E0       .1E1       .0E0 
      .0E0       .0E0       .0E0       .0E0       .0E0       .1E1 

  0.147000E+01  0.330000E+00

      .1E1       .0E0 
      .0E0       .1E1 

  0.480000E+00

      .1E1 

SI:pcS-2
EMSL BASIS SET LIBRARY

  4
    0    1    2    3
    5    6    2    1
   13   11    2    1

  0.120036E+06  0.179906E+05  0.409483E+04  0.115961E+04  0.378002E+03
  0.135934E+03  0.524107E+02  0.209268E+02  0.771301E+01  0.316043E+01
  0.123483E+01  0.267752E+00  0.940670E-01

 .20108E-3       .0E0       .0E0       .0E0       .0E0 
 .15648E-2 -.15604E-5       .0E0       .0E0       .0E0 
 .81246E-2  .13289E-4   .7051E-5       .0E0       .0E0 
 .33524E-1  .69932E-4  .89246E-4       .0E0       .0E0 
  .11073E0   .1483E-2  .10062E-2       .0E0       .0E0 
  .28989E0  .93824E-2  .75478E-2       .0E0       .0E0 
      .5E0  .47255E-1  .34102E-1       .0E0       .0E0 
  .41571E0    .1027E0  .84679E-1       .0E0       .0E0 
 .79234E-1 -.84293E-1  -.8208E-1       .0E0       .0E0 
      .0E0      -.5E0      -.5E0       .0E0       .0E0 
      .0E0       .0E0  -.40442E0       .0E0       .0E0 
      .0E0       .0E0       .0E0       .1E1       .0E0 
      .0E0       .0E0       .0E0       .0E0       .1E1 

  0.440132E+04  0.677127E+03  0.160671E+03  0.515846E+02  0.189478E+02
  0.761629E+01  0.313171E+01  0.127035E+01  0.433319E+00  0.160882E+00
  0.548828E-01

-.77929E-4       .0E0       .0E0       .0E0       .0E0       .0E0 
-.85512E-3 -.31792E-3       .0E0       .0E0       .0E0       .0E0 
-.11231E-1 -.10046E-2       .0E0       .0E0       .0E0       .0E0 
-.22455E-1 -.21508E-1       .0E0       .0E0       .0E0       .0E0 
-.69397E-1 -.71195E-1       .0E0       .0E0       .0E0       .0E0 
      .5E0      -.5E0       .0E0       .0E0       .0E0       .0E0 
      .0E0  -.31422E0       .0E0       .0E0       .0E0       .0E0 
      .0E0       .0E0       .1E1       .0E0       .0E0       .0E0 
      .0E0       .0E0       .0E0       .1E1       .0E0       .0E0 
      .0E0       .0E0       .0E0       .0E0       .1E1       .0E0 
      .0E0       .0E0       .0E0       .0E0       .0E0       .1E1 

  0.168000E+01  0.380000E+00

      .1E1       .0E0 
      .0E0       .1E1 

  0.540000E+00

      .1E1 

P:pcS-2
EMSL BASIS SET LIBRARY

  4
    0    1    2    3
    5    6    2    1
   13   11    2    1

  0.145684E+06  0.218357E+05  0.496987E+04  0.140734E+04  0.458776E+03
  0.165076E+03  0.637443E+02  0.255982E+02  0.993071E+01  0.396858E+01
  0.155647E+01  0.354039E+00  0.123939E+00

 .19144E-3       .0E0       .0E0       .0E0       .0E0 
 .14894E-2  .11187E-5       .0E0       .0E0       .0E0 
 .77415E-2 -.11611E-4 -.70161E-5       .0E0       .0E0 
 .31979E-1  -.7692E-4 -.89146E-4       .0E0       .0E0 
  .10631E0 -.13704E-2 -.10086E-2       .0E0       .0E0 
  .28132E0 -.91098E-2 -.76352E-2       .0E0       .0E0 
      .5E0 -.45854E-1 -.35402E-1       .0E0       .0E0 
  .43949E0  -.10724E0 -.91447E-1       .0E0       .0E0 
 .96316E-1  .53541E-1  .54495E-1       .0E0       .0E0 
      .0E0       .5E0       .5E0       .0E0       .0E0 
      .0E0       .0E0   .32916E0       .0E0       .0E0 
      .0E0       .0E0       .0E0       .1E1       .0E0 
      .0E0       .0E0       .0E0       .0E0       .1E1 

  0.537048E+04  0.826228E+03  0.196023E+03  0.629511E+02  0.232219E+02
  0.938850E+01  0.389968E+01  0.160483E+01  0.560532E+00  0.211746E+00
  0.734856E-01

-.11187E-3       .0E0       .0E0       .0E0       .0E0       .0E0 
-.15419E-2 -.24179E-3       .0E0       .0E0       .0E0       .0E0 
 -.1685E-1 -.92722E-3       .0E0       .0E0       .0E0       .0E0 
-.49609E-1   -.185E-1       .0E0       .0E0       .0E0       .0E0 
 -.12954E0 -.74358E-1       .0E0       .0E0       .0E0       .0E0 
      .5E0      -.5E0       .0E0       .0E0       .0E0       .0E0 
      .0E0  -.39258E0       .0E0       .0E0       .0E0       .0E0 
      .0E0       .0E0       .1E1       .0E0       .0E0       .0E0 
      .0E0       .0E0       .0E0       .1E1       .0E0       .0E0 
      .0E0       .0E0       .0E0       .0E0       .1E1       .0E0 
      .0E0       .0E0       .0E0       .0E0       .0E0       .1E1 

  0.189000E+01  0.430000E+00

      .1E1       .0E0 
      .0E0       .1E1 

  0.600000E+00

      .1E1 

S:pcS-2
EMSL BASIS SET LIBRARY

  4
    0    1    2    3
    5    6    2    1
   13   11    2    1

  0.172031E+06  0.257828E+05  0.586816E+04  0.166173E+04  0.541749E+03
  0.195015E+03  0.753959E+02  0.304065E+02  0.121210E+02  0.477769E+01
  0.189064E+01  0.446857E+00  0.156208E+00

 .18562E-3       .0E0       .0E0       .0E0       .0E0 
 .14439E-2       .0E0       .0E0       .0E0       .0E0 
 .75103E-2 -.10648E-4 -.70628E-5       .0E0       .0E0 
  .3104E-1 -.82671E-4 -.89846E-4       .0E0       .0E0 
  .10363E0  -.1314E-2 -.10205E-2       .0E0       .0E0 
  .27611E0 -.90312E-2 -.77533E-2       .0E0       .0E0 
      .5E0 -.45455E-1 -.36653E-1       .0E0       .0E0 
  .45545E0  -.11087E0 -.96513E-1       .0E0       .0E0 
  .10937E0  .37612E-1  .39451E-1       .0E0       .0E0 
      .0E0       .5E0       .5E0       .0E0       .0E0 
      .0E0       .0E0   .27358E0       .0E0       .0E0 
      .0E0       .0E0       .0E0       .1E1       .0E0 
      .0E0       .0E0       .0E0       .0E0       .1E1 

  0.629281E+04  0.968124E+03  0.229696E+03  0.738332E+02  0.273117E+02
  0.110740E+02  0.463067E+01  0.192993E+01  0.687828E+00  0.256627E+00
  0.872507E-01

 .18296E-3       .0E0       .0E0       .0E0       .0E0       .0E0 
 .29029E-2 -.17711E-3       .0E0       .0E0       .0E0       .0E0 
 .28503E-1 -.85586E-3       .0E0       .0E0       .0E0       .0E0 
  .10071E0 -.16447E-1       .0E0       .0E0       .0E0       .0E0 
   .2527E0 -.78121E-1       .0E0       .0E0       .0E0       .0E0 
     -.5E0      -.5E0       .0E0       .0E0       .0E0       .0E0 
      .0E0  -.47264E0       .0E0       .0E0       .0E0       .0E0 
      .0E0       .0E0       .1E1       .0E0       .0E0       .0E0 
      .0E0       .0E0       .0E0       .1E1       .0E0       .0E0 
      .0E0       .0E0       .0E0       .0E0       .1E1       .0E0 
      .0E0       .0E0       .0E0       .0E0       .0E0       .1E1 

  0.210000E+01  0.480000E+00

      .1E1       .0E0 
      .0E0       .1E1 

  0.660000E+00

      .1E1 

CL:pcS-2
EMSL BASIS SET LIBRARY

  4
    0    1    2    3
    5    6    2    1
   13   11    2    1

  0.201154E+06  0.301463E+05  0.686097E+04  0.194281E+04  0.633417E+03
  0.228102E+03  0.882880E+02  0.357500E+02  0.145706E+02  0.565799E+01
  0.225543E+01  0.549472E+00  0.191260E+00

 .18046E-3       .0E0       .0E0       .0E0       .0E0 
 .14035E-2       .0E0       .0E0       .0E0       .0E0 
 .73059E-2  .94135E-5  .74128E-5       .0E0       .0E0 
 .30211E-1  .93966E-4  .94469E-4       .0E0       .0E0 
  .10125E0  .12564E-2  .10767E-2       .0E0       .0E0 
  .27146E0  .90967E-2  .82019E-2       .0E0       .0E0 
      .5E0   .4509E-1  .39418E-1       .0E0       .0E0 
  .47055E0   .11555E0   .10514E0       .0E0       .0E0 
  .12313E0 -.25707E-1 -.26845E-1       .0E0       .0E0 
      .0E0      -.5E0      -.5E0       .0E0       .0E0 
      .0E0       .0E0  -.17377E0       .0E0       .0E0 
      .0E0       .0E0       .0E0       .1E1       .0E0 
      .0E0       .0E0       .0E0       .0E0       .1E1 

  0.734431E+04  0.112989E+04  0.268065E+03  0.862217E+02  0.319790E+02
  0.130083E+02  0.547663E+01  0.230897E+01  0.846008E+00  0.316591E+00
  0.107157E+00

 .26099E-3       .0E0       .0E0       .0E0       .0E0       .0E0 
 .44142E-2 -.12961E-3       .0E0       .0E0       .0E0       .0E0 
 .41428E-1  -.7632E-3       .0E0       .0E0       .0E0       .0E0 
   .1585E0 -.14306E-1       .0E0       .0E0       .0E0       .0E0 
  .39473E0   -.759E-1       .0E0       .0E0       .0E0       .0E0 
     -.5E0  -.47581E0       .0E0       .0E0       .0E0       .0E0 
      .0E0      -.5E0       .0E0       .0E0       .0E0       .0E0 
      .0E0       .0E0       .1E1       .0E0       .0E0       .0E0 
      .0E0       .0E0       .0E0       .1E1       .0E0       .0E0 
      .0E0       .0E0       .0E0       .0E0       .1E1       .0E0 
      .0E0       .0E0       .0E0       .0E0       .0E0       .1E1 

  0.231000E+01  0.520000E+00

      .1E1       .0E0 
      .0E0       .1E1 

  0.720000E+00

      .1E1 

AR:pcS-2
EMSL BASIS SET LIBRARY

  4
    0    1    2    3
    5    6    2    1
   13   11    2    1

  0.232509E+06  0.348444E+05  0.793034E+04  0.224569E+04  0.732218E+03
  0.263770E+03  0.102195E+03  0.415255E+02  0.172018E+02  0.659673E+01
  0.264773E+01  0.661927E+00  0.229008E+00

 .17625E-3       .0E0       .0E0       .0E0       .0E0 
 .13706E-2       .0E0       .0E0       .0E0       .0E0 
 .71382E-2  .80724E-5  .88525E-5       .0E0       .0E0 
 .29529E-1  .10991E-3  .11236E-3       .0E0       .0E0 
 .99284E-1  .12047E-2   .1286E-2       .0E0       .0E0 
  .26761E0  .93103E-2  .97906E-2       .0E0       .0E0 
      .5E0  .44926E-1  .47651E-1       .0E0       .0E0 
  .48382E0    .1212E0    .1269E0       .0E0       .0E0 
  .13618E0 -.17685E-1 -.17384E-1       .0E0       .0E0 
      .0E0      -.5E0      -.5E0       .0E0       .0E0 
      .0E0       .0E0  .81706E-1       .0E0       .0E0 
      .0E0       .0E0       .0E0       .1E1       .0E0 
      .0E0       .0E0       .0E0       .0E0       .1E1 

  0.843481E+04  0.129766E+04  0.307863E+03  0.990961E+02  0.368369E+02
  0.150266E+02  0.636619E+01  0.271095E+01  0.101824E+01  0.382742E+00
  0.129456E+00

 .31224E-3       .0E0       .0E0       .0E0       .0E0       .0E0 
 .56451E-2 -.69206E-4       .0E0       .0E0       .0E0       .0E0 
 .50386E-1 -.64448E-3       .0E0       .0E0       .0E0       .0E0 
  .20813E0 -.11263E-1       .0E0       .0E0       .0E0       .0E0 
      .5E0 -.72019E-1       .0E0       .0E0       .0E0       .0E0 
 -.36478E0  -.43278E0       .0E0       .0E0       .0E0       .0E0 
      .0E0      -.5E0       .0E0       .0E0       .0E0       .0E0 
      .0E0       .0E0       .1E1       .0E0       .0E0       .0E0 
      .0E0       .0E0       .0E0       .1E1       .0E0       .0E0 
      .0E0       .0E0       .0E0       .0E0       .1E1       .0E0 
      .0E0       .0E0       .0E0       .0E0       .0E0       .1E1 

  0.252000E+01  0.570000E+00

      .1E1       .0E0 
      .0E0       .1E1 

  0.780000E+00

      .1E1 




