!  pV6Z  EMSL  Basis Set Exchange Library   3/19/13 6:34 PM
! Elements                             References
! --------                             ----------
! H:         T. H. Dunning, Jr., (to be published). 
! C:         A.D. Pradhan, H. Partridge and C.W. Bauschlicher, Jr., J. Chem.
!            Phys. 101, 3857 (1994) with correction to the p set.
! O:         (s,p) set from H. Partridge, (d,f,g) from T.H. Dunning, Jr., 
!            (h,i) from D. Feller.
! N:         C.W. Bauschlicher, Jr. and H. Partridge, J. Chem. Phys. 100,
!            4329 (1994).
!   


C:pV6Z
EMSL BASIS SET LIBRARY

  7
    0    1    2    3    4    5    6
    7    6    5    4    3    2    1
   16   11    5    4    3    2    1

 312229.000000 46749.6900000 10638.5500000  3013.2870000   983.0464000
   354.8877000   138.4034000    57.3618400    24.9283800    11.2296400
     5.2015490     2.4265640     0.9673440     0.4455990     0.1971220
     0.0863470

 0.0000060  0.0000010  0.0000000  0.0000000  0.0000000  0.0000000  0.0000000 
 0.0000440  0.0000090  0.0000000  0.0000000  0.0000000  0.0000000  0.0000000 
 0.0002320  0.0000490  0.0000000  0.0000000  0.0000000  0.0000000  0.0000000 
 0.0009790  0.0002090  0.0000000  0.0000000  0.0000000  0.0000000  0.0000000 
 0.0035500  0.0007600  0.0000000  0.0000000  0.0000000  0.0000000  0.0000000 
 0.0114390  0.0024540  0.0000000  0.0000000  0.0000000  0.0000000  0.0000000 
 0.0330020  0.0072020  0.0000000  0.0000000  0.0000000  0.0000000  0.0000000 
 0.0839960  0.0187950  0.0000000  0.0000000  0.0000000  0.0000000  0.0000000 
 0.1806840  0.0432490  0.0000000  0.0000000  0.0000000  0.0000000  0.0000000 
 0.3049890  0.0826210  0.0000000  0.0000000  0.0000000  0.0000000  0.0000000 
 0.3412880  0.1285180  0.0000000  0.0000000  0.0000000  0.0000000  0.0000000 
 0.0000000  0.0000000  1.0000000  0.0000000  0.0000000  0.0000000  0.0000000 
 0.0000000  0.0000000  0.0000000  1.0000000  0.0000000  0.0000000  0.0000000 
 0.0000000  0.0000000  0.0000000  0.0000000  1.0000000  0.0000000  0.0000000 
 0.0000000  0.0000000  0.0000000  0.0000000  0.0000000  1.0000000  0.0000000 
 0.0000000  0.0000000  0.0000000  0.0000000  0.0000000  0.0000000  1.0000000 

   478.6415000   113.4184000    36.8162300    13.9649200     5.7807870
     2.5435940     1.1737790     0.5536750     0.2621730     0.1236170
     0.0566710

 0.0000620  0.0000000  0.0000000  0.0000000  0.0000000  0.0000000 
 0.0005370  0.0000000  0.0000000  0.0000000  0.0000000  0.0000000 
 0.0029260  0.0000000  0.0000000  0.0000000  0.0000000  0.0000000 
 0.0115030  0.0000000  0.0000000  0.0000000  0.0000000  0.0000000 
 0.0357210  0.0000000  0.0000000  0.0000000  0.0000000  0.0000000 
 0.0931200  0.0000000  0.0000000  0.0000000  0.0000000  0.0000000 
 0.0000000  1.0000000  0.0000000  0.0000000  0.0000000  0.0000000 
 0.0000000  0.0000000  1.0000000  0.0000000  0.0000000  0.0000000 
 0.0000000  0.0000000  0.0000000  1.0000000  0.0000000  0.0000000 
 0.0000000  0.0000000  0.0000000  0.0000000  1.0000000  0.0000000 
 0.0000000  0.0000000  0.0000000  0.0000000  0.0000000  1.0000000 

     5.5584000     2.3160000     0.9650000     0.4020830     0.1675350

 1.0000000  0.0000000  0.0000000  0.0000000  0.0000000 
 0.0000000  1.0000000  0.0000000  0.0000000  0.0000000 
 0.0000000  0.0000000  1.0000000  0.0000000  0.0000000 
 0.0000000  0.0000000  0.0000000  1.0000000  0.0000000 
 0.0000000  0.0000000  0.0000000  0.0000000  1.0000000 

     2.8629090     1.1928790     0.4970330     0.2070970

 1.0000000  0.0000000  0.0000000  0.0000000 
 0.0000000  1.0000000  0.0000000  0.0000000 
 0.0000000  0.0000000  1.0000000  0.0000000 
 0.0000000  0.0000000  0.0000000  1.0000000 

     3.1260000     1.3400000     0.5583330

 1.0000000  0.0000000  0.0000000 
 0.0000000  1.0000000  0.0000000 
 0.0000000  0.0000000  1.0000000 

     1.9055100     0.7939620

 1.0000000  0.0000000 
 0.0000000  1.0000000 

     1.5090000

 1.0000000 

N:pV6Z
EMSL BASIS SET LIBRARY

  7
    0    1    2    3    4    5    6
    7    6    5    4    3    2    1
   16   11    5    4    3    2    1

 432381.100000 64743.4200000 14733.7000000  4173.2540000  1361.4770000
   491.5049000   191.6857000    79.4549900    34.5496800    15.5867300
     7.2354440     3.3837390     1.3697280     0.6250890     0.2748190
     0.1192090

 0.0000060  0.0000010  0.0000000  0.0000000  0.0000000  0.0000000  0.0000000 
 0.0000430  0.0000100  0.0000000  0.0000000  0.0000000  0.0000000  0.0000000 
 0.0002290  0.0000500  0.0000000  0.0000000  0.0000000  0.0000000  0.0000000 
 0.0009650  0.0002130  0.0000000  0.0000000  0.0000000  0.0000000  0.0000000 
 0.0035000  0.0007750  0.0000000  0.0000000  0.0000000  0.0000000  0.0000000 
 0.0112840  0.0025040  0.0000000  0.0000000  0.0000000  0.0000000  0.0000000 
 0.0325990  0.0073620  0.0000000  0.0000000  0.0000000  0.0000000  0.0000000 
 0.0832300  0.0192860  0.0000000  0.0000000  0.0000000  0.0000000  0.0000000 
 0.1799300  0.0446990  0.0000000  0.0000000  0.0000000  0.0000000  0.0000000 
 0.3049550  0.0860480  0.0000000  0.0000000  0.0000000  0.0000000  0.0000000 
 0.3411590  0.1332490  0.0000000  0.0000000  0.0000000  0.0000000  0.0000000 
 0.0000000  0.0000000  1.0000000  0.0000000  0.0000000  0.0000000  0.0000000 
 0.0000000  0.0000000  0.0000000  1.0000000  0.0000000  0.0000000  0.0000000 
 0.0000000  0.0000000  0.0000000  0.0000000  1.0000000  0.0000000  0.0000000 
 0.0000000  0.0000000  0.0000000  0.0000000  0.0000000  1.0000000  0.0000000 
 0.0000000  0.0000000  0.0000000  0.0000000  0.0000000  0.0000000  1.0000000 

   673.5556000   159.5845000    51.8017000    19.6734300     8.1753450
     3.6161310     1.6734140     0.7892460     0.3723390     0.1740380
     0.0786810

 0.0000640  0.0000000  0.0000000  0.0000000  0.0000000  0.0000000 
 0.0005620  0.0000000  0.0000000  0.0000000  0.0000000  0.0000000 
 0.0030850  0.0000000  0.0000000  0.0000000  0.0000000  0.0000000 
 0.0122980  0.0000000  0.0000000  0.0000000  0.0000000  0.0000000 
 0.0386250  0.0000000  0.0000000  0.0000000  0.0000000  0.0000000 
 0.0998150  0.0000000  0.0000000  0.0000000  0.0000000  0.0000000 
 0.0000000  1.0000000  0.0000000  0.0000000  0.0000000  0.0000000 
 0.0000000  0.0000000  1.0000000  0.0000000  0.0000000  0.0000000 
 0.0000000  0.0000000  0.0000000  1.0000000  0.0000000  0.0000000 
 0.0000000  0.0000000  0.0000000  0.0000000  1.0000000  0.0000000 
 0.0000000  0.0000000  0.0000000  0.0000000  0.0000000  1.0000000 

     7.6780800     3.1992000     1.3330000     0.5554170     0.2314240

 1.0000000  0.0000000  0.0000000  0.0000000  0.0000000 
 0.0000000  1.0000000  0.0000000  0.0000000  0.0000000 
 0.0000000  0.0000000  1.0000000  0.0000000  0.0000000 
 0.0000000  0.0000000  0.0000000  1.0000000  0.0000000 
 0.0000000  0.0000000  0.0000000  0.0000000  1.0000000 

     4.0080730     1.6700300     0.6958460     0.2899360

 1.0000000  0.0000000  0.0000000  0.0000000 
 0.0000000  1.0000000  0.0000000  0.0000000 
 0.0000000  0.0000000  1.0000000  0.0000000 
 0.0000000  0.0000000  0.0000000  1.0000000 

     4.0632000     1.6930000     0.7054170

 1.0000000  0.0000000  0.0000000 
 0.0000000  1.0000000  0.0000000 
 0.0000000  0.0000000  1.0000000 

     2.7792530     1.1580220

 1.0000000  0.0000000 
 0.0000000  1.0000000 

     2.2220000

 1.0000000 

O:pV6Z
EMSL BASIS SET LIBRARY

  7
    0    1    2    3    4    5    6
    7    6    5    4    3    2    1
   16   10    5    4    3    2    1

 570979.800000 85496.9000000 19456.6500000  5511.0300000  1797.9190000
   649.0677000   253.1386000   104.9379000    45.6503600    20.6176200
     9.5867590     4.4925100     1.8369430     0.8348030     0.3657220
     0.1570340

 0.0000060 -0.0000010  0.0000000  0.0000000  0.0000000  0.0000000  0.0000000 
 0.0000430 -0.0000100  0.0000000  0.0000000  0.0000000  0.0000000  0.0000000 
 0.0002270 -0.0000510  0.0000000  0.0000000  0.0000000  0.0000000  0.0000000 
 0.0009570 -0.0002170  0.0000000  0.0000000  0.0000000  0.0000000  0.0000000 
 0.0034720 -0.0007910  0.0000000  0.0000000  0.0000000  0.0000000  0.0000000 
 0.0111960 -0.0025590  0.0000000  0.0000000  0.0000000  0.0000000  0.0000000 
 0.0323750 -0.0075300  0.0000000  0.0000000  0.0000000  0.0000000  0.0000000 
 0.0828350 -0.0197820  0.0000000  0.0000000  0.0000000  0.0000000  0.0000000 
 0.1796680 -0.0460860  0.0000000  0.0000000  0.0000000  0.0000000  0.0000000 
 0.3052010 -0.0891890  0.0000000  0.0000000  0.0000000  0.0000000  0.0000000 
 0.3408890 -0.1375500  0.0000000  0.0000000  0.0000000  0.0000000  0.0000000 
 0.1774220 -0.1051080  1.0000000  0.0000000  0.0000000  0.0000000  0.0000000 
 0.0204700  0.1447840  0.0000000  1.0000000  0.0000000  0.0000000  0.0000000 
-0.0009590  0.4416000  0.0000000  0.0000000  1.0000000  0.0000000  0.0000000 
 0.0010530  0.4445450  0.0000000  0.0000000  0.0000000  1.0000000  0.0000000 
-0.0000960  0.1282320  0.0000000  0.0000000  0.0000000  0.0000000  1.0000000 

   525.7638000   124.6306000    40.3430000    15.1783100     6.2450390
     2.7326240     1.2272000     0.5491900     0.2417760     0.1025050

 0.0001670  0.0000000  0.0000000  0.0000000  0.0000000  0.0000000 
 0.0014330  0.0000000  0.0000000  0.0000000  0.0000000  0.0000000 
 0.0075480  0.0000000  0.0000000  0.0000000  0.0000000  0.0000000 
 0.0286010  0.0000000  0.0000000  0.0000000  0.0000000  0.0000000 
 0.0843610  0.0000000  0.0000000  0.0000000  0.0000000  0.0000000 
 0.1874270  1.0000000  0.0000000  0.0000000  0.0000000  0.0000000 
 0.2979530  0.0000000  1.0000000  0.0000000  0.0000000  0.0000000 
 0.3386230  0.0000000  0.0000000  1.0000000  0.0000000  0.0000000 
 0.2472330  0.0000000  0.0000000  0.0000000  1.0000000  0.0000000 
 0.0700240  0.0000000  0.0000000  0.0000000  0.0000000  1.0000000 

     7.7002000     3.3625000     1.4684000     0.6412000     0.2800000

 1.0000000  0.0000000  0.0000000  0.0000000  0.0000000 
 0.0000000  1.0000000  0.0000000  0.0000000  0.0000000 
 0.0000000  0.0000000  1.0000000  0.0000000  0.0000000 
 0.0000000  0.0000000  0.0000000  1.0000000  0.0000000 
 0.0000000  0.0000000  0.0000000  0.0000000  1.0000000 

     6.2537000     2.7084000     1.1729000     0.5080000

 1.0000000  0.0000000  0.0000000  0.0000000 
 0.0000000  1.0000000  0.0000000  0.0000000 
 0.0000000  0.0000000  1.0000000  0.0000000 
 0.0000000  0.0000000  0.0000000  1.0000000 

     5.0017000     2.1158000     0.8950000

 1.0000000  0.0000000  0.0000000 
 0.0000000  1.0000000  0.0000000 
 0.0000000  0.0000000  1.0000000 

     4.0207000     1.5530000

 1.0000000  0.0000000 
 0.0000000  1.0000000 

     2.6000000

 1.0000000 




