!  pV7Z  EMSL  Basis Set Exchange Library   3/19/13 6:35 PM
! Elements                             References
! --------                             ----------
! H:         D. Feller
! C - F, S:  D. Feller and K.A. Peterson, J. Chem. Phys. 110, 8384 (1999)
! D. Feller and J.A. Sordo, J. Chem. Phys. 113, 485 (2000)
! and Ed Valeev (k function exponents)
! Ne         K. A. Peterson (to be published)
! 



H:pV7Z
EMSL BASIS SET LIBRARY

  7
    0    1    2    3    4    5    6
    7    6    5    4    3    2    1
   14    6    5    4    3    2    1

  2762.5161400  1211.8584400   531.6171200   233.2093860   102.3041130
    44.8786889    19.6873484    8.63643073    3.78862274    1.66199008
    0.72908052    0.31983248    0.14030386    0.06154839

 0.0000220  0.0000000  0.0000000  0.0000000  0.0000000  0.0000000  0.0000000 
 0.0000060  0.0000000  0.0000000  0.0000000  0.0000000  0.0000000  0.0000000 
 0.0000944  0.0000000  0.0000000  0.0000000  0.0000000  0.0000000  0.0000000 
 0.0001794  0.0000000  0.0000000  0.0000000  0.0000000  0.0000000  0.0000000 
 0.0005845  0.0000000  0.0000000  0.0000000  0.0000000  0.0000000  0.0000000 
 0.0015591  0.0000000  0.0000000  0.0000000  0.0000000  0.0000000  0.0000000 
 0.0043883  0.0000000  0.0000000  0.0000000  0.0000000  0.0000000  0.0000000 
 0.0120863  0.0000000  0.0000000  0.0000000  0.0000000  0.0000000  0.0000000 
 0.0325303  1.0000000  0.0000000  0.0000000  0.0000000  0.0000000  0.0000000 
 0.0840580  0.0000000  1.0000000  0.0000000  0.0000000  0.0000000  0.0000000 
 0.1934247  0.0000000  0.0000000  1.0000000  0.0000000  0.0000000  0.0000000 
 0.3510641  0.0000000  0.0000000  0.0000000  1.0000000  0.0000000  0.0000000 
 0.3587822  0.0000000  0.0000000  0.0000000  0.0000000  1.0000000  0.0000000 
 0.1060899  0.0000000  0.0000000  0.0000000  0.0000000  0.0000000  1.0000000 

     8.1536480     3.8622750     1.8295080     0.8666140     0.4105030
     0.1944500

 1.0000000  0.0000000  0.0000000  0.0000000  0.0000000  0.0000000 
 0.0000000  1.0000000  0.0000000  0.0000000  0.0000000  0.0000000 
 0.0000000  0.0000000  1.0000000  0.0000000  0.0000000  0.0000000 
 0.0000000  0.0000000  0.0000000  1.0000000  0.0000000  0.0000000 
 0.0000000  0.0000000  0.0000000  0.0000000  1.0000000  0.0000000 
 0.0000000  0.0000000  0.0000000  0.0000000  0.0000000  1.0000000 

     6.0348330     3.0569580     1.5485090     0.7844010     0.3973400

 1.0000000  0.0000000  0.0000000  0.0000000  0.0000000 
 0.0000000  1.0000000  0.0000000  0.0000000  0.0000000 
 0.0000000  0.0000000  1.0000000  0.0000000  0.0000000 
 0.0000000  0.0000000  0.0000000  1.0000000  0.0000000 
 0.0000000  0.0000000  0.0000000  0.0000000  1.0000000 

     5.8947400     2.9029400     1.4295900     0.7040200

 1.0000000  0.0000000  0.0000000  0.0000000 
 0.0000000  1.0000000  0.0000000  0.0000000 
 0.0000000  0.0000000  1.0000000  0.0000000 
 0.0000000  0.0000000  0.0000000  1.0000000 

     4.6226740     2.1711260     1.0197100

 1.0000000  0.0000000  0.0000000 
 0.0000000  1.0000000  0.0000000 
 0.0000000  0.0000000  1.0000000 

     4.2237060     1.7050600

 1.0000000  0.0000000 
 0.0000000  1.0000000 

     3.4140000

 1.0000000 

C:pV7Z
EMSL BASIS SET LIBRARY

  8
    0    1    2    3    4    5    6    7
    8    7    6    5    4    3    2    1
   18   12    6    5    4    3    2    1

 949028.800000 142083.000000 32332.4700000  9158.1170000  2987.9090000
  1078.7880000   420.8308000   174.6003000    76.1829200    34.6358800
    16.2707600     7.8554790     3.8821720     1.9283340     0.8358060
     0.3862910     0.1768600     0.0802520

 0.0000014 -0.0000003  0.0000000  0.0000000  0.0000000  0.0000000  0.0000000 
 0.0000000 
 0.0000110 -0.0000023  0.0000000  0.0000000  0.0000000  0.0000000  0.0000000 
 0.0000000 
 0.0000578 -0.0000123  0.0000000  0.0000000  0.0000000  0.0000000  0.0000000 
 0.0000000 
 0.0002444 -0.0000520  0.0000000  0.0000000  0.0000000  0.0000000  0.0000000 
 0.0000000 
 0.0008910 -0.0001900  0.0000000  0.0000000  0.0000000  0.0000000  0.0000000 
 0.0000000 
 0.0029040 -0.0006200  0.0000000  0.0000000  0.0000000  0.0000000  0.0000000 
 0.0000000 
 0.0086310 -0.0018550  0.0000000  0.0000000  0.0000000  0.0000000  0.0000000 
 0.0000000 
 0.0235290 -0.0050920  0.0000000  0.0000000  0.0000000  0.0000000  0.0000000 
 0.0000000 
 0.0581610 -0.0129160  0.0000000  0.0000000  0.0000000  0.0000000  0.0000000 
 0.0000000 
 0.1266240 -0.0292300  0.0000000  0.0000000  0.0000000  0.0000000  0.0000000 
 0.0000000 
 0.2304650 -0.0584140  0.0000000  0.0000000  0.0000000  0.0000000  0.0000000 
 0.0000000 
 0.3192970 -0.0966550  0.0000000  0.0000000  0.0000000  0.0000000  0.0000000 
 0.0000000 
 0.2742950 -0.1260640  1.0000000  0.0000000  0.0000000  0.0000000  0.0000000 
 0.0000000 
 0.1022520 -0.0617220  0.0000000  1.0000000  0.0000000  0.0000000  0.0000000 
 0.0000000 
 0.0078620  0.1888280  0.0000000  0.0000000  1.0000000  0.0000000  0.0000000 
 0.0000000 
 0.0000068  0.4461160  0.0000000  0.0000000  0.0000000  1.0000000  0.0000000 
 0.0000000 
 0.0003690  0.4113350  0.0000000  0.0000000  0.0000000  0.0000000  1.0000000 
 0.0000000 
-0.0000124  0.1065520  0.0000000  0.0000000  0.0000000  0.0000000  0.0000000 
 1.0000000 

   765.4553000   180.8628000    58.7144100    22.4162500     9.4062140
     4.1871980     1.9558760     0.9453360     0.4627630     0.2267960
     0.1105920     0.0524000

 0.0000272  0.0000000  0.0000000  0.0000000  0.0000000  0.0000000  0.0000000 
 0.0002410  0.0000000  0.0000000  0.0000000  0.0000000  0.0000000  0.0000000 
 0.0013570  0.0000000  0.0000000  0.0000000  0.0000000  0.0000000  0.0000000 
 0.0056200  0.0000000  0.0000000  0.0000000  0.0000000  0.0000000  0.0000000 
 0.0182670  0.0000000  0.0000000  0.0000000  0.0000000  0.0000000  0.0000000 
 0.0500190  0.0000000  0.0000000  0.0000000  0.0000000  0.0000000  0.0000000 
 0.1164080  1.0000000  0.0000000  0.0000000  0.0000000  0.0000000  0.0000000 
 0.2144660  0.0000000  1.0000000  0.0000000  0.0000000  0.0000000  0.0000000 
 0.3011680  0.0000000  0.0000000  1.0000000  0.0000000  0.0000000  0.0000000 
 0.3080450  0.0000000  0.0000000  0.0000000  1.0000000  0.0000000  0.0000000 
 0.1884750  0.0000000  0.0000000  0.0000000  0.0000000  1.0000000  0.0000000 
 0.0396220  0.0000000  0.0000000  0.0000000  0.0000000  0.0000000  1.0000000 

     8.0028000     3.6663000     1.6796000     0.7695000     0.3525000
     0.1615000

 1.0000000  0.0000000  0.0000000  0.0000000  0.0000000  0.0000000 
 0.0000000  1.0000000  0.0000000  0.0000000  0.0000000  0.0000000 
 0.0000000  0.0000000  1.0000000  0.0000000  0.0000000  0.0000000 
 0.0000000  0.0000000  0.0000000  1.0000000  0.0000000  0.0000000 
 0.0000000  0.0000000  0.0000000  0.0000000  1.0000000  0.0000000 
 0.0000000  0.0000000  0.0000000  0.0000000  0.0000000  1.0000000 

     3.5134000     1.8214000     0.9443000     0.4896000     0.2538000

 1.0000000  0.0000000  0.0000000  0.0000000  0.0000000 
 0.0000000  1.0000000  0.0000000  0.0000000  0.0000000 
 0.0000000  0.0000000  1.0000000  0.0000000  0.0000000 
 0.0000000  0.0000000  0.0000000  1.0000000  0.0000000 
 0.0000000  0.0000000  0.0000000  0.0000000  1.0000000 

     3.0363000     1.6713000     0.9200000     0.5064000

 1.0000000  0.0000000  0.0000000  0.0000000 
 0.0000000  1.0000000  0.0000000  0.0000000 
 0.0000000  0.0000000  1.0000000  0.0000000 
 0.0000000  0.0000000  0.0000000  1.0000000 

     1.8273000     0.8999000     0.4432000

 1.0000000  0.0000000  0.0000000 
 0.0000000  1.0000000  0.0000000 
 0.0000000  0.0000000  1.0000000 

     3.2802000     0.6777000

 1.0000000  0.0000000 
 0.0000000  1.0000000 

     1.9560000

 1.0000000 

N:pV7Z
EMSL BASIS SET LIBRARY

  8
    0    1    2    3    4    5    6    7
    8    7    6    5    4    3    2    1
   18   12    6    5    4    3    2    1

 1296296.00000 194068.600000 44160.5700000 12507.7200000  4080.4760000
  1473.1400000   574.6066000   238.3700000   103.9936000    47.2794400
    22.2187100    10.7356900     5.3088560     2.6391770     1.1657640
     0.5370910     0.2449040     0.1102710

 0.0000014 -0.0000003  0.0000000  0.0000000  0.0000000  0.0000000  0.0000000 
 0.0000000 
 0.0000110 -0.0000024  0.0000000  0.0000000  0.0000000  0.0000000  0.0000000 
 0.0000000 
 0.0000580 -0.0000127  0.0000000  0.0000000  0.0000000  0.0000000  0.0000000 
 0.0000000 
 0.0002450 -0.0000539  0.0000000  0.0000000  0.0000000  0.0000000  0.0000000 
 0.0000000 
 0.0008930 -0.0001973  0.0000000  0.0000000  0.0000000  0.0000000  0.0000000 
 0.0000000 
 0.0029130 -0.0006432  0.0000000  0.0000000  0.0000000  0.0000000  0.0000000 
 0.0000000 
 0.0086640 -0.0019264  0.0000000  0.0000000  0.0000000  0.0000000  0.0000000 
 0.0000000 
 0.0236350 -0.0052948  0.0000000  0.0000000  0.0000000  0.0000000  0.0000000 
 0.0000000 
 0.0585180 -0.0134588  0.0000000  0.0000000  0.0000000  0.0000000  0.0000000 
 0.0000000 
 0.1277287 -0.0306129  0.0000000  0.0000000  0.0000000  0.0000000  0.0000000 
 0.0000000 
 0.2328737 -0.0615113  0.0000000  0.0000000  0.0000000  0.0000000  0.0000000 
 0.0000000 
 0.3211170 -0.1020055  0.0000000  0.0000000  0.0000000  0.0000000  0.0000000 
 0.0000000 
 0.2713167 -0.1295014  1.0000000  0.0000000  0.0000000  0.0000000  0.0000000 
 0.0000000 
 0.0985308 -0.0537032  0.0000000  1.0000000  0.0000000  0.0000000  0.0000000 
 0.0000000 
 0.0078886  0.2029765  0.0000000  0.0000000  1.0000000  0.0000000  0.0000000 
 0.0000000 
 0.0003125  0.4485747  0.0000000  0.0000000  0.0000000  1.0000000  0.0000000 
 0.0000000 
 0.0003640  0.4003138  0.0000000  0.0000000  0.0000000  0.0000000  1.0000000 
 0.0000000 
 0.0000727  0.1024529  0.0000000  0.0000000  0.0000000  0.0000000  0.0000000 
 1.0000000 

  1094.9600000   258.6611000    83.8525500    31.9622500    13.4112100
     5.9854710     2.8036300     1.3557360     0.6623960     0.3229120
     0.1559210     0.0728200

 0.0000276  0.0000000  0.0000000  0.0000000  0.0000000  0.0000000  0.0000000 
 0.0002450  0.0000000  0.0000000  0.0000000  0.0000000  0.0000000  0.0000000 
 0.0013920  0.0000000  0.0000000  0.0000000  0.0000000  0.0000000  0.0000000 
 0.0058590  0.0000000  0.0000000  0.0000000  0.0000000  0.0000000  0.0000000 
 0.0194130  0.0000000  0.0000000  0.0000000  0.0000000  0.0000000  0.0000000 
 0.0535998  0.0000000  0.0000000  0.0000000  0.0000000  0.0000000  0.0000000 
 0.1231956  1.0000000  0.0000000  0.0000000  0.0000000  0.0000000  0.0000000 
 0.2215690  0.0000000  1.0000000  0.0000000  0.0000000  0.0000000  0.0000000 
 0.3024095  0.0000000  0.0000000  1.0000000  0.0000000  0.0000000  0.0000000 
 0.3009864  0.0000000  0.0000000  0.0000000  1.0000000  0.0000000  0.0000000 
 0.1817918  0.0000000  0.0000000  0.0000000  0.0000000  1.0000000  0.0000000 
 0.0387420  0.0000000  0.0000000  0.0000000  0.0000000  0.0000000  1.0000000 

     8.5914298     4.0335351     1.8936785     0.8890509     0.4173948
     0.1959600

 1.0000000  0.0000000  0.0000000  0.0000000  0.0000000  0.0000000 
 0.0000000  1.0000000  0.0000000  0.0000000  0.0000000  0.0000000 
 0.0000000  0.0000000  1.0000000  0.0000000  0.0000000  0.0000000 
 0.0000000  0.0000000  0.0000000  1.0000000  0.0000000  0.0000000 
 0.0000000  0.0000000  0.0000000  0.0000000  1.0000000  0.0000000 
 0.0000000  0.0000000  0.0000000  0.0000000  0.0000000  1.0000000 

     5.7389002     2.7724156     1.3393312     0.6470199     0.3125700

 1.0000000  0.0000000  0.0000000  0.0000000  0.0000000 
 0.0000000  1.0000000  0.0000000  0.0000000  0.0000000 
 0.0000000  0.0000000  1.0000000  0.0000000  0.0000000 
 0.0000000  0.0000000  0.0000000  1.0000000  0.0000000 
 0.0000000  0.0000000  0.0000000  0.0000000  1.0000000 

     5.5368024     2.5872908     1.2090144     0.5649600

 1.0000000  0.0000000  0.0000000  0.0000000 
 0.0000000  1.0000000  0.0000000  0.0000000 
 0.0000000  0.0000000  1.0000000  0.0000000 
 0.0000000  0.0000000  0.0000000  1.0000000 

     4.2181288     2.0871494     1.0327300

 1.0000000  0.0000000  0.0000000 
 0.0000000  1.0000000  0.0000000 
 0.0000000  0.0000000  1.0000000 

     3.4500000     1.5800000

 1.0000000  0.0000000 
 0.0000000  1.0000000 

     2.3790000

 1.0000000 

O:pV7Z
EMSL BASIS SET LIBRARY

  8
    0    1    2    3    4    5    6    7
    8    7    6    5    4    3    2    1
   18   12    6    5    4    3    2    1

 1678789.00000 251388.200000 57213.7300000 16207.4400000  5288.2760000
  1909.4780000   744.9231000   309.0755000   134.8645000    61.3312900
    28.8379600    13.9450400     6.8990770     3.4315770     1.5398400
     0.7097510     0.3230470     0.1442220

 0.0000014 -0.0000003  0.0000000  0.0000000  0.0000000  0.0000000  0.0000000 
 0.0000000 
 0.0000112 -0.0000025  0.0000000  0.0000000  0.0000000  0.0000000  0.0000000 
 0.0000000 
 0.0000589 -0.0000134  0.0000000  0.0000000  0.0000000  0.0000000  0.0000000 
 0.0000000 
 0.0002490 -0.0000560  0.0000000  0.0000000  0.0000000  0.0000000  0.0000000 
 0.0000000 
 0.0009070 -0.0002060  0.0000000  0.0000000  0.0000000  0.0000000  0.0000000 
 0.0000000 
 0.0029570 -0.0006720  0.0000000  0.0000000  0.0000000  0.0000000  0.0000000 
 0.0000000 
 0.0087910 -0.0020130  0.0000000  0.0000000  0.0000000  0.0000000  0.0000000 
 0.0000000 
 0.0239800 -0.0055350  0.0000000  0.0000000  0.0000000  0.0000000  0.0000000 
 0.0000000 
 0.0593810 -0.0140790  0.0000000  0.0000000  0.0000000  0.0000000  0.0000000 
 0.0000000 
 0.1296500 -0.0321130  0.0000000  0.0000000  0.0000000  0.0000000  0.0000000 
 0.0000000 
 0.2360640 -0.0646760  0.0000000  0.0000000  0.0000000  0.0000000  0.0000000 
 0.0000000 
 0.3229210 -0.1071540  0.0000000  0.0000000  0.0000000  0.0000000  0.0000000 
 0.0000000 
 0.2673950 -0.1324380  1.0000000  0.0000000  0.0000000  0.0000000  0.0000000 
 0.0000000 
 0.0938440 -0.0456550  0.0000000  1.0000000  0.0000000  0.0000000  0.0000000 
 0.0000000 
 0.0075330  0.2183840  0.0000000  0.0000000  1.0000000  0.0000000  0.0000000 
 0.0000000 
 0.0006320  0.4533790  0.0000000  0.0000000  0.0000000  1.0000000  0.0000000 
 0.0000000 
 0.0003560  0.3873530  0.0000000  0.0000000  0.0000000  0.0000000  1.0000000 
 0.0000000 
 0.0000330  0.0958660  0.0000000  0.0000000  0.0000000  0.0000000  0.0000000 
 1.0000000 

  1349.0590000   319.4569000   103.7804000    39.6282100    16.6613700
     7.4641660     3.5093250     1.6956800     0.8227420     0.3957330
     0.1876440     0.0858410

 0.0000323  0.0000000  0.0000000  0.0000000  0.0000000  0.0000000  0.0000000 
 0.0002860  0.0000000  0.0000000  0.0000000  0.0000000  0.0000000  0.0000000 
 0.0016160  0.0000000  0.0000000  0.0000000  0.0000000  0.0000000  0.0000000 
 0.0067850  0.0000000  0.0000000  0.0000000  0.0000000  0.0000000  0.0000000 
 0.0224990  0.0000000  0.0000000  0.0000000  0.0000000  0.0000000  0.0000000 
 0.0616740  0.0000000  0.0000000  0.0000000  0.0000000  0.0000000  0.0000000 
 0.1368450  1.0000000  0.0000000  0.0000000  0.0000000  0.0000000  0.0000000 
 0.2324860  0.0000000  1.0000000  0.0000000  0.0000000  0.0000000  0.0000000 
 0.2998210  0.0000000  0.0000000  1.0000000  0.0000000  0.0000000  0.0000000 
 0.2882440  0.0000000  0.0000000  0.0000000  1.0000000  0.0000000  0.0000000 
 0.1745550  0.0000000  0.0000000  0.0000000  0.0000000  1.0000000  0.0000000 
 0.0387270  0.0000000  0.0000000  0.0000000  0.0000000  0.0000000  1.0000000 

    10.0642930     4.8432594     2.3307312     1.1216223     0.5397605
     0.2597500

 1.0000000  0.0000000  0.0000000  0.0000000  0.0000000  0.0000000 
 0.0000000  1.0000000  0.0000000  0.0000000  0.0000000  0.0000000 
 0.0000000  0.0000000  1.0000000  0.0000000  0.0000000  0.0000000 
 0.0000000  0.0000000  0.0000000  1.0000000  0.0000000  0.0000000 
 0.0000000  0.0000000  0.0000000  0.0000000  1.0000000  0.0000000 
 0.0000000  0.0000000  0.0000000  0.0000000  0.0000000  1.0000000 

     6.9117087     3.4199449     1.6922043     0.8373104     0.4143050

 1.0000000  0.0000000  0.0000000  0.0000000  0.0000000 
 0.0000000  1.0000000  0.0000000  0.0000000  0.0000000 
 0.0000000  0.0000000  1.0000000  0.0000000  0.0000000 
 0.0000000  0.0000000  0.0000000  1.0000000  0.0000000 
 0.0000000  0.0000000  0.0000000  0.0000000  1.0000000 

     7.2379949     3.4157598     1.6119678     0.7607210

 1.0000000  0.0000000  0.0000000  0.0000000 
 0.0000000  1.0000000  0.0000000  0.0000000 
 0.0000000  0.0000000  1.0000000  0.0000000 
 0.0000000  0.0000000  0.0000000  1.0000000 

     5.7331092     2.5824816     1.1632800

 1.0000000  0.0000000  0.0000000 
 0.0000000  1.0000000  0.0000000 
 0.0000000  0.0000000  1.0000000 

     4.8130000     2.0780000

 1.0000000  0.0000000 
 0.0000000  1.0000000 

     3.1230000

 1.0000000 

F:pV7Z
EMSL BASIS SET LIBRARY

  8
    0    1    2    3    4    5    6    7
    8    7    6    5    4    3    2    1
   18   12    6    5    4    3    2    1

 2115112.00000 316699.700000 72075.7100000 20416.8300000  6661.4580000
  2405.1880000   938.2595000   389.2710000   169.8499000    77.2436700
    36.3287400    17.5738700     8.6935300     4.3217690     1.9595200
     0.9031850     0.4104050     0.1820240

 0.0000015 -0.0000003  0.0000000  0.0000000  0.0000000  0.0000000  0.0000000 
 0.0000000 
 0.0000113 -0.0000026  0.0000000  0.0000000  0.0000000  0.0000000  0.0000000 
 0.0000000 
 0.0000595 -0.0000137  0.0000000  0.0000000  0.0000000  0.0000000  0.0000000 
 0.0000000 
 0.0002514 -0.0000581  0.0000000  0.0000000  0.0000000  0.0000000  0.0000000 
 0.0000000 
 0.0009160 -0.0002124  0.0000000  0.0000000  0.0000000  0.0000000  0.0000000 
 0.0000000 
 0.0029860 -0.0006928  0.0000000  0.0000000  0.0000000  0.0000000  0.0000000 
 0.0000000 
 0.0088819 -0.0020746  0.0000000  0.0000000  0.0000000  0.0000000  0.0000000 
 0.0000000 
 0.0242321 -0.0057097  0.0000000  0.0000000  0.0000000  0.0000000  0.0000000 
 0.0000000 
 0.0600301 -0.0145356  0.0000000  0.0000000  0.0000000  0.0000000  0.0000000 
 0.0000000 
 0.1311355 -0.0332350  0.0000000  0.0000000  0.0000000  0.0000000  0.0000000 
 0.0000000 
 0.2385632 -0.0670662  0.0000000  0.0000000  0.0000000  0.0000000  0.0000000 
 0.0000000 
 0.3243075 -0.1109840  0.0000000  0.0000000  0.0000000  0.0000000  0.0000000 
 0.0000000 
 0.2643763 -0.1341456  1.0000000  0.0000000  0.0000000  0.0000000  0.0000000 
 0.0000000 
 0.0902843 -0.0387409  0.0000000  1.0000000  0.0000000  0.0000000  0.0000000 
 0.0000000 
 0.0072583  0.2297265  0.0000000  0.0000000  1.0000000  0.0000000  0.0000000 
 0.0000000 
 0.0008288  0.4557275  0.0000000  0.0000000  0.0000000  1.0000000  0.0000000 
 0.0000000 
 0.0003496  0.3778222  0.0000000  0.0000000  0.0000000  0.0000000  1.0000000 
 0.0000000 
 0.0000495  0.0913451  0.0000000  0.0000000  0.0000000  0.0000000  0.0000000 
 1.0000000 

  1687.7180000   399.6517000   129.8267000    49.5782600    20.8619300
     9.3655640     4.4099770     2.1283760     1.0282880     0.4907570
     0.2300730     0.1037660

 0.0000346  0.0000000  0.0000000  0.0000000  0.0000000  0.0000000  0.0000000 
 0.0003058  0.0000000  0.0000000  0.0000000  0.0000000  0.0000000  0.0000000 
 0.0017313  0.0000000  0.0000000  0.0000000  0.0000000  0.0000000  0.0000000 
 0.0072975  0.0000000  0.0000000  0.0000000  0.0000000  0.0000000  0.0000000 
 0.0243126  0.0000000  0.0000000  0.0000000  0.0000000  0.0000000  0.0000000 
 0.0664341  0.0000000  0.0000000  0.0000000  0.0000000  0.0000000  0.0000000 
 0.1445175  1.0000000  0.0000000  0.0000000  0.0000000  0.0000000  0.0000000 
 0.2383867  0.0000000  1.0000000  0.0000000  0.0000000  0.0000000  0.0000000 
 0.2985330  0.0000000  0.0000000  1.0000000  0.0000000  0.0000000  0.0000000 
 0.2811414  0.0000000  0.0000000  0.0000000  1.0000000  0.0000000  0.0000000 
 0.1699781  0.0000000  0.0000000  0.0000000  0.0000000  1.0000000  0.0000000 
 0.0385819  0.0000000  0.0000000  0.0000000  0.0000000  0.0000000  1.0000000 

    12.6344950     6.1124792     2.9571743     1.4306600     0.6921432
     0.3348540

 1.0000000  0.0000000  0.0000000  0.0000000  0.0000000  0.0000000 
 0.0000000  1.0000000  0.0000000  0.0000000  0.0000000  0.0000000 
 0.0000000  0.0000000  1.0000000  0.0000000  0.0000000  0.0000000 
 0.0000000  0.0000000  0.0000000  1.0000000  0.0000000  0.0000000 
 0.0000000  0.0000000  0.0000000  0.0000000  1.0000000  0.0000000 
 0.0000000  0.0000000  0.0000000  0.0000000  0.0000000  1.0000000 

    11.6443240     5.5714469     2.6657641     1.2754852     0.6102800

 1.0000000  0.0000000  0.0000000  0.0000000  0.0000000 
 0.0000000  1.0000000  0.0000000  0.0000000  0.0000000 
 0.0000000  0.0000000  1.0000000  0.0000000  0.0000000 
 0.0000000  0.0000000  0.0000000  1.0000000  0.0000000 
 0.0000000  0.0000000  0.0000000  0.0000000  1.0000000 

     8.2863953     3.9105216     1.8454562     0.8709090

 1.0000000  0.0000000  0.0000000  0.0000000 
 0.0000000  1.0000000  0.0000000  0.0000000 
 0.0000000  0.0000000  1.0000000  0.0000000 
 0.0000000  0.0000000  0.0000000  1.0000000 

     7.7626969     3.4810300     1.5610000

 1.0000000  0.0000000  0.0000000 
 0.0000000  1.0000000  0.0000000 
 0.0000000  0.0000000  1.0000000 

     5.5300000     2.1600000

 1.0000000  0.0000000 
 0.0000000  1.0000000 

     4.2560000

 1.0000000 

NE:pV7Z
EMSL BASIS SET LIBRARY

  8
    0    1    2    3    4    5    6    7
    8    7    6    5    4    3    2    1
   18   12    6    5    4    3    2    1

 2636740.00000 394695.000000 89814.2000000 25439.5000000  8292.4800000
  2991.7700000  1166.5800000   483.9270000   211.0490000    95.9684000
    45.1784000    21.8859000    10.8323000     5.3801400     2.4363700
     1.1192500     0.5066970     0.2234500

 0.0000014 -0.0000003  0.0000000  0.0000000  0.0000000  0.0000000  0.0000000 
 0.0000000 
 0.0000112 -0.0000026  0.0000000  0.0000000  0.0000000  0.0000000  0.0000000 
 0.0000000 
 0.0000589 -0.0000138  0.0000000  0.0000000  0.0000000  0.0000000  0.0000000 
 0.0000000 
 0.0002494 -0.0000585  0.0000000  0.0000000  0.0000000  0.0000000  0.0000000 
 0.0000000 
 0.0009103 -0.0002142  0.0000000  0.0000000  0.0000000  0.0000000  0.0000000 
 0.0000000 
 0.0029709 -0.0006992  0.0000000  0.0000000  0.0000000  0.0000000  0.0000000 
 0.0000000 
 0.0088363 -0.0020944  0.0000000  0.0000000  0.0000000  0.0000000  0.0000000 
 0.0000000 
 0.0241280 -0.0057692  0.0000000  0.0000000  0.0000000  0.0000000  0.0000000 
 0.0000000 
 0.0598885 -0.0147221  0.0000000  0.0000000  0.0000000  0.0000000  0.0000000 
 0.0000000 
 0.1309741 -0.0337206  0.0000000  0.0000000  0.0000000  0.0000000  0.0000000 
 0.0000000 
 0.2383562 -0.0681873  0.0000000  0.0000000  0.0000000  0.0000000  0.0000000 
 0.0000000 
 0.3241828 -0.1128970  0.0000000  0.0000000  0.0000000  0.0000000  0.0000000 
 0.0000000 
 0.2645205 -0.1355740  1.0000000  0.0000000  0.0000000  0.0000000  0.0000000 
 0.0000000 
 0.0904921 -0.0355977  0.0000000  1.0000000  0.0000000  0.0000000  0.0000000 
 0.0000000 
 0.0074405  0.2375429  0.0000000  0.0000000  1.0000000  0.0000000  0.0000000 
 0.0000000 
 0.0009209  0.4583447  0.0000000  0.0000000  0.0000000  1.0000000  0.0000000 
 0.0000000 
 0.0003670  0.3709621  0.0000000  0.0000000  0.0000000  0.0000000  1.0000000 
 0.0000000 
 0.0000549  0.0876677  0.0000000  0.0000000  0.0000000  0.0000000  0.0000000 
 1.0000000 

  2081.8400000   494.1240000   160.7080000    61.4172000    25.8676000
    11.6199000     5.4635300     2.6257400     1.2610600     0.5977780
     0.2781360     0.1243620

 0.0000359  0.0000000  0.0000000  0.0000000  0.0000000  0.0000000  0.0000000 
 0.0003165  0.0000000  0.0000000  0.0000000  0.0000000  0.0000000  0.0000000 
 0.0017921  0.0000000  0.0000000  0.0000000  0.0000000  0.0000000  0.0000000 
 0.0075793  0.0000000  0.0000000  0.0000000  0.0000000  0.0000000  0.0000000 
 0.0253956  0.0000000  0.0000000  0.0000000  0.0000000  0.0000000  0.0000000 
 0.0695194  0.0000000  0.0000000  0.0000000  0.0000000  0.0000000  0.0000000 
 0.1500873  1.0000000  0.0000000  0.0000000  0.0000000  0.0000000  0.0000000 
 0.2438008  0.0000000  1.0000000  0.0000000  0.0000000  0.0000000  0.0000000 
 0.2991993  0.0000000  0.0000000  1.0000000  0.0000000  0.0000000  0.0000000 
 0.2760379  0.0000000  0.0000000  0.0000000  1.0000000  0.0000000  0.0000000 
 0.1646421  0.0000000  0.0000000  0.0000000  0.0000000  1.0000000  0.0000000 
 0.0373287  0.0000000  0.0000000  0.0000000  0.0000000  0.0000000  1.0000000 

    16.2700000     7.8088200     3.7478600     1.7987900     0.8633360
     0.4143600

 1.0000000  0.0000000  0.0000000  0.0000000  0.0000000  0.0000000 
 0.0000000  1.0000000  0.0000000  0.0000000  0.0000000  0.0000000 
 0.0000000  0.0000000  1.0000000  0.0000000  0.0000000  0.0000000 
 0.0000000  0.0000000  0.0000000  1.0000000  0.0000000  0.0000000 
 0.0000000  0.0000000  0.0000000  0.0000000  1.0000000  0.0000000 
 0.0000000  0.0000000  0.0000000  0.0000000  0.0000000  1.0000000 

    17.0078000     7.9602800     3.7256900     1.7437600     0.8161400

 1.0000000  0.0000000  0.0000000  0.0000000  0.0000000 
 0.0000000  1.0000000  0.0000000  0.0000000  0.0000000 
 0.0000000  0.0000000  1.0000000  0.0000000  0.0000000 
 0.0000000  0.0000000  0.0000000  1.0000000  0.0000000 
 0.0000000  0.0000000  0.0000000  0.0000000  1.0000000 

    10.1051000     4.8284800     2.3071800     1.1024300

 1.0000000  0.0000000  0.0000000  0.0000000 
 0.0000000  1.0000000  0.0000000  0.0000000 
 0.0000000  0.0000000  1.0000000  0.0000000 
 0.0000000  0.0000000  0.0000000  1.0000000 

     9.8549000     4.4595900     2.0180800

 1.0000000  0.0000000  0.0000000 
 0.0000000  1.0000000  0.0000000 
 0.0000000  0.0000000  1.0000000 

     7.2823700     2.9259400

 1.0000000  0.0000000 
 0.0000000  1.0000000 

     5.2560000

 1.0000000 

S:pV7Z
EMSL BASIS SET LIBRARY

  8
    0    1    2    3    4    5    6    7
    9    8    6    5    4    3    2    1
   27   18    6    5    4    3    2    1

 7010036.00000 3489316.10000 1736842.20000 864530.730000 430328.890000
 214200.540000 106620.480000 53071.4180000 26416.8330000 13149.2450000
  6545.1692000  3257.9239000  1621.6645000   807.1998400   401.7918600
   199.9959500   99.54999800   49.55201500   24.66501500   12.27726000
   6.111129800   3.041876500   1.514124700   0.753670820   0.375147250
   0.186733320   0.092948394

 .14394E-5  .39743E-6 -.11553E-6  0.0000000  0.0000000  0.0000000  0.0000000 
 0.0000000  0.0000000 
-.84034E-6 -.23138E-6  .67978E-7  0.0000000  0.0000000  0.0000000  0.0000000 
 0.0000000  0.0000000 
 .48692E-5  .13427E-5 -.39224E-6  0.0000000  0.0000000  0.0000000  0.0000000 
 0.0000000  0.0000000 
 .32375E-5  .89975E-6 -.25512E-6  0.0000000  0.0000000  0.0000000  0.0000000 
 0.0000000  0.0000000 
 .16768E-4  .46194E-5 -.13547E-5  0.0000000  0.0000000  0.0000000  0.0000000 
 0.0000000  0.0000000 
 .31007E-4  .85924E-5 -.24647E-5  0.0000000  0.0000000  0.0000000  0.0000000 
 0.0000000  0.0000000 
 .82994E-4  .22872E-4 -.67032E-5  0.0000000  0.0000000  0.0000000  0.0000000 
 0.0000000  0.0000000 
 .18998E-3  .52621E-4 -.15143E-4  0.0000000  0.0000000  0.0000000  0.0000000 
 0.0000000  0.0000000 
 .46151E-3  .12735E-3 -.37253E-4  0.0000000  0.0000000  0.0000000  0.0000000 
 0.0000000  0.0000000 
 .10945E-2  .30346E-3 -.87521E-4  0.0000000  0.0000000  0.0000000  0.0000000 
 0.0000000  0.0000000 
  .2609E-2  .72242E-3 -.21103E-3  0.0000000  0.0000000  0.0000000  0.0000000 
 0.0000000  0.0000000 
 .61757E-2   .1722E-2 -.49767E-3  0.0000000  0.0000000  0.0000000  0.0000000 
 0.0000000  0.0000000 
 .14459E-1  .40541E-2 -.11841E-2  0.0000000  0.0000000  0.0000000  0.0000000 
 0.0000000  0.0000000 
 .33175E-1  .94757E-2 -.27474E-2  0.0000000  0.0000000  0.0000000  0.0000000 
 0.0000000  0.0000000 
 .72812E-1  .21425E-1 -.62804E-2  0.0000000  0.0000000  0.0000000  0.0000000 
 0.0000000  0.0000000 
 0.1472239  .46195E-1 -.13516E-1  0.0000000  0.0000000  0.0000000  0.0000000 
 0.0000000  0.0000000 
 0.2541443  .89914E-1 -.26819E-1  0.0000000  0.0000000  0.0000000  0.0000000 
 0.0000000  0.0000000 
 0.3247505  0.1463329  -.4428E-1  0.0000000  0.0000000  0.0000000  0.0000000 
 0.0000000  0.0000000 
 0.2308746  0.1490147 -.47655E-1  0.0000000  0.0000000  0.0000000  0.0000000 
 0.0000000  0.0000000 
 0.0594301 -0.0161861  .69192E-2  0.0000000  0.0000000  0.0000000  0.0000000 
 0.0000000  0.0000000 
 .38523E-2 -0.3446816  0.1275718  0.0000000  0.0000000  0.0000000  0.0000000 
 0.0000000  0.0000000 
 .75199E-3 -0.5242182  0.2882489  1.0000000  0.0000000  0.0000000  0.0000000 
 0.0000000  0.0000000 
 .96173E-4 -0.2389690  0.2327209  0.0000000  1.0000000  0.0000000  0.0000000 
 0.0000000  0.0000000 
 -.4848E-4 -0.0172975 -0.1794604  0.0000000  0.0000000  1.0000000  0.0000000 
 0.0000000  0.0000000 
 .59148E-5 -.32976E-2 -0.5183858  0.0000000  0.0000000  0.0000000  1.0000000 
 0.0000000  0.0000000 
-.16352E-4  .47299E-3 -0.4285380  0.0000000  0.0000000  0.0000000  0.0000000 
 1.0000000  0.0000000 
 .15469E-5 -.33072E-3 -0.1254947  0.0000000  0.0000000  0.0000000  0.0000000 
 0.0000000  1.0000000 

  9780.0262000  4800.6372000  2356.4475000  1156.6891000   567.7740000
   278.6983300   136.8022500   67.15094300   32.96180500   16.17967700
   7.941978900   3.898410800   1.913579300   0.939302210   0.461067190
   0.226320080   0.111091790   0.054530669

 .14401E-4  .36506E-5  0.0000000  0.0000000  0.0000000  0.0000000  0.0000000 
 0.0000000 
 .14765E-4  .38365E-5  0.0000000  0.0000000  0.0000000  0.0000000  0.0000000 
 0.0000000 
 .10012E-3   .2528E-4  0.0000000  0.0000000  0.0000000  0.0000000  0.0000000 
 0.0000000 
    .29E-3  .74471E-4  0.0000000  0.0000000  0.0000000  0.0000000  0.0000000 
 0.0000000 
 .10416E-2  .26448E-3  0.0000000  0.0000000  0.0000000  0.0000000  0.0000000 
 0.0000000 
 .34038E-2  .87332E-3  0.0000000  0.0000000  0.0000000  0.0000000  0.0000000 
 0.0000000 
 .10841E-1  .27778E-2  0.0000000  0.0000000  0.0000000  0.0000000  0.0000000 
 0.0000000 
 .31942E-1  .82927E-2  0.0000000  0.0000000  0.0000000  0.0000000  0.0000000 
 0.0000000 
 .84895E-1  .22359E-1  0.0000000  0.0000000  0.0000000  0.0000000  0.0000000 
 0.0000000 
 0.1856741  .50262E-1  0.0000000  0.0000000  0.0000000  0.0000000  0.0000000 
 0.0000000 
 0.3046790  .84322E-1  0.0000000  0.0000000  0.0000000  0.0000000  0.0000000 
 0.0000000 
 0.3454515  0.1027551  0.0000000  0.0000000  0.0000000  0.0000000  0.0000000 
 0.0000000 
 0.2021923  0.0439406  1.0000000  0.0000000  0.0000000  0.0000000  0.0000000 
 0.0000000 
 0.0382708 -0.1516621  0.0000000  1.0000000  0.0000000  0.0000000  0.0000000 
 0.0000000 
 .32742E-2 -0.3455306  0.0000000  0.0000000  1.0000000  0.0000000  0.0000000 
 0.0000000 
 .15021E-3 -0.3849154  0.0000000  0.0000000  0.0000000  1.0000000  0.0000000 
 0.0000000 
 .47904E-3 -0.2327052  0.0000000  0.0000000  0.0000000  0.0000000  1.0000000 
 0.0000000 
-.31821E-4 -0.0528525  0.0000000  0.0000000  0.0000000  0.0000000  0.0000000 
 1.0000000 

     8.1157469     3.6595333     1.6501480     0.7440808     0.3355191
     0.1512915

 1.0000000  0.0000000  0.0000000  0.0000000  0.0000000  0.0000000 
 0.0000000  1.0000000  0.0000000  0.0000000  0.0000000  0.0000000 
 0.0000000  0.0000000  1.0000000  0.0000000  0.0000000  0.0000000 
 0.0000000  0.0000000  0.0000000  1.0000000  0.0000000  0.0000000 
 0.0000000  0.0000000  0.0000000  0.0000000  1.0000000  0.0000000 
 0.0000000  0.0000000  0.0000000  0.0000000  0.0000000  1.0000000 

     1.7321483     0.7770966     0.3486301     0.1564065     0.0701689

 1.0000000  0.0000000  0.0000000  0.0000000  0.0000000 
 0.0000000  1.0000000  0.0000000  0.0000000  0.0000000 
 0.0000000  0.0000000  1.0000000  0.0000000  0.0000000 
 0.0000000  0.0000000  0.0000000  1.0000000  0.0000000 
 0.0000000  0.0000000  0.0000000  0.0000000  1.0000000 

     1.5999868     0.9809852     0.6014624     0.3687691

 1.0000000  0.0000000  0.0000000  0.0000000 
 0.0000000  1.0000000  0.0000000  0.0000000 
 0.0000000  0.0000000  1.0000000  0.0000000 
 0.0000000  0.0000000  0.0000000  1.0000000 

     1.5347571     0.9157262     0.5463760

 1.0000000  0.0000000  0.0000000 
 0.0000000  1.0000000  0.0000000 
 0.0000000  0.0000000  1.0000000 

     1.5000000     0.7570000

 1.0000000  0.0000000 
 0.0000000  1.0000000 

     1.2090000

 1.0000000 




