!  s3-21G*  EMSL  Basis Set Exchange Library   3/19/13 6:38 PM
! Elements                             References
! --------                             ----------
! Sc-Zn: M. Swart, M. Güell, J.M. Luis and M. Solà, Spin-state corrected Gaussian-type orbital basis sets, J. Phys. Chem. A 114, 7191?7197 (2010).
! 



SC:s3-21G*
EMSL BASIS SET LIBRARY

  4
    0    1    2    3
    5    4    3    1
   12    9    4    1

 2119.88700000 320.429900000  69.898930000  89.764500000  19.385100000
   5.731423000   5.491938000   1.743742000   0.566227000   0.516802000
   0.067214000   0.025985000

 0.0644210  0.0000000  0.0000000  0.0000000  0.0000000 
 0.3791600  0.0000000  0.0000000  0.0000000  0.0000000 
 0.6789630  0.0000000  0.0000000  0.0000000  0.0000000 
 0.0000000 -0.1093840  0.0000000  0.0000000  0.0000000 
 0.0000000  0.1050700  0.0000000  0.0000000  0.0000000 
 0.0000000  0.9522050  0.0000000  0.0000000  0.0000000 
 0.0000000  0.0000000 -0.2852110  0.0000000  0.0000000 
 0.0000000  0.0000000  0.3241550  0.0000000  0.0000000 
 0.0000000  0.0000000  0.8565920  0.0000000  0.0000000 
 0.0000000  0.0000000  0.0000000 -0.2626780  0.0000000 
 0.0000000  0.0000000  0.0000000  1.1080790  0.0000000 
 0.0000000  0.0000000  0.0000000  0.0000000  1.0000000 

  89.764500000  19.385100000   5.731423000   5.491938000   1.743742000
   0.566227000   0.516802000   0.067214000   0.025985000

 0.1363280  0.0000000  0.0000000  0.0000000 
 0.5418600  0.0000000  0.0000000  0.0000000 
 0.4950550  0.0000000  0.0000000  0.0000000 
 0.0000000  0.0176140  0.0000000  0.0000000 
 0.0000000  0.4336450  0.0000000  0.0000000 
 0.0000000  0.6425510  0.0000000  0.0000000 
 0.0000000  0.0000000  0.0003270  0.0000000 
 0.0000000  0.0000000  0.9998930  0.0000000 
 0.0000000  0.0000000  0.0000000  1.0000000 

   5.722215000   1.360849000   0.322652000   0.076620000

 0.2652360  0.0000000  0.0000000 
 0.8558610  0.0000000  0.0000000 
 0.0000000  1.0000000  0.0000000 
 0.0000000  0.0000000  1.0000000 

   0.800000000

 1.0000000 

TI:s3-21G*
EMSL BASIS SET LIBRARY

  4
    0    1    2    3
    5    4    3    1
   12    9    4    1

 2335.02000000 353.044100000  77.058450000  99.573870000  21.546710000
   6.413965000   6.238279000   1.996108000   0.646490000   0.573285000
   0.073119000   0.026538000

 0.0642170  0.0000000  0.0000000  0.0000000  0.0000000 
 0.3784120  0.0000000  0.0000000  0.0000000  0.0000000 
 0.6796810  0.0000000  0.0000000  0.0000000  0.0000000 
 0.0000000 -0.1094720  0.0000000  0.0000000  0.0000000 
 0.0000000  0.1019430  0.0000000  0.0000000  0.0000000 
 0.0000000  0.9546220  0.0000000  0.0000000  0.0000000 
 0.0000000  0.0000000 -0.2861370  0.0000000  0.0000000 
 0.0000000  0.0000000  0.3218280  0.0000000  0.0000000 
 0.0000000  0.0000000  0.8595510  0.0000000  0.0000000 
 0.0000000  0.0000000  0.0000000 -0.2424500  0.0000000 
 0.0000000  0.0000000  0.0000000  1.1000750  0.0000000 
 0.0000000  0.0000000  0.0000000  0.0000000  1.0000000 

  99.573870000  21.546710000   6.413965000   6.238279000   1.996108000
   0.646490000   0.573285000   0.073119000   0.026538000

 0.1372970  0.0000000  0.0000000  0.0000000 
 0.5458750  0.0000000  0.0000000  0.0000000 
 0.4890680  0.0000000  0.0000000  0.0000000 
 0.0000000  0.0192370  0.0000000  0.0000000 
 0.0000000  0.4404420  0.0000000  0.0000000 
 0.0000000  0.6356200  0.0000000  0.0000000 
 0.0000000  0.0000000  0.0002920  0.0000000 
 0.0000000  0.0000000  0.9999070  0.0000000 
 0.0000000  0.0000000  0.0000000  1.0000000 

   7.083666000   1.709634000   0.414123000   0.100130000

 0.2629210  0.0000000  0.0000000 
 0.8557720  0.0000000  0.0000000 
 0.0000000  1.0000000  0.0000000 
 0.0000000  0.0000000  1.0000000 

   0.800000000

 1.0000000 

V:s3-21G*
EMSL BASIS SET LIBRARY

  4
    0    1    2    3
    5    4    3    1
   12    9    4    1

 2563.87700000 387.534000000  84.598230000 109.793800000  23.769210000
   7.122961000   6.981204000   2.219839000   0.719803000   0.631262000
   0.080062000   0.028865000

 0.0639480  0.0000000  0.0000000  0.0000000  0.0000000 
 0.3775940  0.0000000  0.0000000  0.0000000  0.0000000 
 0.6805420  0.0000000  0.0000000  0.0000000  0.0000000 
 0.0000000 -0.1098360  0.0000000  0.0000000  0.0000000 
 0.0000000  0.1007070  0.0000000  0.0000000  0.0000000 
 0.0000000  0.9556330  0.0000000  0.0000000  0.0000000 
 0.0000000  0.0000000 -0.2884590  0.0000000  0.0000000 
 0.0000000  0.0000000  0.3364360  0.0000000  0.0000000 
 0.0000000  0.0000000  0.8481900  0.0000000  0.0000000 
 0.0000000  0.0000000  0.0000000 -0.2364900  0.0000000 
 0.0000000  0.0000000  0.0000000  1.0977210  0.0000000 
 0.0000000  0.0000000  0.0000000  0.0000000  1.0000000 

 109.793800000  23.769210000   7.122961000   6.981204000   2.219839000
   0.719803000   0.631262000   0.080062000   0.028865000

 0.1384210  0.0000000  0.0000000  0.0000000 
 0.5504890  0.0000000  0.0000000  0.0000000 
 0.4824170  0.0000000  0.0000000  0.0000000 
 0.0000000  0.0218210  0.0000000  0.0000000 
 0.0000000  0.4567620  0.0000000  0.0000000 
 0.0000000  0.6186750  0.0000000  0.0000000 
 0.0000000  0.0000000  0.0001900  0.0000000 
 0.0000000  0.0000000  0.9999400  0.0000000 
 0.0000000  0.0000000  0.0000000  1.0000000 

   8.342917000   2.032944000   0.495712000   0.120830000

 0.2640620  0.0000000  0.0000000 
 0.8539660  0.0000000  0.0000000 
 0.0000000  1.0000000  0.0000000 
 0.0000000  0.0000000  1.0000000 

   0.800000000

 1.0000000 

CR:s3-21G*
EMSL BASIS SET LIBRARY

  4
    0    1    2    3
    5    4    3    1
   12    9    4    1

 2798.29400000 423.137000000  92.438860000 120.280600000  26.037270000
   7.844172000   7.793276000   2.497196000   0.805142000   0.703921000
   0.086162000   0.032199000

 0.0638240  0.0000000  0.0000000  0.0000000  0.0000000 
 0.3770840  0.0000000  0.0000000  0.0000000  0.0000000 
 0.6809890  0.0000000  0.0000000  0.0000000  0.0000000 
 0.0000000 -0.1177790  0.0000000  0.0000000  0.0000000 
 0.0000000  0.1014310  0.0000000  0.0000000  0.0000000 
 0.0000000  0.9571980  0.0000000  0.0000000  0.0000000 
 0.0000000  0.0000000 -0.2888570  0.0000000  0.0000000 
 0.0000000  0.0000000  0.3351150  0.0000000  0.0000000 
 0.0000000  0.0000000  0.8502480  0.0000000  0.0000000 
 0.0000000  0.0000000  0.0000000 -0.2322510  0.0000000 
 0.0000000  0.0000000  0.0000000  1.0936710  0.0000000 
 0.0000000  0.0000000  0.0000000  0.0000000  1.0000000 

 120.280600000  26.037270000   7.844172000   7.793276000   2.497196000
   0.805142000   0.703921000   0.086162000   0.032199000

 0.1398780  0.0000000  0.0000000  0.0000000 
 0.5559830  0.0000000  0.0000000  0.0000000 
 0.4748180  0.0000000  0.0000000  0.0000000 
 0.0000000  0.0221850  0.0000000  0.0000000 
 0.0000000  0.4616250  0.0000000  0.0000000 
 0.0000000  0.6145390  0.0000000  0.0000000 
 0.0000000  0.0000000  0.0001800  0.0000000 
 0.0000000  0.0000000  0.9999450  0.0000000 
 0.0000000  0.0000000  0.0000000  1.0000000 

   9.625339000   2.362264000   0.577094000   0.141310000

 0.2655960  0.0000000  0.0000000 
 0.8521560  0.0000000  0.0000000 
 0.0000000  1.0000000  0.0000000 
 0.0000000  0.0000000  1.0000000 

   0.800000000

 1.0000000 

MN:s3-21G*
EMSL BASIS SET LIBRARY

  4
    0    1    2    3
    5    4    3    1
   12    9    4    1

 3041.68600000 460.090100000 100.595800000 131.767300000  28.569150000
   8.660501000   8.569081000   2.768178000   0.887288000   0.767443000
   0.092025000   0.033265000

 0.0637450  0.0000000  0.0000000  0.0000000  0.0000000 
 0.3767490  0.0000000  0.0000000  0.0000000  0.0000000 
 0.6812470  0.0000000  0.0000000  0.0000000  0.0000000 
 0.0000000 -0.1102960  0.0000000  0.0000000  0.0000000 
 0.0000000  0.0981900  0.0000000  0.0000000  0.0000000 
 0.0000000  0.9576590  0.0000000  0.0000000  0.0000000 
 0.0000000  0.0000000 -0.2917140  0.0000000  0.0000000 
 0.0000000  0.0000000  0.3439630  0.0000000  0.0000000 
 0.0000000  0.0000000  0.8451980  0.0000000  0.0000000 
 0.0000000  0.0000000  0.0000000 -0.2300040  0.0000000 
 0.0000000  0.0000000  0.0000000  1.0914500  0.0000000 
 0.0000000  0.0000000  0.0000000  0.0000000  1.0000000 

 131.767300000  28.569150000   8.660501000   8.569081000   2.768178000
   0.887288000   0.767443000   0.092025000   0.033265000

 0.1404540  0.0000000  0.0000000  0.0000000 
 0.5578020  0.0000000  0.0000000  0.0000000 
 0.4715010  0.0000000  0.0000000  0.0000000 
 0.0000000  0.0242240  0.0000000  0.0000000 
 0.0000000  0.4686600  0.0000000  0.0000000 
 0.0000000  0.6074210  0.0000000  0.0000000 
 0.0000000  0.0000000  0.0003080  0.0000000 
 0.0000000  0.0000000  0.9999070  0.0000000 
 0.0000000  0.0000000  0.0000000  1.0000000 

  11.068840000   2.730707000   0.668509000   0.164290000

 0.2652720  0.0000000  0.0000000 
 0.8517950  0.0000000  0.0000000 
 0.0000000  1.0000000  0.0000000 
 0.0000000  0.0000000  1.0000000 

   0.800000000

 1.0000000 

FE:s3-21G*
EMSL BASIS SET LIBRARY

  4
    0    1    2    3
    5    4    3    1
   12    9    4    1

 3299.18400000 499.088600000 109.161400000 143.465200000  31.168580000
   9.483612000   9.464565000   3.100373000   0.986493000   0.853412000
   0.098812000   0.036442000

 0.0635860  0.0000000  0.0000000  0.0000000  0.0000000 
 0.3762020  0.0000000  0.0000000  0.0000000  0.0000000 
 0.6817850  0.0000000  0.0000000  0.0000000  0.0000000 
 0.0000000 -0.1105520  0.0000000  0.0000000  0.0000000 
 0.0000000  0.0968470  0.0000000  0.0000000  0.0000000 
 0.0000000  0.9587970  0.0000000  0.0000000  0.0000000 
 0.0000000  0.0000000 -0.2920560  0.0000000  0.0000000 
 0.0000000  0.0000000  0.3375240  0.0000000  0.0000000 
 0.0000000  0.0000000  0.8519420  0.0000000  0.0000000 
 0.0000000  0.0000000  0.0000000 -0.2279440  0.0000000 
 0.0000000  0.0000000  0.0000000  1.0882870  0.0000000 
 0.0000000  0.0000000  0.0000000  0.0000000  1.0000000 

 143.465200000  31.168580000   9.483612000   9.464565000   3.100373000
   0.986493000   0.853412000   0.098812000   0.036442000

 0.1411010  0.0000000  0.0000000  0.0000000 
 0.5603870  0.0000000  0.0000000  0.0000000 
 0.4676440  0.0000000  0.0000000  0.0000000 
 0.0000000  0.0237620  0.0000000  0.0000000 
 0.0000000  0.4689110  0.0000000  0.0000000 
 0.0000000  0.6083110  0.0000000  0.0000000 
 0.0000000  0.0000000 -0.0004260  0.0000000 
 0.0000000  0.0000000  1.0001240  0.0000000 
 0.0000000  0.0000000  0.0000000  1.0000000 

  12.354490000   3.055605000   0.738591000   0.180600000

 0.2686110  0.0000000  0.0000000 
 0.8492720  0.0000000  0.0000000 
 0.0000000  1.0000000  0.0000000 
 0.0000000  0.0000000  1.0000000 

   0.800000000

 1.0000000 

CO:s3-21G*
EMSL BASIS SET LIBRARY

  4
    0    1    2    3
    5    4    3    1
   12    9    4    1

 3564.76200000 539.390800000 118.044900000 155.438200000  33.815610000
  10.333230000  10.381520000   3.382714000   1.076954000   0.909015000
   0.105041000   0.037257000

 0.0634870  0.0000000  0.0000000  0.0000000  0.0000000 
 0.3758180  0.0000000  0.0000000  0.0000000  0.0000000 
 0.6821220  0.0000000  0.0000000  0.0000000  0.0000000 
 0.0000000 -0.1109870  0.0000000  0.0000000  0.0000000 
 0.0000000  0.0967670  0.0000000  0.0000000  0.0000000 
 0.0000000  0.9589920  0.0000000  0.0000000  0.0000000 
 0.0000000  0.0000000 -0.2922620  0.0000000  0.0000000 
 0.0000000  0.0000000  0.3432510  0.0000000  0.0000000 
 0.0000000  0.0000000  0.8469630  0.0000000  0.0000000 
 0.0000000  0.0000000  0.0000000 -0.2174600  0.0000000 
 0.0000000  0.0000000  0.0000000  1.0849980  0.0000000 
 0.0000000  0.0000000  0.0000000  0.0000000  1.0000000 

 155.438200000  33.815610000  10.333230000  10.381520000   3.382714000
   1.076954000   0.909015000   0.105041000   0.037257000

 0.1420640  0.0000000  0.0000000  0.0000000 
 0.5634440  0.0000000  0.0000000  0.0000000 
 0.4630240  0.0000000  0.0000000  0.0000000 
 0.0000000  0.0263130  0.0000000  0.0000000 
 0.0000000  0.4769170  0.0000000  0.0000000 
 0.0000000  0.5991540  0.0000000  0.0000000 
 0.0000000  0.0000000  0.0002280  0.0000000 
 0.0000000  0.0000000  0.9999340  0.0000000 
 0.0000000  0.0000000  0.0000000  1.0000000 

  13.740700000   3.408983000   0.818641000   0.199850000

 0.2709550  0.0000000  0.0000000 
 0.8473420  0.0000000  0.0000000 
 0.0000000  1.0000000  0.0000000 
 0.0000000  0.0000000  1.0000000 

   0.800000000

 1.0000000 

NI:s3-21G*
EMSL BASIS SET LIBRARY

  4
    0    1    2    3
    5    4    3    1
   12    9    4    1

 3848.00500000 582.030700000 127.367400000 168.289600000  36.656330000
  11.232120000  11.358770000   3.738846000   1.182463000   0.988904000
   0.111025000   0.039258000

 0.0632660  0.0000000  0.0000000  0.0000000  0.0000000 
 0.3751710  0.0000000  0.0000000  0.0000000  0.0000000 
 0.6828240  0.0000000  0.0000000  0.0000000  0.0000000 
 0.0000000 -0.1111150  0.0000000  0.0000000  0.0000000 
 0.0000000  0.0953240  0.0000000  0.0000000  0.0000000 
 0.0000000  0.9601610  0.0000000  0.0000000  0.0000000 
 0.0000000  0.0000000 -0.2920600  0.0000000  0.0000000 
 0.0000000  0.0000000  0.3375410  0.0000000  0.0000000 
 0.0000000  0.0000000  0.8525330  0.0000000  0.0000000 
 0.0000000  0.0000000  0.0000000 -0.2136870  0.0000000 
 0.0000000  0.0000000  0.0000000  1.0819330  0.0000000 
 0.0000000  0.0000000  0.0000000  0.0000000  1.0000000 

 168.289600000  36.656330000  11.232120000  11.358770000   3.738846000
   1.182463000   0.988904000   0.111025000   0.039258000

 0.1424900  0.0000000  0.0000000  0.0000000 
 0.5655470  0.0000000  0.0000000  0.0000000 
 0.4599930  0.0000000  0.0000000  0.0000000 
 0.0000000  0.0261380  0.0000000  0.0000000 
 0.0000000  0.4765980  0.0000000  0.0000000 
 0.0000000  0.6003800  0.0000000  0.0000000 
 0.0000000  0.0000000  0.0002940  0.0000000 
 0.0000000  0.0000000  0.9999170  0.0000000 
 0.0000000  0.0000000  0.0000000  1.0000000 

  15.220690000   3.786020000   0.904557000   0.220560000

 0.2726060  0.0000000  0.0000000 
 0.8459280  0.0000000  0.0000000 
 0.0000000  1.0000000  0.0000000 
 0.0000000  0.0000000  1.0000000 

   0.800000000

 1.0000000 

CU:s3-21G*
EMSL BASIS SET LIBRARY

  4
    0    1    2    3
    5    4    3    1
   12    9    4    1

 4134.30200000 625.491200000 136.955600000 181.496000000  39.574310000
  12.162460000  12.351110000   4.049651000   1.279225000   1.049804000
   0.116933000   0.000751000

 0.0631880  0.0000000  0.0000000  0.0000000  0.0000000 
 0.3748450  0.0000000  0.0000000  0.0000000  0.0000000 
 0.6831000  0.0000000  0.0000000  0.0000000  0.0000000 
 0.0000000 -0.1113200  0.0000000  0.0000000  0.0000000 
 0.0000000  0.0944870  0.0000000  0.0000000  0.0000000 
 0.0000000  0.9608790  0.0000000  0.0000000  0.0000000 
 0.0000000  0.0000000 -0.2922230  0.0000000  0.0000000 
 0.0000000  0.0000000  0.3429910  0.0000000  0.0000000 
 0.0000000  0.0000000  0.8479460  0.0000000  0.0000000 
 0.0000000  0.0000000  0.0000000 -0.2065080  0.0000000 
 0.0000000  0.0000000  0.0000000  1.0792730  0.0000000 
 0.0000000  0.0000000  0.0000000  0.0000000  1.0000000 

 181.496000000  39.574310000  12.162460000  12.351110000   4.049651000
   1.279225000   1.049804000   0.116933000   0.000751000

 0.1430840  0.0000000  0.0000000  0.0000000 
 0.5677560  0.0000000  0.0000000  0.0000000 
 0.4567140  0.0000000  0.0000000  0.0000000 
 0.0000000  0.0277270  0.0000000  0.0000000 
 0.0000000  0.4835240  0.0000000  0.0000000 
 0.0000000  0.5929780  0.0000000  0.0000000 
 0.0000000  0.0000000  0.0001390  0.0000000 
 0.0000000  0.0000000  0.9999610  0.0000000 
 0.0000000  0.0000000  0.0000000  1.0000000 

  16.759380000   4.178977000   0.994327000   0.242260000

 0.2741120  0.0000000  0.0000000 
 0.8446250  0.0000000  0.0000000 
 0.0000000  1.0000000  0.0000000 
 0.0000000  0.0000000  1.0000000 

   0.800000000

 1.0000000 

ZN:s3-21G*
EMSL BASIS SET LIBRARY

  4
    0    1    2    3
    5    4    3    1
   12    9    4    1

 4432.28800000 670.660100000 146.902400000 195.004200000  42.568890000
  13.121430000  13.402310000   4.399906000   1.385148000   1.121558000
   0.122944000   0.042193000

 0.0630930  0.0000000  0.0000000  0.0000000  0.0000000 
 0.3745040  0.0000000  0.0000000  0.0000000  0.0000000 
 0.6834160  0.0000000  0.0000000  0.0000000  0.0000000 
 0.0000000 -0.1116280  0.0000000  0.0000000  0.0000000 
 0.0000000  0.0943360  0.0000000  0.0000000  0.0000000 
 0.0000000  0.9611000  0.0000000  0.0000000  0.0000000 
 0.0000000  0.0000000 -0.2917810  0.0000000  0.0000000 
 0.0000000  0.0000000  0.3426140  0.0000000  0.0000000 
 0.0000000  0.0000000  0.8482840  0.0000000  0.0000000 
 0.0000000  0.0000000  0.0000000 -0.2023710  0.0000000 
 0.0000000  0.0000000  0.0000000  1.0770350  0.0000000 
 0.0000000  0.0000000  0.0000000  0.0000000  1.0000000 

 195.004200000  42.568890000  13.121430000  13.402310000   4.399906000
   1.385148000   1.121558000   0.122944000   0.042193000

 0.1438060  0.0000000  0.0000000  0.0000000 
 0.5700020  0.0000000  0.0000000  0.0000000 
 0.4533120  0.0000000  0.0000000  0.0000000 
 0.0000000  0.0287050  0.0000000  0.0000000 
 0.0000000  0.4862520  0.0000000  0.0000000 
 0.0000000  0.5902350  0.0000000  0.0000000 
 0.0000000  0.0000000  0.0003440  0.0000000 
 0.0000000  0.0000000  0.9999050  0.0000000 
 0.0000000  0.0000000  0.0000000  1.0000000 

  18.368200000   4.591304000   1.090203000   0.265690000

 0.2753860  0.0000000  0.0000000 
 0.8434770  0.0000000  0.0000000 
 0.0000000  1.0000000  0.0000000 
 0.0000000  0.0000000  1.0000000 

   0.800000000

 1.0000000 




