!  SBKJC VDZ ECP  EMSL  Basis Set Exchange Library   3/19/13 6:43 PM
! H - HE: J.S. BINKLEY, J.A. POPLE, W.J.HEHRE, J. AM. CHEM. SOC. 102, 939 (1980) 
!  LI- AR: W.J. STEVENS, H. BASCH, M. KRAUSS, J. CHEM. PHYS. 81, 6026 (1984) 
!  K - RN: W.J. STEVENS, M. KRAUSS, H. BASCH, P. G. JASIEN, CAN. J. CHEM. 70, 
!          612 (1992) 
!  CE - LU:T. R. CUNDARI AND W.J. STEVENS, J. CHEM. PHYS. 98, 5555 (1993)
!   


H:SBKJC VDZ ECP
EMSL BASIS SET LIBRARY

  1
    0
    2
    3

     5.4471780     0.8245470     0.1831920

 0.1562850  0.0000000 
 0.9046910  0.0000000 
 0.0000000  1.0000000 

HE:SBKJC VDZ ECP
EMSL BASIS SET LIBRARY

  1
    0
    2
    3

    13.6267000     1.9993500     0.3829930

 0.1752300  0.0000000 
 0.8934830  0.0000000 
 0.0000000  1.0000000 

LI:SBKJC VDZ ECP
EMSL BASIS SET LIBRARY

  2
    0    1
    2    2
    4    4

     0.6177000     0.1434000     0.0504800     0.0192300

-0.1628700  0.0000000 
 0.1264300  0.0000000 
 0.7617900  0.0000000 
 0.0000000  0.2180000 

     0.6177000     0.1434000     0.0504800     0.0192300

 0.0620500  0.0000000 
 0.2471900  0.0000000 
 0.5214000  0.0000000 
 0.0000000  0.3429000 

BE:SBKJC VDZ ECP
EMSL BASIS SET LIBRARY

  2
    0    1
    2    2
    4    4

     1.4470000     0.3522000     0.1219000     0.0439500

-0.1564700  0.0000000 
 0.1091900  0.0000000 
 0.6753800  0.0000000 
 0.0000000  0.3298700 

     1.4470000     0.3522000     0.1219000     0.0439500

 0.0892400  0.0000000 
 0.3099900  0.0000000 
 0.5184200  0.0000000 
 0.0000000  0.2791100 

B:SBKJC VDZ ECP
EMSL BASIS SET LIBRARY

  2
    0    1
    2    2
    4    4

     2.7100000     0.6552000     0.2248000     0.0758400

-0.1498700  0.0000000 
 0.0844200  0.0000000 
 0.6975100  0.0000000 
 0.0000000  0.3284200 

     2.7100000     0.6552000     0.2248000     0.0758400

 0.0947400  0.0000000 
 0.3080700  0.0000000 
 0.4687600  0.0000000 
 0.0000000  0.3502500 

C:SBKJC VDZ ECP
EMSL BASIS SET LIBRARY

  2
    0    1
    2    2
    4    4

     4.2860000     1.0460000     0.3447000     0.1128000

-0.1472200  0.0000000 
 0.0812500  0.0000000 
 0.7136000  0.0000000 
 0.0000000  0.3152100 

     4.2860000     1.0460000     0.3447000     0.1128000

 0.1025700  0.0000000 
 0.3298700  0.0000000 
 0.4821200  0.0000000 
 0.0000000  0.3159300 

N:SBKJC VDZ ECP
EMSL BASIS SET LIBRARY

  2
    0    1
    2    2
    4    4

     6.4030000     1.5800000     0.5094000     0.1623000

-0.1395500  0.0000000 
 0.0549200  0.0000000 
 0.7167800  0.0000000 
 0.0000000  0.3321000 

     6.4030000     1.5800000     0.5094000     0.1623000

 0.1033600  0.0000000 
 0.3320500  0.0000000 
 0.4870800  0.0000000 
 0.0000000  0.3131200 

O:SBKJC VDZ ECP
EMSL BASIS SET LIBRARY

  2
    0    1
    2    2
    4    4

     8.5190000     2.0730000     0.6471000     0.2000000

-0.1455100  0.0000000 
 0.0828600  0.0000000 
 0.7432500  0.0000000 
 0.0000000  0.2847200 

     8.5190000     2.0730000     0.6471000     0.2000000

 0.1100700  0.0000000 
 0.3496900  0.0000000 
 0.4809300  0.0000000 
 0.0000000  0.3072700 

F:SBKJC VDZ ECP
EMSL BASIS SET LIBRARY

  2
    0    1
    2    2
    4    4

    11.1200000     2.6870000     0.8210000     0.2475000

-0.1445100  0.0000000 
 0.0897100  0.0000000 
 0.7565900  0.0000000 
 0.0000000  0.2657000 

    11.1200000     2.6870000     0.8210000     0.2475000

 0.1130000  0.0000000 
 0.3584100  0.0000000 
 0.4800200  0.0000000 
 0.0000000  0.3038100 

NE:SBKJC VDZ ECP
EMSL BASIS SET LIBRARY

  2
    0    1
    2    2
    4    4

    14.0700000     3.3890000     1.0210000     0.3031000

-0.1446300  0.0000000 
 0.0933100  0.0000000 
 0.7629700  0.0000000 
 0.0000000  0.2566100 

    14.0700000     3.3890000     1.0210000     0.3031000

 0.1151400  0.0000000 
 0.3647900  0.0000000 
 0.4805200  0.0000000 
 0.0000000  0.2989600 

NA:SBKJC VDZ ECP
EMSL BASIS SET LIBRARY

  2
    0    1
    2    2
    4    4

     0.4299000     0.0889700     0.0355000     0.0145500

-0.2087400  0.0000000 
 0.3120600  0.0000000 
 0.7030000  0.0000000 
 0.0000000  0.1164800 

     0.4299000     0.0889700     0.0355000     0.0145500

-0.0257100  0.0000000 
 0.2160800  0.0000000 
 0.5419600  0.0000000 
 0.0000000  0.3548400 

MG:SBKJC VDZ ECP
EMSL BASIS SET LIBRARY

  2
    0    1
    2    2
    4    4

     0.6606000     0.1845000     0.0698300     0.0274000

-0.2445100  0.0000000 
 0.2532300  0.0000000 
 0.6972000  0.0000000 
 0.0000000  0.2165500 

     0.6606000     0.1845000     0.0698300     0.0274000

-0.0442100  0.0000000 
 0.2732300  0.0000000 
 0.5762600  0.0000000 
 0.0000000  0.2815200 

AL:SBKJC VDZ ECP
EMSL BASIS SET LIBRARY

  2
    0    1
    2    2
    4    4

     0.9011000     0.4495000     0.1405000     0.0487400

-0.3037700  0.0000000 
 0.1338200  0.0000000 
 0.7603700  0.0000000 
 0.0000000  0.3223200 

     0.9011000     0.4495000     0.1405000     0.0487400

-0.0792900  0.0000000 
 0.1654000  0.0000000 
 0.5301500  0.0000000 
 0.0000000  0.4772400 

SI:SBKJC VDZ ECP
EMSL BASIS SET LIBRARY

  2
    0    1
    2    2
    4    4

     1.1670000     0.5268000     0.1807000     0.0648000

-0.3240300  0.0000000 
 0.1843800  0.0000000 
 0.7773700  0.0000000 
 0.0000000  0.2676700 

     1.1670000     0.5268000     0.1807000     0.0648000

-0.0845000  0.0000000 
 0.2378600  0.0000000 
 0.5653200  0.0000000 
 0.0000000  0.3743300 

P:SBKJC VDZ ECP
EMSL BASIS SET LIBRARY

  2
    0    1
    2    2
    4    4

     1.4590000     0.6549000     0.2256000     0.0811500

-0.3409100  0.0000000 
 0.2153500  0.0000000 
 0.7957800  0.0000000 
 0.0000000  0.2309200 

     1.4590000     0.6549000     0.2256000     0.0811500

-0.0937800  0.0000000 
 0.2920500  0.0000000 
 0.5868800  0.0000000 
 0.0000000  0.3063100 

S:SBKJC VDZ ECP
EMSL BASIS SET LIBRARY

  2
    0    1
    2    2
    4    4

     1.8170000     0.8379000     0.2854000     0.0993900

-0.3401500  0.0000000 
 0.1960100  0.0000000 
 0.8266600  0.0000000 
 0.0000000  0.2165200 

     1.8170000     0.8379000     0.2854000     0.0993900

-0.1009600  0.0000000 
 0.3124400  0.0000000 
 0.5790600  0.0000000 
 0.0000000  0.3074800 

CL:SBKJC VDZ ECP
EMSL BASIS SET LIBRARY

  2
    0    1
    2    2
    4    4

     2.2250000     1.1730000     0.3851000     0.1301000

-0.3309800  0.0000000 
 0.1152800  0.0000000 
 0.8471700  0.0000000 
 0.0000000  0.2653400 

     2.2250000     1.1730000     0.3851000     0.1301000

-0.1260400  0.0000000 
 0.2995200  0.0000000 
 0.5835700  0.0000000 
 0.0000000  0.3409700 

AR:SBKJC VDZ ECP
EMSL BASIS SET LIBRARY

  2
    0    1
    2    2
    4    4

     2.7060000     1.2780000     0.4354000     0.1476000

-0.3128600  0.0000000 
 0.1182100  0.0000000 
 0.8678600  0.0000000 
 0.0000000  0.2226400 

     2.7060000     1.2780000     0.4354000     0.1476000

-0.1092700  0.0000000 
 0.3260100  0.0000000 
 0.5795200  0.0000000 
 0.0000000  0.3034900 

K:SBKJC VDZ ECP
EMSL BASIS SET LIBRARY

  2
    0    1
    2    2
    4    4

     0.2201000     0.0482500     0.0224200     0.0102000

-0.2860270  0.0000000 
 0.4820500  0.0000000 
 0.6758410  0.0000000 
 0.0000000  1.0000000 

     0.2201000     0.0482500     0.0224200     0.0102000

-0.0662450  0.0000000 
 0.3568980  0.0000000 
 0.7044260  0.0000000 
 0.0000000  1.0000000 

CA:SBKJC VDZ ECP
EMSL BASIS SET LIBRARY

  2
    0    1
    2    2
    4    4

     0.2604000     0.1439000     0.0485900     0.0216700

-0.6764660  0.0000000 
 0.5256930  0.0000000 
 0.9602160  0.0000000 
 0.0000000  1.0000000 

     0.2604000     0.1439000     0.0485900     0.0216700

-0.2703740  0.0000000 
 0.4078070  0.0000000 
 0.8281290  0.0000000 
 0.0000000  1.0000000 

SC:SBKJC VDZ ECP
EMSL BASIS SET LIBRARY

  3
    0    1    2
    4    4    3
    8    8    6

    40.0700000     3.6650000     3.0470000     0.9588000     1.2640000
     0.0750200     0.0274100     0.3557000

-0.0032960  0.0000000  0.0000000  0.0000000 
-0.6556170  0.0000000  0.0000000  0.0000000 
 0.1032530  0.0000000  0.0000000  0.0000000 
 1.3201990  0.0000000  0.0000000  0.0000000 
 0.0000000 -0.0575960  0.0000000  0.0000000 
 0.0000000  1.0164680  0.0000000  0.0000000 
 0.0000000  0.0000000  1.0000000  0.0000000 
 0.0000000  0.0000000  0.0000000  1.0000000 

    40.0700000     3.6650000     3.0470000     0.9588000     1.2640000
     0.0750200     0.0274100     0.3557000

-0.0077530  0.0000000  0.0000000  0.0000000 
-0.6155920  0.0000000  0.0000000  0.0000000 
 0.7802610  0.0000000  0.0000000  0.0000000 
 0.8340790  0.0000000  0.0000000  0.0000000 
 0.0000000 -0.0317790  0.0000000  0.0000000 
 0.0000000  1.0040650  0.0000000  0.0000000 
 0.0000000  0.0000000  1.0000000  0.0000000 
 0.0000000  0.0000000  0.0000000  1.0000000 

    23.2400000     6.1430000     2.0070000     0.6652000     0.2021000
     0.0545400

 0.0262880  0.0000000  0.0000000 
 0.1428810  0.0000000  0.0000000 
 0.3981780  0.0000000  0.0000000 
 0.6402010  0.0000000  0.0000000 
 0.0000000  1.0000000  0.0000000 
 0.0000000  0.0000000  1.0000000 

TI:SBKJC VDZ ECP
EMSL BASIS SET LIBRARY

  3
    0    1    2
    4    4    3
    8    8    6

    51.0800000     4.1800000     2.9970000     1.0190000     1.3830000
     0.0812800     0.0302300     0.3745000

-0.0020040  0.0000000  0.0000000  0.0000000 
-0.6196860  0.0000000  0.0000000  0.0000000 
 0.1560290  0.0000000  0.0000000  0.0000000 
 1.2488170  0.0000000  0.0000000  0.0000000 
 0.0000000 -0.0728910  0.0000000  0.0000000 
 0.0000000  1.0201840  0.0000000  0.0000000 
 0.0000000  0.0000000  1.0000000  0.0000000 
 0.0000000  0.0000000  0.0000000  1.0000000 

    51.0800000     4.1800000     2.9970000     1.0190000     1.3830000
     0.0812800     0.0302300     0.3745000

-0.0069490  0.0000000  0.0000000  0.0000000 
-0.3266130  0.0000000  0.0000000  0.0000000 
 0.5442540  0.0000000  0.0000000  0.0000000 
 0.7896310  0.0000000  0.0000000  0.0000000 
 0.0000000 -0.0259490  0.0000000  0.0000000 
 0.0000000  1.0033530  0.0000000  0.0000000 
 0.0000000  0.0000000  1.0000000  0.0000000 
 0.0000000  0.0000000  0.0000000  1.0000000 

    28.1100000     7.6300000     2.5280000     0.8543000     0.2673000
     0.0743000

 0.0257460  0.0000000  0.0000000 
 0.1412600  0.0000000  0.0000000 
 0.4006070  0.0000000  0.0000000 
 0.6345320  0.0000000  0.0000000 
 0.0000000  1.0000000  0.0000000 
 0.0000000  0.0000000  1.0000000 

V:SBKJC VDZ ECP
EMSL BASIS SET LIBRARY

  3
    0    1    2
    4    4    3
    8    8    6

    48.1600000     4.6850000     3.1150000     1.0980000     1.5650000
     0.0940900     0.0337000     0.3936000

-0.0042770  0.0000000  0.0000000  0.0000000 
-0.5455540  0.0000000  0.0000000  0.0000000 
 0.1317990  0.0000000  0.0000000  0.0000000 
 1.2180220  0.0000000  0.0000000  0.0000000 
 0.0000000 -0.0854260  0.0000000  0.0000000 
 0.0000000  1.0235840  0.0000000  0.0000000 
 0.0000000  0.0000000  1.0000000  0.0000000 
 0.0000000  0.0000000  0.0000000  1.0000000 

    48.1600000     4.6850000     3.1150000     1.0980000     1.5650000
     0.0940900     0.0337000     0.3936000

-0.0080070  0.0000000  0.0000000  0.0000000 
-0.2656730  0.0000000  0.0000000  0.0000000 
 0.5229440  0.0000000  0.0000000  0.0000000 
 0.7544340  0.0000000  0.0000000  0.0000000 
 0.0000000 -0.0228160  0.0000000  0.0000000 
 0.0000000  1.0030660  0.0000000  0.0000000 
 0.0000000  0.0000000  1.0000000  0.0000000 
 0.0000000  0.0000000  0.0000000  1.0000000 

    33.3600000     9.3310000     3.1580000     1.1130000     0.3608000
     0.1007000

 0.0255300  0.0000000  0.0000000 
 0.1403360  0.0000000  0.0000000 
 0.3979330  0.0000000  0.0000000 
 0.6290270  0.0000000  0.0000000 
 0.0000000  1.0000000  0.0000000 
 0.0000000  0.0000000  1.0000000 

CR:SBKJC VDZ ECP
EMSL BASIS SET LIBRARY

  3
    0    1    2
    4    4    3
    8    8    6

    23.1200000     5.0360000     2.8670000     1.1440000     1.5710000
     0.0965400     0.0349200     0.4529000

-0.0059180  0.0000000  0.0000000  0.0000000 
-0.5907500  0.0000000  0.0000000  0.0000000 
 0.2961200  0.0000000  0.0000000  0.0000000 
 1.1076460  0.0000000  0.0000000  0.0000000 
 0.0000000 -0.0903290  0.0000000  0.0000000 
 0.0000000  1.0251640  0.0000000  0.0000000 
 0.0000000  0.0000000  1.0000000  0.0000000 
 0.0000000  0.0000000  0.0000000  1.0000000 

    23.1200000     5.0360000     2.8670000     1.1440000     1.5710000
     0.0965400     0.0349200     0.4529000

-0.0180180  0.0000000  0.0000000  0.0000000 
-0.1449960  0.0000000  0.0000000  0.0000000 
 0.4974160  0.0000000  0.0000000  0.0000000 
 0.6728840  0.0000000  0.0000000  0.0000000 
 0.0000000 -0.0372810  0.0000000  0.0000000 
 0.0000000  1.0048790  0.0000000  0.0000000 
 0.0000000  0.0000000  1.0000000  0.0000000 
 0.0000000  0.0000000  0.0000000  1.0000000 

    37.8900000    10.5800000     3.6030000     1.2700000     0.4118000
     0.1126000

 0.0259100  0.0000000  0.0000000 
 0.1441300  0.0000000  0.0000000 
 0.4035970  0.0000000  0.0000000 
 0.6208460  0.0000000  0.0000000 
 0.0000000  1.0000000  0.0000000 
 0.0000000  0.0000000  1.0000000 

MN:SBKJC VDZ ECP
EMSL BASIS SET LIBRARY

  3
    0    1    2
    4    4    3
    8    8    6

    72.1700000     5.7280000     3.7290000     1.3210000     1.8270000
     0.1130000     0.0389000     0.4754000

-0.0026350  0.0000000  0.0000000  0.0000000 
-0.5931840  0.0000000  0.0000000  0.0000000 
 0.2246560  0.0000000  0.0000000  0.0000000 
 1.1753420  0.0000000  0.0000000  0.0000000 
 0.0000000 -0.0961460  0.0000000  0.0000000 
 0.0000000  1.0266680  0.0000000  0.0000000 
 0.0000000  0.0000000  1.0000000  0.0000000 
 0.0000000  0.0000000  0.0000000  1.0000000 

    72.1700000     5.7280000     3.7290000     1.3210000     1.8270000
     0.1130000     0.0389000     0.4754000

-0.0071720  0.0000000  0.0000000  0.0000000 
-0.2456490  0.0000000  0.0000000  0.0000000 
 0.5322830  0.0000000  0.0000000  0.0000000 
 0.7305360  0.0000000  0.0000000  0.0000000 
 0.0000000 -0.0326000  0.0000000  0.0000000 
 0.0000000  1.0043760  0.0000000  0.0000000 
 0.0000000  0.0000000  1.0000000  0.0000000 
 0.0000000  0.0000000  0.0000000  1.0000000 

    42.6300000    11.9700000     4.0910000     1.4500000     0.4700000
     0.1281000

 0.0260950  0.0000000  0.0000000 
 0.1467720  0.0000000  0.0000000 
 0.4071150  0.0000000  0.0000000 
 0.6145900  0.0000000  0.0000000 
 0.0000000  1.0000000  0.0000000 
 0.0000000  0.0000000  1.0000000 

FE:SBKJC VDZ ECP
EMSL BASIS SET LIBRARY

  3
    0    1    2
    4    4    3
    8    8    6

    70.2800000     6.0610000     4.1340000     1.4210000     1.9780000
     0.1213000     0.0410000     0.5121000

-0.0026110  0.0000000  0.0000000  0.0000000 
-0.6924350  0.0000000  0.0000000  0.0000000 
 0.3625300  0.0000000  0.0000000  0.0000000 
 1.1406450  0.0000000  0.0000000  0.0000000 
 0.0000000 -0.0981720  0.0000000  0.0000000 
 0.0000000  1.0269570  0.0000000  0.0000000 
 0.0000000  0.0000000  1.0000000  0.0000000 
 0.0000000  0.0000000  0.0000000  1.0000000 

    70.2800000     6.0610000     4.1340000     1.4210000     1.9780000
     0.1213000     0.0410000     0.5121000

-0.0079400  0.0000000  0.0000000  0.0000000 
-0.2901510  0.0000000  0.0000000  0.0000000 
 0.5910280  0.0000000  0.0000000  0.0000000 
 0.7194480  0.0000000  0.0000000  0.0000000 
 0.0000000 -0.0337310  0.0000000  0.0000000 
 0.0000000  1.0044620  0.0000000  0.0000000 
 0.0000000  0.0000000  1.0000000  0.0000000 
 0.0000000  0.0000000  0.0000000  1.0000000 

    47.1000000    13.1200000     4.4780000     1.5810000     0.5100000
     0.1382000

 0.0266080  0.0000000  0.0000000 
 0.1520100  0.0000000  0.0000000 
 0.4138270  0.0000000  0.0000000 
 0.6055420  0.0000000  0.0000000 
 0.0000000  1.0000000  0.0000000 
 0.0000000  0.0000000  1.0000000 

CO:SBKJC VDZ ECP
EMSL BASIS SET LIBRARY

  3
    0    1    2
    4    4    3
    8    8    6

    75.6800000     6.4960000     4.7910000     1.5940000     2.3370000
     0.1269000     0.0423200     0.5572000

-0.0052710  0.0000000  0.0000000  0.0000000 
-0.7055250  0.0000000  0.0000000  0.0000000 
 0.3478800  0.0000000  0.0000000  0.0000000 
 1.1755950  0.0000000  0.0000000  0.0000000 
 0.0000000 -0.0892670  0.0000000  0.0000000 
 0.0000000  1.0225890  0.0000000  0.0000000 
 0.0000000  0.0000000  1.0000000  0.0000000 
 0.0000000  0.0000000  0.0000000  1.0000000 

    75.6800000     6.4960000     4.7910000     1.5940000     2.3370000
     0.1269000     0.0423200     0.5572000

-0.0080850  0.0000000  0.0000000  0.0000000 
-0.3909880  0.0000000  0.0000000  0.0000000 
 0.6800780  0.0000000  0.0000000  0.0000000 
 0.7295940  0.0000000  0.0000000  0.0000000 
 0.0000000 -0.0159350  0.0000000  0.0000000 
 0.0000000  1.0019450  0.0000000  0.0000000 
 0.0000000  0.0000000  1.0000000  0.0000000 
 0.0000000  0.0000000  0.0000000  1.0000000 

    51.6900000    14.7000000     4.8510000     1.6430000     0.5075000
     0.1433000

 0.0254470  0.0000000  0.0000000 
 0.1495290  0.0000000  0.0000000 
 0.4250560  0.0000000  0.0000000 
 0.6054650  0.0000000  0.0000000 
 0.0000000  1.0000000  0.0000000 
 0.0000000  0.0000000  1.0000000 

NI:SBKJC VDZ ECP
EMSL BASIS SET LIBRARY

  3
    0    1    2
    4    4    3
    8    8    6

    89.3600000     7.2650000     5.5720000     1.8500000     3.2350000
     0.1295000     0.0432700     0.6594000

-0.0052200  0.0000000  0.0000000  0.0000000 
-0.6839930  0.0000000  0.0000000  0.0000000 
 0.2510500  0.0000000  0.0000000  0.0000000 
 1.2364510  0.0000000  0.0000000  0.0000000 
 0.0000000 -0.0634180  0.0000000  0.0000000 
 0.0000000  1.0132370  0.0000000  0.0000000 
 0.0000000  0.0000000  1.0000000  0.0000000 
 0.0000000  0.0000000  0.0000000  1.0000000 

    89.3600000     7.2650000     5.5720000     1.8500000     3.2350000
     0.1295000     0.0432700     0.6594000

-0.0075290  0.0000000  0.0000000  0.0000000 
-0.4458620  0.0000000  0.0000000  0.0000000 
 0.7063640  0.0000000  0.0000000  0.0000000 
 0.7536060  0.0000000  0.0000000  0.0000000 
 0.0000000  0.0011360  0.0000000  0.0000000 
 0.0000000  0.9998950  0.0000000  0.0000000 
 0.0000000  0.0000000  1.0000000  0.0000000 
 0.0000000  0.0000000  0.0000000  1.0000000 

    58.7300000    16.7100000     5.7830000     2.0640000     0.6752000
     0.1825000

 0.0262460  0.0000000  0.0000000 
 0.1503340  0.0000000  0.0000000 
 0.4133850  0.0000000  0.0000000 
 0.6041140  0.0000000  0.0000000 
 0.0000000  1.0000000  0.0000000 
 0.0000000  0.0000000  1.0000000 

CU:SBKJC VDZ ECP
EMSL BASIS SET LIBRARY

  3
    0    1    2
    4    4    3
    8    8    6

    83.4200000     7.9700000     5.6000000     1.9320000     2.8660000
     0.1319000     0.0440000     0.6874000

-0.0048290  0.0000000  0.0000000  0.0000000 
-0.6447990  0.0000000  0.0000000  0.0000000 
 0.2652400  0.0000000  0.0000000  0.0000000 
 1.1897910  0.0000000  0.0000000  0.0000000 
 0.0000000 -0.0747740  0.0000000  0.0000000 
 0.0000000  1.0170370  0.0000000  0.0000000 
 0.0000000  0.0000000  1.0000000  0.0000000 
 0.0000000  0.0000000  0.0000000  1.0000000 

    83.4200000     7.9700000     5.6000000     1.9320000     2.8660000
     0.1319000     0.0440000     0.6874000

-0.0082840  0.0000000  0.0000000  0.0000000 
-0.3218950  0.0000000  0.0000000  0.0000000 
 0.6181330  0.0000000  0.0000000  0.0000000 
 0.7221840  0.0000000  0.0000000  0.0000000 
 0.0000000 -0.0005410  0.0000000  0.0000000 
 0.0000000  1.0000580  0.0000000  0.0000000 
 0.0000000  0.0000000  1.0000000  0.0000000 
 0.0000000  0.0000000  0.0000000  1.0000000 

    65.8000000    18.8200000     6.5380000     2.3480000     0.7691000
     0.2065000

 0.0255970  0.0000000  0.0000000 
 0.1486090  0.0000000  0.0000000 
 0.4117860  0.0000000  0.0000000 
 0.6055070  0.0000000  0.0000000 
 0.0000000  1.0000000  0.0000000 
 0.0000000  0.0000000  1.0000000 

ZN:SBKJC VDZ ECP
EMSL BASIS SET LIBRARY

  3
    0    1    2
    4    4    3
    8    8    6

   113.5000000     8.3080000     6.3320000     2.1460000     2.9060000
     0.1623000     0.0536900     0.8116000

-0.0042800  0.0000000  0.0000000  0.0000000 
-0.8202320  0.0000000  0.0000000  0.0000000 
 0.4250060  0.0000000  0.0000000  0.0000000 
 1.1980770  0.0000000  0.0000000  0.0000000 
 0.0000000 -0.0823560  0.0000000  0.0000000 
 0.0000000  1.0215740  0.0000000  0.0000000 
 0.0000000  0.0000000  1.0000000  0.0000000 
 0.0000000  0.0000000  0.0000000  1.0000000 

   113.5000000     8.3080000     6.3320000     2.1460000     2.9060000
     0.1623000     0.0536900     0.8116000

-0.0074290  0.0000000  0.0000000  0.0000000 
-0.4326050  0.0000000  0.0000000  0.0000000 
 0.7234510  0.0000000  0.0000000  0.0000000 
 0.7272170  0.0000000  0.0000000  0.0000000 
 0.0000000 -0.0230010  0.0000000  0.0000000 
 0.0000000  1.0028240  0.0000000  0.0000000 
 0.0000000  0.0000000  1.0000000  0.0000000 
 0.0000000  0.0000000  0.0000000  1.0000000 

    65.9900000    19.8100000     6.9450000     2.5430000     0.9165000
     0.3264000

 0.0276530  0.0000000  0.0000000 
 0.1587940  0.0000000  0.0000000 
 0.4209710  0.0000000  0.0000000 
 0.5852770  0.0000000  0.0000000 
 0.0000000  1.0000000  0.0000000 
 0.0000000  0.0000000  1.0000000 

GA:SBKJC VDZ ECP
EMSL BASIS SET LIBRARY

  3
    0    1    2
    4    4    3
    8    8    6

   113.9000000     9.1550000     6.6330000     2.2780000     0.0746100
     2.1230000     0.1939000     0.8818000

-0.0017110  0.0000000  0.0000000  0.0000000 
-0.8230360  0.0000000  0.0000000  0.0000000 
 0.4586180  0.0000000  0.0000000  0.0000000 
 1.1618170  0.0000000  0.0000000  0.0000000 
 0.0000000  1.0000000  0.0000000  0.0000000 
 0.0000000  0.0000000 -0.1455060  0.0000000 
 0.0000000  0.0000000  1.0511470  0.0000000 
 0.0000000  0.0000000  0.0000000  1.0000000 

   113.9000000     9.1550000     6.6330000     2.2780000     0.0746100
     2.1230000     0.1939000     0.8818000

-0.0080460  0.0000000  0.0000000  0.0000000 
-0.3574320  0.0000000  0.0000000  0.0000000 
 0.6637940  0.0000000  0.0000000  0.0000000 
 0.7136190  0.0000000  0.0000000  0.0000000 
 0.0000000  1.0000000  0.0000000  0.0000000 
 0.0000000  0.0000000 -0.0962610  0.0000000 
 0.0000000  0.0000000  1.0175730  0.0000000 
 0.0000000  0.0000000  0.0000000  1.0000000 

    70.4300000    21.0500000     7.4010000     2.7520000     1.0260000
     0.3907000

 0.0288770  0.0000000  0.0000000 
 0.1662530  0.0000000  0.0000000 
 0.4277760  0.0000000  0.0000000 
 0.5704100  0.0000000  0.0000000 
 0.0000000  1.0000000  0.0000000 
 0.0000000  0.0000000  1.0000000 

GE:SBKJC VDZ ECP
EMSL BASIS SET LIBRARY

  2
    0    1
    2    2
    5    5

     1.8340000     1.5290000     0.3594000     0.1470000     0.0559800

 0.4938600  0.0000000 
-0.8573540  0.0000000 
 0.4108300  0.0000000 
 0.8003780  0.0000000 
 0.0000000  1.0000000 

     1.8340000     1.5290000     0.3594000     0.1470000     0.0559800

 0.0064140  0.0000000 
-0.0860520  0.0000000 
 0.3832320  0.0000000 
 0.6981850  0.0000000 
 0.0000000  1.0000000 

AS:SBKJC VDZ ECP
EMSL BASIS SET LIBRARY

  2
    0    1
    2    2
    5    5

     2.7090000     1.5780000     0.4358000     0.1776000     0.0698400

 0.1214790  0.0000000 
-0.5189180  0.0000000 
 0.4287910  0.0000000 
 0.8080780  0.0000000 
 0.0000000  1.0000000 

     2.7090000     1.5780000     0.4358000     0.1776000     0.0698400

-0.0029200  0.0000000 
-0.0950540  0.0000000 
 0.4246820  0.0000000 
 0.6712900  0.0000000 
 0.0000000  1.0000000 

SE:SBKJC VDZ ECP
EMSL BASIS SET LIBRARY

  2
    0    1
    2    2
    5    5

     3.7110000     1.5860000     0.5339000     0.2085000     0.0782100

 0.0557440  0.0000000 
-0.5105200  0.0000000 
 0.4807550  0.0000000 
 0.8102920  0.0000000 
 0.0000000  1.0000000 

     3.7110000     1.5860000     0.5339000     0.2085000     0.0782100

-0.0060140  0.0000000 
-0.1214470  0.0000000 
 0.4526070  0.0000000 
 0.6697510  0.0000000 
 0.0000000  1.0000000 

BR:SBKJC VDZ ECP
EMSL BASIS SET LIBRARY

  2
    0    1
    2    2
    5    5

     3.2760000     2.0440000     0.6398000     0.2561000     0.0956700

 0.2005700  0.0000000 
-0.6492960  0.0000000 
 0.4054010  0.0000000 
 0.8726070  0.0000000 
 0.0000000  1.0000000 

     3.2760000     2.0440000     0.6398000     0.2561000     0.0956700

 0.0054110  0.0000000 
-0.1323910  0.0000000 
 0.4300270  0.0000000 
 0.6860090  0.0000000 
 0.0000000  1.0000000 

KR:SBKJC VDZ ECP
EMSL BASIS SET LIBRARY

  2
    0    1
    2    2
    5    5

     3.0810000     2.4130000     0.7386000     0.2941000     0.1095000

 0.5337890  0.0000000 
-1.0014650  0.0000000 
 0.4155100  0.0000000 
 0.8801030  0.0000000 
 0.0000000  1.0000000 

     3.0810000     2.4130000     0.7386000     0.2941000     0.1095000

 0.0359060  0.0000000 
-0.1696950  0.0000000 
 0.4350800  0.0000000 
 0.6857600  0.0000000 
 0.0000000  1.0000000 

RB:SBKJC VDZ ECP
EMSL BASIS SET LIBRARY

  2
    0    1
    2    2
    4    4

     0.1543000     0.0989200     0.0322700     0.0149000

-0.7533900  0.0000000 
 0.4062700  0.0000000 
 1.1124870  0.0000000 
 0.0000000  1.0000000 

     0.1543000     0.0989200     0.0322700     0.0149000

-0.1086840  0.0000000 
 0.0555870  0.0000000 
 1.0141680  0.0000000 
 0.0000000  1.0000000 

SR:SBKJC VDZ ECP
EMSL BASIS SET LIBRARY

  2
    0    1
    2    2
    4    4

     0.1836000     0.1252000     0.0396800     0.0184000

-1.0751390  0.0000000 
 0.9470370  0.0000000 
 0.9342260  0.0000000 
 0.0000000  1.0000000 

     0.1836000     0.1252000     0.0396800     0.0184000

-0.9555490  0.0000000 
 0.8564470  0.0000000 
 0.8715580  0.0000000 
 0.0000000  1.0000000 

Y:SBKJC VDZ ECP
EMSL BASIS SET LIBRARY

  3
    0    1    2
    4    4    3
    8    8    5

    29.8400000     3.2420000     2.6940000     0.8430000     1.3240000
     0.0680600     0.0272900     0.3015000

-0.0062940  0.0000000  0.0000000  0.0000000 
 1.4362310  0.0000000  0.0000000  0.0000000 
-2.5502130  0.0000000  0.0000000  0.0000000 
 1.7560650  0.0000000  0.0000000  0.0000000 
 0.0000000 -0.0579760  0.0000000  0.0000000 
 0.0000000  1.0148740  0.0000000  0.0000000 
 0.0000000  0.0000000  1.0000000  0.0000000 
 0.0000000  0.0000000  0.0000000  1.0000000 

    29.8400000     3.2420000     2.6940000     0.8430000     1.3240000
     0.0680600     0.0272900     0.3015000

-0.0034570  0.0000000  0.0000000  0.0000000 
-0.0973860  0.0000000  0.0000000  0.0000000 
-0.0989330  0.0000000  0.0000000  0.0000000 
 1.1121900  0.0000000  0.0000000  0.0000000 
 0.0000000 -0.0258910  0.0000000  0.0000000 
 0.0000000  1.0028330  0.0000000  0.0000000 
 0.0000000  0.0000000  1.0000000  0.0000000 
 0.0000000  0.0000000  0.0000000  1.0000000 

     5.3990000     1.0660000     0.3892000     0.1300000     0.0412100

 0.0120200  0.0000000  0.0000000 
 0.3429500  0.0000000  0.0000000 
 0.7393970  0.0000000  0.0000000 
 0.0000000  1.0000000  0.0000000 
 0.0000000  0.0000000  1.0000000 

ZR:SBKJC VDZ ECP
EMSL BASIS SET LIBRARY

  3
    0    1    2
    4    4    3
    8    8    5

    30.5300000     3.5180000     2.9710000     0.9587000     0.9293000
     0.0691000     0.0275900     0.3764000

-0.0045040  0.0000000  0.0000000  0.0000000 
 1.7088990  0.0000000  0.0000000  0.0000000 
-2.9185180  0.0000000  0.0000000  0.0000000 
 1.8229580  0.0000000  0.0000000  0.0000000 
 0.0000000 -0.0619580  0.0000000  0.0000000 
 0.0000000  1.0207390  0.0000000  0.0000000 
 0.0000000  0.0000000  1.0000000  0.0000000 
 0.0000000  0.0000000  0.0000000  1.0000000 

    30.5300000     3.5180000     2.9710000     0.9587000     0.9293000
     0.0691000     0.0275900     0.3764000

-0.0040920  0.0000000  0.0000000  0.0000000 
-0.0786650  0.0000000  0.0000000  0.0000000 
-0.1405880  0.0000000  0.0000000  0.0000000 
 1.1305260  0.0000000  0.0000000  0.0000000 
 0.0000000 -0.0602170  0.0000000  0.0000000 
 0.0000000  1.0093020  0.0000000  0.0000000 
 0.0000000  0.0000000  1.0000000  0.0000000 
 0.0000000  0.0000000  0.0000000  1.0000000 

     6.1910000     1.3200000     0.5359000     0.1900000     0.0590000

 0.0120000  0.0000000  0.0000000 
 0.3250050  0.0000000  0.0000000 
 0.7402990  0.0000000  0.0000000 
 0.0000000  1.0000000  0.0000000 
 0.0000000  0.0000000  1.0000000 

NB:SBKJC VDZ ECP
EMSL BASIS SET LIBRARY

  3
    0    1    2
    4    4    3
    8    8    5

    38.5300000     3.9070000     3.2740000     1.0520000     1.0570000
     0.0787600     0.0309100     0.4165000

-0.0020590  0.0000000  0.0000000  0.0000000 
 1.6188670  0.0000000  0.0000000  0.0000000 
-2.8308600  0.0000000  0.0000000  0.0000000 
 1.8184650  0.0000000  0.0000000  0.0000000 
 0.0000000 -0.0719190  0.0000000  0.0000000 
 0.0000000  1.0237970  0.0000000  0.0000000 
 0.0000000  0.0000000  1.0000000  0.0000000 
 0.0000000  0.0000000  0.0000000  1.0000000 

    38.5300000     3.9070000     3.2740000     1.0520000     1.0570000
     0.0787600     0.0309100     0.4165000

-0.0035760  0.0000000  0.0000000  0.0000000 
-0.0332170  0.0000000  0.0000000  0.0000000 
-0.1855680  0.0000000  0.0000000  0.0000000 
 1.1334710  0.0000000  0.0000000  0.0000000 
 0.0000000 -0.0678150  0.0000000  0.0000000 
 0.0000000  1.0102540  0.0000000  0.0000000 
 0.0000000  0.0000000  1.0000000  0.0000000 
 0.0000000  0.0000000  0.0000000  1.0000000 

     7.9940000     1.5500000     0.6666000     0.2462000     0.0786000

 0.0104330  0.0000000  0.0000000 
 0.3180710  0.0000000  0.0000000 
 0.7396540  0.0000000  0.0000000 
 0.0000000  1.0000000  0.0000000 
 0.0000000  0.0000000  1.0000000 

MO:SBKJC VDZ ECP
EMSL BASIS SET LIBRARY

  3
    0    1    2
    4    4    3
    8    8    5

    39.6700000     4.6330000     3.2080000     1.2240000     1.1810000
     0.0848900     0.0327600     0.4728000

-0.0097160  0.0000000  0.0000000  0.0000000 
 0.7701260  0.0000000  0.0000000  0.0000000 
-2.2295300  0.0000000  0.0000000  0.0000000 
 2.0464950  0.0000000  0.0000000  0.0000000 
 0.0000000 -0.0752220  0.0000000  0.0000000 
 0.0000000  1.0241370  0.0000000  0.0000000 
 0.0000000  0.0000000  1.0000000  0.0000000 
 0.0000000  0.0000000  0.0000000  1.0000000 

    39.6700000     4.6330000     3.2080000     1.2240000     1.1810000
     0.0848900     0.0327600     0.4728000

-0.0040150  0.0000000  0.0000000  0.0000000 
-0.0341460  0.0000000  0.0000000  0.0000000 
-0.2518170  0.0000000  0.0000000  0.0000000 
 1.1923470  0.0000000  0.0000000  0.0000000 
 0.0000000 -0.0719710  0.0000000  0.0000000 
 0.0000000  1.0102270  0.0000000  0.0000000 
 0.0000000  0.0000000  1.0000000  0.0000000 
 0.0000000  0.0000000  0.0000000  1.0000000 

     9.0510000     1.7770000     0.7848000     0.2899000     0.0910700

 0.0108830  0.0000000  0.0000000 
 0.3118290  0.0000000  0.0000000 
 0.7418020  0.0000000  0.0000000 
 0.0000000  1.0000000  0.0000000 
 0.0000000  0.0000000  1.0000000 

TC:SBKJC VDZ ECP
EMSL BASIS SET LIBRARY

  3
    0    1    2
    4    4    3
    8    8    5

    48.8700000     4.7700000     3.7400000     1.3050000     1.7440000
     0.1206000     0.0431000     0.4940000

-0.0064850  0.0000000  0.0000000  0.0000000 
 1.3309300  0.0000000  0.0000000  0.0000000 
-2.6988320  0.0000000  0.0000000  0.0000000 
 1.9562630  0.0000000  0.0000000  0.0000000 
 0.0000000 -0.0942750  0.0000000  0.0000000 
 0.0000000  1.0286040  0.0000000  0.0000000 
 0.0000000  0.0000000  1.0000000  0.0000000 
 0.0000000  0.0000000  0.0000000  1.0000000 

    48.8700000     4.7700000     3.7400000     1.3050000     1.7440000
     0.1206000     0.0431000     0.4940000

-0.0034920  0.0000000  0.0000000  0.0000000 
 0.0375140  0.0000000  0.0000000  0.0000000 
-0.2978010  0.0000000  0.0000000  0.0000000 
 1.1749000  0.0000000  0.0000000  0.0000000 
 0.0000000 -0.0854010  0.0000000  0.0000000 
 0.0000000  1.0109460  0.0000000  0.0000000 
 0.0000000  0.0000000  1.0000000  0.0000000 
 0.0000000  0.0000000  0.0000000  1.0000000 

     9.4510000     1.8870000     0.8506000     0.3258000     0.1031000

 0.0121950  0.0000000  0.0000000 
 0.3469500  0.0000000  0.0000000 
 0.7071230  0.0000000  0.0000000 
 0.0000000  1.0000000  0.0000000 
 0.0000000  0.0000000  1.0000000 

RU:SBKJC VDZ ECP
EMSL BASIS SET LIBRARY

  3
    0    1    2
    4    4    3
    8    8    5

    56.0000000     4.6250000     3.7930000     1.3670000     1.5280000
     0.0967300     0.0363600     0.5183000

-0.0028370  0.0000000  0.0000000  0.0000000 
 1.8916610  0.0000000  0.0000000  0.0000000 
-3.4310110  0.0000000  0.0000000  0.0000000 
 2.0744460  0.0000000  0.0000000  0.0000000 
 0.0000000 -0.0690350  0.0000000  0.0000000 
 0.0000000  1.0203430  0.0000000  0.0000000 
 0.0000000  0.0000000  1.0000000  0.0000000 
 0.0000000  0.0000000  0.0000000  1.0000000 

    56.0000000     4.6250000     3.7930000     1.3670000     1.5280000
     0.0967300     0.0363600     0.5183000

-0.0031980  0.0000000  0.0000000  0.0000000 
-0.1037660  0.0000000  0.0000000  0.0000000 
-0.1275940  0.0000000  0.0000000  0.0000000 
 1.1465330  0.0000000  0.0000000  0.0000000 
 0.0000000 -0.0729900  0.0000000  0.0000000 
 0.0000000  1.0086420  0.0000000  0.0000000 
 0.0000000  0.0000000  1.0000000  0.0000000 
 0.0000000  0.0000000  0.0000000  1.0000000 

    10.3000000     2.0440000     0.8988000     0.3443000     0.1108000

 0.0119610  0.0000000  0.0000000 
 0.3645750  0.0000000  0.0000000 
 0.6943160  0.0000000  0.0000000 
 0.0000000  1.0000000  0.0000000 
 0.0000000  0.0000000  1.0000000 

RH:SBKJC VDZ ECP
EMSL BASIS SET LIBRARY

  3
    0    1    2
    4    4    3
    8    8    5

    56.8700000     5.9450000     4.0780000     1.5470000     1.8940000
     0.1179000     0.0421900     0.5963000

-0.0030870  0.0000000  0.0000000  0.0000000 
 0.7005100  0.0000000  0.0000000  0.0000000 
-2.1608670  0.0000000  0.0000000  0.0000000 
 2.0294340  0.0000000  0.0000000  0.0000000 
 0.0000000 -0.0817000  0.0000000  0.0000000 
 0.0000000  1.0233080  0.0000000  0.0000000 
 0.0000000  0.0000000  1.0000000  0.0000000 
 0.0000000  0.0000000  0.0000000  1.0000000 

    56.8700000     5.9450000     4.0780000     1.5470000     1.8940000
     0.1179000     0.0421900     0.5963000

-0.0037480  0.0000000  0.0000000  0.0000000 
-0.0147720  0.0000000  0.0000000  0.0000000 
-0.2689750  0.0000000  0.0000000  0.0000000 
 1.1936040  0.0000000  0.0000000  0.0000000 
 0.0000000 -0.0710930  0.0000000  0.0000000 
 0.0000000  1.0082800  0.0000000  0.0000000 
 0.0000000  0.0000000  1.0000000  0.0000000 
 0.0000000  0.0000000  0.0000000  1.0000000 

    11.5600000     2.2400000     1.0150000     0.3960000     0.1262000

 0.0135190  0.0000000  0.0000000 
 0.3700810  0.0000000  0.0000000 
 0.6849360  0.0000000  0.0000000 
 0.0000000  1.0000000  0.0000000 
 0.0000000  0.0000000  1.0000000 

PD:SBKJC VDZ ECP
EMSL BASIS SET LIBRARY

  3
    0    1    2
    4    4    3
    8    8    5

    41.8200000     5.4600000     4.6000000     1.7520000     2.1770000
     0.1149000     0.0421900     0.6691000

-0.0165220  0.0000000  0.0000000  0.0000000 
 2.7494780  0.0000000  0.0000000  0.0000000 
-4.4573430  0.0000000  0.0000000  0.0000000 
 2.2539330  0.0000000  0.0000000  0.0000000 
 0.0000000 -0.0750290  0.0000000  0.0000000 
 0.0000000  1.0190490  0.0000000  0.0000000 
 0.0000000  0.0000000  1.0000000  0.0000000 
 0.0000000  0.0000000  0.0000000  1.0000000 

    41.8200000     5.4600000     4.6000000     1.7520000     2.1770000
     0.1149000     0.0421900     0.6691000

-0.0055550  0.0000000  0.0000000  0.0000000 
 0.0567730  0.0000000  0.0000000  0.0000000 
-0.3886410  0.0000000  0.0000000  0.0000000 
 1.2319970  0.0000000  0.0000000  0.0000000 
 0.0000000 -0.0561780  0.0000000  0.0000000 
 0.0000000  1.0055150  0.0000000  0.0000000 
 0.0000000  0.0000000  1.0000000  0.0000000 
 0.0000000  0.0000000  0.0000000  1.0000000 

    12.4000000     2.4040000     1.1430000     0.4693000     0.1513000

 0.0137590  0.0000000  0.0000000 
 0.3941210  0.0000000  0.0000000 
 0.6559460  0.0000000  0.0000000 
 0.0000000  1.0000000  0.0000000 
 0.0000000  0.0000000  1.0000000 

AG:SBKJC VDZ ECP
EMSL BASIS SET LIBRARY

  3
    0    1    2
    4    4    3
    8    8    5

    63.5600000     6.3900000     5.0220000     1.7890000     2.4510000
     0.1561000     0.0522700     0.6871000

-0.0007310  0.0000000  0.0000000  0.0000000 
 1.3927360  0.0000000  0.0000000  0.0000000 
-2.8731020  0.0000000  0.0000000  0.0000000 
 2.0173610  0.0000000  0.0000000  0.0000000 
 0.0000000 -0.0725390  0.0000000  0.0000000 
 0.0000000  1.0213580  0.0000000  0.0000000 
 0.0000000  0.0000000  1.0000000  0.0000000 
 0.0000000  0.0000000  0.0000000  1.0000000 

    63.5600000     6.3900000     5.0220000     1.7890000     2.4510000
     0.1561000     0.0522700     0.6871000

-0.0042340  0.0000000  0.0000000  0.0000000 
 0.0612760  0.0000000  0.0000000  0.0000000 
-0.3387460  0.0000000  0.0000000  0.0000000 
 1.1908320  0.0000000  0.0000000  0.0000000 
 0.0000000 -0.0498300  0.0000000  0.0000000 
 0.0000000  1.0065160  0.0000000  0.0000000 
 0.0000000  0.0000000  1.0000000  0.0000000 
 0.0000000  0.0000000  0.0000000  1.0000000 

    14.6400000     2.6930000     1.2330000     0.5057000     0.1900000

 0.0136280  0.0000000  0.0000000 
 0.3726950  0.0000000  0.0000000 
 0.6812940  0.0000000  0.0000000 
 0.0000000  1.0000000  0.0000000 
 0.0000000  0.0000000  1.0000000 

CD:SBKJC VDZ ECP
EMSL BASIS SET LIBRARY

  3
    0    1    2
    4    4    3
    8    8    5

    63.3800000     6.7140000     5.6020000     1.9710000     2.6960000
     0.1758000     0.0564700     0.7689000

-0.0004640  0.0000000  0.0000000  0.0000000 
 2.2928770  0.0000000  0.0000000  0.0000000 
-3.9028840  0.0000000  0.0000000  0.0000000 
 2.0846040  0.0000000  0.0000000  0.0000000 
 0.0000000 -0.0648660  0.0000000  0.0000000 
 0.0000000  1.0196610  0.0000000  0.0000000 
 0.0000000  0.0000000  1.0000000  0.0000000 
 0.0000000  0.0000000  0.0000000  1.0000000 

    63.3800000     6.7140000     5.6020000     1.9710000     2.6960000
     0.1758000     0.0564700     0.7689000

-0.0048740  0.0000000  0.0000000  0.0000000 
 0.1896300  0.0000000  0.0000000  0.0000000 
-0.4918720  0.0000000  0.0000000  0.0000000 
 1.2135010  0.0000000  0.0000000  0.0000000 
 0.0000000 -0.0533380  0.0000000  0.0000000 
 0.0000000  1.0071020  0.0000000  0.0000000 
 0.0000000  0.0000000  1.0000000  0.0000000 
 0.0000000  0.0000000  0.0000000  1.0000000 

    15.5100000     2.9410000     1.3790000     0.5782000     0.2300000

 0.0120650  0.0000000  0.0000000 
 0.3701680  0.0000000  0.0000000 
 0.6807600  0.0000000  0.0000000 
 0.0000000  1.0000000  0.0000000 
 0.0000000  0.0000000  1.0000000 

IN:SBKJC VDZ ECP
EMSL BASIS SET LIBRARY

  3
    0    1    2
    4    4    3
    8    8    5

    71.7600000     7.6540000     5.6160000     2.1040000     0.0826700
     2.6100000     0.1901000     0.8410000

 0.0007330  0.0000000  0.0000000  0.0000000 
 1.0897810  0.0000000  0.0000000  0.0000000 
-2.7310890  0.0000000  0.0000000  0.0000000 
 2.1128440  0.0000000  0.0000000  0.0000000 
 0.0000000  1.0000000  0.0000000  0.0000000 
 0.0000000  0.0000000 -0.0996900  0.0000000 
 0.0000000  0.0000000  1.0312300  0.0000000 
 0.0000000  0.0000000  0.0000000  1.0000000 

    71.7600000     7.6540000     5.6160000     2.1040000     0.0826700
     2.6100000     0.1901000     0.8410000

-0.0045130  0.0000000  0.0000000  0.0000000 
 0.0316150  0.0000000  0.0000000  0.0000000 
-0.3380060  0.0000000  0.0000000  0.0000000 
 1.2134640  0.0000000  0.0000000  0.0000000 
 0.0000000  1.0000000  0.0000000  0.0000000 
 0.0000000  0.0000000 -0.1103170  0.0000000 
 0.0000000  0.0000000  1.0139000  0.0000000 
 0.0000000  0.0000000  0.0000000  1.0000000 

    17.1600000     3.1270000     1.4750000     0.6452000     0.2754000

 0.0148930  0.0000000  0.0000000 
 0.3881350  0.0000000  0.0000000 
 0.6626390  0.0000000  0.0000000 
 0.0000000  1.0000000  0.0000000 
 0.0000000  0.0000000  1.0000000 

SN:SBKJC VDZ ECP
EMSL BASIS SET LIBRARY

  2
    0    1
    2    2
    5    5

     2.6040000     0.7532000     0.3191000     0.1239000     0.0479800

 0.0310420  0.0000000 
-0.6118590  0.0000000 
 0.5481630  0.0000000 
 0.8491500  0.0000000 
 0.0000000  1.0000000 

     2.6040000     0.7532000     0.3191000     0.1239000     0.0479800

-0.0050530  0.0000000 
-0.1801000  0.0000000 
 0.3700680  0.0000000 
 0.7813340  0.0000000 
 0.0000000  1.0000000 

SB:SBKJC VDZ ECP
EMSL BASIS SET LIBRARY

  2
    0    1
    2    2
    5    5

     0.9922000     0.8089000     0.4312000     0.1498000     0.0580300

 0.6900760  0.0000000 
-1.5804950  0.0000000 
 0.8152480  0.0000000 
 0.8949940  0.0000000 
 0.0000000  1.0000000 

     0.9922000     0.8089000     0.4312000     0.1498000     0.0580300

 0.1802290  0.0000000 
-0.4870930  0.0000000 
 0.4739360  0.0000000 
 0.8044140  0.0000000 
 0.0000000  1.0000000 

TE:SBKJC VDZ ECP
EMSL BASIS SET LIBRARY

  2
    0    1
    2    2
    5    5

     2.3640000     0.9769000     0.4647000     0.1771000     0.0673700

 0.0871790  0.0000000 
-0.7768260  0.0000000 
 0.5632500  0.0000000 
 0.9260530  0.0000000 
 0.0000000  1.0000000 

     2.3640000     0.9769000     0.4647000     0.1771000     0.0673700

-0.0039820  0.0000000 
-0.2369000  0.0000000 
 0.4014670  0.0000000 
 0.7931790  0.0000000 
 0.0000000  1.0000000 

I:SBKJC VDZ ECP
EMSL BASIS SET LIBRARY

  2
    0    1
    2    2
    5    5

     2.6250000     1.0140000     0.5009000     0.2023000     0.0780000

 0.0736600  0.0000000 
-0.8368700  0.0000000 
 0.6562470  0.0000000 
 0.9007440  0.0000000 
 0.0000000  1.0000000 

     2.6250000     1.0140000     0.5009000     0.2023000     0.0780000

-0.0088800  0.0000000 
-0.2573510  0.0000000 
 0.4553680  0.0000000 
 0.7601070  0.0000000 
 0.0000000  1.0000000 

XE:SBKJC VDZ ECP
EMSL BASIS SET LIBRARY

  2
    0    1
    2    2
    5    5

     1.7390000     1.1690000     0.5765000     0.2218000     0.0848600

 0.3490910  0.0000000 
-1.1975120  0.0000000 
 0.7584090  0.0000000 
 0.8886990  0.0000000 
 0.0000000  1.0000000 

     1.7390000     1.1690000     0.5765000     0.2218000     0.0848600

-0.0054290  0.0000000 
-0.2773420  0.0000000 
 0.4671890  0.0000000 
 0.7634560  0.0000000 
 0.0000000  1.0000000 

CS:SBKJC VDZ ECP
EMSL BASIS SET LIBRARY

  2
    0    1
    2    2
    4    4

     0.1157000     0.0531700     0.0189700     0.0077400

-0.5199940  0.0000000 
 0.4933610  0.0000000 
 0.8723120  0.0000000 
 0.0000000  1.0000000 

     0.1157000     0.0531700     0.0189700     0.0077400

-0.1505600  0.0000000 
 0.2216020  0.0000000 
 0.8964860  0.0000000 
 0.0000000  1.0000000 

BA:SBKJC VDZ ECP
EMSL BASIS SET LIBRARY

  2
    0    1
    2    2
    4    4

     0.1266000     0.0943300     0.0302000     0.0153100

-1.5602870  0.0000000 
 1.4825380  0.0000000 
 0.8789170  0.0000000 
 0.0000000  1.0000000 

     0.1266000     0.0943300     0.0302000     0.0153100

-0.6866370  0.0000000 
 0.8073460  0.0000000 
 0.8224360  0.0000000 
 0.0000000  1.0000000 

LA:SBKJC VDZ ECP
EMSL BASIS SET LIBRARY

  3
    0    1    2
    4    4    3
    9    9    5

     9.1730000     3.1200000     2.1040000     1.3200000     0.4960000
     0.6182000     0.0454600     0.0177500     0.2004000

-0.0548330  0.0000000  0.0000000  0.0000000 
 0.6766040  0.0000000  0.0000000  0.0000000 
-1.0344290  0.0000000  0.0000000  0.0000000 
-0.5189070  0.0000000  0.0000000  0.0000000 
 1.6316030  0.0000000  0.0000000  0.0000000 
 0.0000000 -0.1070950  0.0000000  0.0000000 
 0.0000000  1.0334480  0.0000000  0.0000000 
 0.0000000  0.0000000  1.0000000  0.0000000 
 0.0000000  0.0000000  0.0000000  1.0000000 

     9.1730000     3.1200000     2.1040000     1.3200000     0.4960000
     0.6182000     0.0454600     0.0177500     0.2004000

-0.0097980  0.0000000  0.0000000  0.0000000 
 0.2312620  0.0000000  0.0000000  0.0000000 
-0.6012150  0.0000000  0.0000000  0.0000000 
 0.1951890  0.0000000  0.0000000  0.0000000 
 1.0761370  0.0000000  0.0000000  0.0000000 
 0.0000000 -0.0518690  0.0000000  0.0000000 
 0.0000000  1.0081080  0.0000000  0.0000000 
 0.0000000  0.0000000  1.0000000  0.0000000 
 0.0000000  0.0000000  0.0000000  1.0000000 

     1.2380000     0.6061000     0.2518000     0.0978700     0.0353600

-0.0537970  0.0000000  0.0000000 
 0.3801440  0.0000000  0.0000000 
 0.7203490  0.0000000  0.0000000 
 0.0000000  1.0000000  0.0000000 
 0.0000000  0.0000000  1.0000000 

CE:SBKJC VDZ ECP
EMSL BASIS SET LIBRARY

  4
    0    1    2    3
    4    4    2    2
    6    6    3    7

     3.4570000     4.2910000     2.2900000     0.2857000     0.6684000
     0.0695700

 3.1374910  0.0000000  0.0000000  0.0000000 
-1.4295170  0.0000000  0.0000000  0.0000000 
-2.6758480  0.0000000  0.0000000  0.0000000 
 0.0000000  1.0000000  0.0000000  0.0000000 
 0.0000000  0.0000000  1.0000000  0.0000000 
 0.0000000  0.0000000  0.0000000  1.0000000 

     3.4570000     4.2910000     2.2900000     0.2857000     0.6684000
     0.0695700

 1.9497170  0.0000000  0.0000000  0.0000000 
-0.9123110  0.0000000  0.0000000  0.0000000 
-2.0200370  0.0000000  0.0000000  0.0000000 
 0.0000000  1.0000000  0.0000000  0.0000000 
 0.0000000  0.0000000  1.0000000  0.0000000 
 0.0000000  0.0000000  0.0000000  1.0000000 

     0.5916000     0.3002000     0.1244000

 0.3946620  0.0000000 
 0.6503440  0.0000000 
 0.0000000  1.0000000 

    83.8800000    29.9700000    13.0500000     5.7270000     2.5490000
     1.0750000     0.3986000

 0.0073850  0.0000000 
 0.0618920  0.0000000 
 0.2011820  0.0000000 
 0.3887940  0.0000000 
 0.5522320  0.0000000 
 0.0000000  0.7217270 
 0.0000000  0.3878060 

HF:SBKJC VDZ ECP
EMSL BASIS SET LIBRARY

  3
    0    1    2
    4    4    3
    7    7    5

     4.7110000     3.3310000     0.9844000     0.3587000     0.0856800
     0.0350000     0.6448000

 0.4032730  0.0000000  0.0000000  0.0000000 
-0.9965400  0.0000000  0.0000000  0.0000000 
 0.9793380  0.0000000  0.0000000  0.0000000 
 0.4457910  0.0000000  0.0000000  0.0000000 
 0.0000000  1.0000000  0.0000000  0.0000000 
 0.0000000  0.0000000  1.0000000  0.0000000 
 0.0000000  0.0000000  0.0000000  1.0000000 

     4.7110000     3.3310000     0.9844000     0.3587000     0.0856800
     0.0350000     0.6448000

 0.0137910  0.0000000  0.0000000  0.0000000 
-0.1799910  0.0000000  0.0000000  0.0000000 
 0.6936010  0.0000000  0.0000000  0.0000000 
 0.4618770  0.0000000  0.0000000  0.0000000 
 0.0000000  1.0000000  0.0000000  0.0000000 
 0.0000000  0.0000000  1.0000000  0.0000000 
 0.0000000  0.0000000  0.0000000  1.0000000 

     3.2980000     0.9286000     0.3405000     0.1230000     0.0426800

-0.0050620  0.0000000  0.0000000 
 0.4276360  0.0000000  0.0000000 
 0.6679430  0.0000000  0.0000000 
 0.0000000  1.0000000  0.0000000 
 0.0000000  0.0000000  1.0000000 

TA:SBKJC VDZ ECP
EMSL BASIS SET LIBRARY

  3
    0    1    2
    4    4    3
    7    7    5

     5.5540000     3.4360000     1.0330000     0.3747000     0.0934000
     0.0368400     0.7315000

 0.2644290  0.0000000  0.0000000  0.0000000 
-0.8658430  0.0000000  0.0000000  0.0000000 
 1.0085830  0.0000000  0.0000000  0.0000000 
 0.4208260  0.0000000  0.0000000  0.0000000 
 0.0000000  1.0000000  0.0000000  0.0000000 
 0.0000000  0.0000000  1.0000000  0.0000000 
 0.0000000  0.0000000  0.0000000  1.0000000 

     5.5540000     3.4360000     1.0330000     0.3747000     0.0934000
     0.0368400     0.7315000

 0.0160920  0.0000000  0.0000000  0.0000000 
-0.1828620  0.0000000  0.0000000  0.0000000 
 0.7224420  0.0000000  0.0000000  0.0000000 
 0.4361680  0.0000000  0.0000000  0.0000000 
 0.0000000  1.0000000  0.0000000  0.0000000 
 0.0000000  0.0000000  1.0000000  0.0000000 
 0.0000000  0.0000000  0.0000000  1.0000000 

     3.4380000     1.0160000     0.3733000     0.1351000     0.0480700

-0.0107970  0.0000000  0.0000000 
 0.4394740  0.0000000  0.0000000 
 0.6589290  0.0000000  0.0000000 
 0.0000000  1.0000000  0.0000000 
 0.0000000  0.0000000  1.0000000 

W:SBKJC VDZ ECP
EMSL BASIS SET LIBRARY

  3
    0    1    2
    4    4    3
    7    7    5

     4.3280000     3.8980000     1.1080000     0.4047000     0.0977600
     0.0375000     0.8219000

 1.9739600  0.0000000  0.0000000  0.0000000 
-2.6053770  0.0000000  0.0000000  0.0000000 
 1.0529200  0.0000000  0.0000000  0.0000000 
 0.4126130  0.0000000  0.0000000  0.0000000 
 0.0000000  1.0000000  0.0000000  0.0000000 
 0.0000000  0.0000000  1.0000000  0.0000000 
 0.0000000  0.0000000  0.0000000  1.0000000 

     4.3280000     3.8980000     1.1080000     0.4047000     0.0977600
     0.0375000     0.8219000

 0.1727520  0.0000000  0.0000000  0.0000000 
-0.3483720  0.0000000  0.0000000  0.0000000 
 0.7274250  0.0000000  0.0000000  0.0000000 
 0.4346350  0.0000000  0.0000000  0.0000000 
 0.0000000  1.0000000  0.0000000  0.0000000 
 0.0000000  0.0000000  1.0000000  0.0000000 
 0.0000000  0.0000000  0.0000000  1.0000000 

     3.6530000     1.1120000     0.4148000     0.1495000     0.0525500

-0.0162970  0.0000000  0.0000000 
 0.4501080  0.0000000  0.0000000 
 0.6488570  0.0000000  0.0000000 
 0.0000000  1.0000000  0.0000000 
 0.0000000  0.0000000  1.0000000 

RE:SBKJC VDZ ECP
EMSL BASIS SET LIBRARY

  3
    0    1    2
    4    4    3
    7    7    5

     4.6660000     4.0620000     1.1880000     0.4339000     0.1048000
     0.0398100     0.9127000

 1.4517090  0.0000000  0.0000000  0.0000000 
-2.1017710  0.0000000  0.0000000  0.0000000 
 1.0622950  0.0000000  0.0000000  0.0000000 
 0.4166940  0.0000000  0.0000000  0.0000000 
 0.0000000  1.0000000  0.0000000  0.0000000 
 0.0000000  0.0000000  1.0000000  0.0000000 
 0.0000000  0.0000000  0.0000000  1.0000000 

     4.6660000     4.0620000     1.1880000     0.4339000     0.1048000
     0.0398100     0.9127000

 0.1564570  0.0000000  0.0000000  0.0000000 
-0.3429000  0.0000000  0.0000000  0.0000000 
 0.7385950  0.0000000  0.0000000  0.0000000 
 0.4320920  0.0000000  0.0000000  0.0000000 
 0.0000000  1.0000000  0.0000000  0.0000000 
 0.0000000  0.0000000  1.0000000  0.0000000 
 0.0000000  0.0000000  0.0000000  1.0000000 

     3.8460000     1.2160000     0.4585000     0.1659000     0.0583600

-0.0213600  0.0000000  0.0000000 
 0.4562840  0.0000000  0.0000000 
 0.6436060  0.0000000  0.0000000 
 0.0000000  1.0000000  0.0000000 
 0.0000000  0.0000000  1.0000000 

OS:SBKJC VDZ ECP
EMSL BASIS SET LIBRARY

  3
    0    1    2
    4    4    3
    7    7    5

     5.0190000     4.4440000     1.2300000     0.4501000     0.1104000
     0.0410100     1.0020000

 1.7267290  0.0000000  0.0000000  0.0000000 
-2.3641850  0.0000000  0.0000000  0.0000000 
 1.0704060  0.0000000  0.0000000  0.0000000 
 0.3919560  0.0000000  0.0000000  0.0000000 
 0.0000000  1.0000000  0.0000000  0.0000000 
 0.0000000  0.0000000  1.0000000  0.0000000 
 0.0000000  0.0000000  0.0000000  1.0000000 

     5.0190000     4.4440000     1.2300000     0.4501000     0.1104000
     0.0410100     1.0020000

 0.2839560  0.0000000  0.0000000  0.0000000 
-0.4621630  0.0000000  0.0000000  0.0000000 
 0.7632510  0.0000000  0.0000000  0.0000000 
 0.4039440  0.0000000  0.0000000  0.0000000 
 0.0000000  1.0000000  0.0000000  0.0000000 
 0.0000000  0.0000000  1.0000000  0.0000000 
 0.0000000  0.0000000  0.0000000  1.0000000 

     3.8290000     1.3390000     0.5165000     0.1880000     0.0655200

-0.0281630  0.0000000  0.0000000 
 0.4576330  0.0000000  0.0000000 
 0.6425510  0.0000000  0.0000000 
 0.0000000  1.0000000  0.0000000 
 0.0000000  0.0000000  1.0000000 

IR:SBKJC VDZ ECP
EMSL BASIS SET LIBRARY

  3
    0    1    2
    4    4    3
    7    7    5

     5.5220000     4.5790000     1.2890000     0.4734000     0.1159000
     0.0427600     1.1160000

 1.0528490  0.0000000  0.0000000  0.0000000 
-1.6970010  0.0000000  0.0000000  0.0000000 
 1.0876090  0.0000000  0.0000000  0.0000000 
 0.3772300  0.0000000  0.0000000  0.0000000 
 0.0000000  1.0000000  0.0000000  0.0000000 
 0.0000000  0.0000000  1.0000000  0.0000000 
 0.0000000  0.0000000  0.0000000  1.0000000 

     5.5220000     4.5790000     1.2890000     0.4734000     0.1159000
     0.0427600     1.1160000

 0.1439880  0.0000000  0.0000000  0.0000000 
-0.3255630  0.0000000  0.0000000  0.0000000 
 0.7764420  0.0000000  0.0000000  0.0000000 
 0.3893280  0.0000000  0.0000000  0.0000000 
 0.0000000  1.0000000  0.0000000  0.0000000 
 0.0000000  0.0000000  1.0000000  0.0000000 
 0.0000000  0.0000000  0.0000000  1.0000000 

     4.3930000     1.4030000     0.5593000     0.2129000     0.0763400

-0.0253910  0.0000000  0.0000000 
 0.4757180  0.0000000  0.0000000 
 0.6181820  0.0000000  0.0000000 
 0.0000000  1.0000000  0.0000000 
 0.0000000  0.0000000  1.0000000 

PT:SBKJC VDZ ECP
EMSL BASIS SET LIBRARY

  3
    0    1    2
    4    4    3
    7    7    5

     6.6530000     3.9950000     1.5410000     0.5599000     0.1277000
     0.0475400     1.2000000

 0.2822560  0.0000000  0.0000000  0.0000000 
-1.0759670  0.0000000  0.0000000  0.0000000 
 1.1312550  0.0000000  0.0000000  0.0000000 
 0.4782410  0.0000000  0.0000000  0.0000000 
 0.0000000  1.0000000  0.0000000  0.0000000 
 0.0000000  0.0000000  1.0000000  0.0000000 
 0.0000000  0.0000000  0.0000000  1.0000000 

     6.6530000     3.9950000     1.5410000     0.5599000     0.1277000
     0.0475400     1.2000000

 0.0365750  0.0000000  0.0000000  0.0000000 
-0.2846060  0.0000000  0.0000000  0.0000000 
 0.7523460  0.0000000  0.0000000  0.0000000 
 0.4765850  0.0000000  0.0000000  0.0000000 
 0.0000000  1.0000000  0.0000000  0.0000000 
 0.0000000  0.0000000  1.0000000  0.0000000 
 0.0000000  0.0000000  0.0000000  1.0000000 

     4.6580000     1.4870000     0.6093000     0.2527000     0.0950800

-0.0263270  0.0000000  0.0000000 
 0.4959950  0.0000000  0.0000000 
 0.5948770  0.0000000  0.0000000 
 0.0000000  1.0000000  0.0000000 
 0.0000000  0.0000000  1.0000000 

AU:SBKJC VDZ ECP
EMSL BASIS SET LIBRARY

  3
    0    1    2
    4    4    3
    7    7    5

     7.4190000     4.0230000     1.6980000     0.6271000     0.1515000
     0.0492500     1.5020000

 0.2225460  0.0000000  0.0000000  0.0000000 
-1.0860450  0.0000000  0.0000000  0.0000000 
 1.1560390  0.0000000  0.0000000  0.0000000 
 0.5180610  0.0000000  0.0000000  0.0000000 
 0.0000000  1.0000000  0.0000000  0.0000000 
 0.0000000  0.0000000  1.0000000  0.0000000 
 0.0000000  0.0000000  0.0000000  1.0000000 

     7.4190000     4.0230000     1.6980000     0.6271000     0.1515000
     0.0492500     1.5020000

 0.0199240  0.0000000  0.0000000  0.0000000 
-0.2999970  0.0000000  0.0000000  0.0000000 
 0.7489190  0.0000000  0.0000000  0.0000000 
 0.5040230  0.0000000  0.0000000  0.0000000 
 0.0000000  1.0000000  0.0000000  0.0000000 
 0.0000000  0.0000000  1.0000000  0.0000000 
 0.0000000  0.0000000  0.0000000  1.0000000 

     3.6300000     1.9120000     0.8423000     0.3756000     0.1544000

-0.0874020  0.0000000  0.0000000 
 0.4686340  0.0000000  0.0000000 
 0.6548050  0.0000000  0.0000000 
 0.0000000  1.0000000  0.0000000 
 0.0000000  0.0000000  1.0000000 

HG:SBKJC VDZ ECP
EMSL BASIS SET LIBRARY

  3
    0    1    2
    4    4    3
    8    8    5

    25.5400000     8.4580000     4.4930000     1.7510000     0.6753000
     0.1520000     0.0478000     1.5860000

-0.0220410  0.0000000  0.0000000  0.0000000 
 0.3098450  0.0000000  0.0000000  0.0000000 
-1.0809840  0.0000000  0.0000000  0.0000000 
 1.0936000  0.0000000  0.0000000  0.0000000 
 0.5192020  0.0000000  0.0000000  0.0000000 
 0.0000000  1.0000000  0.0000000  0.0000000 
 0.0000000  0.0000000  1.0000000  0.0000000 
 0.0000000  0.0000000  0.0000000  1.0000000 

    25.5400000     8.4580000     4.4930000     1.7510000     0.6753000
     0.1520000     0.0478000     1.5860000

-0.0060680  0.0000000  0.0000000  0.0000000 
 0.0630000  0.0000000  0.0000000  0.0000000 
-0.3145020  0.0000000  0.0000000  0.0000000 
 0.7463980  0.0000000  0.0000000  0.0000000 
 0.4872530  0.0000000  0.0000000  0.0000000 
 0.0000000  1.0000000  0.0000000  0.0000000 
 0.0000000  0.0000000  1.0000000  0.0000000 
 0.0000000  0.0000000  0.0000000  1.0000000 

     4.2040000     1.8710000     0.8215000     0.3700000     0.1674000

-0.0558490  0.0000000  0.0000000 
 0.4782210  0.0000000  0.0000000 
 0.6220060  0.0000000  0.0000000 
 0.0000000  1.0000000  0.0000000 
 0.0000000  0.0000000  1.0000000 

TL:SBKJC VDZ ECP
EMSL BASIS SET LIBRARY

  3
    0    1    2
    4    4    3
    8    8    5

    27.7200000     8.5830000     4.6500000     1.8760000     0.7369000
     0.1600000     0.0618100     1.6290000

-0.0159390  0.0000000  0.0000000  0.0000000 
 0.3072290  0.0000000  0.0000000  0.0000000 
-1.1245120  0.0000000  0.0000000  0.0000000 
 1.1147980  0.0000000  0.0000000  0.0000000 
 0.5317580  0.0000000  0.0000000  0.0000000 
 0.0000000  1.0000000  0.0000000  0.0000000 
 0.0000000  0.0000000  1.0000000  0.0000000 
 0.0000000  0.0000000  0.0000000  1.0000000 

    27.7200000     8.5830000     4.6500000     1.8760000     0.7369000
     0.1600000     0.0618100     1.6290000

-0.0052810  0.0000000  0.0000000  0.0000000 
 0.0724550  0.0000000  0.0000000  0.0000000 
-0.3434130  0.0000000  0.0000000  0.0000000 
 0.7596200  0.0000000  0.0000000  0.0000000 
 0.4895500  0.0000000  0.0000000  0.0000000 
 0.0000000  1.0000000  0.0000000  0.0000000 
 0.0000000  0.0000000  1.0000000  0.0000000 
 0.0000000  0.0000000  0.0000000  1.0000000 

     4.2840000     2.1360000     0.9832000     0.4500000     0.2040000

-0.0774320  0.0000000  0.0000000 
 0.4554020  0.0000000  0.0000000 
 0.6528920  0.0000000  0.0000000 
 0.0000000  1.0000000  0.0000000 
 0.0000000  0.0000000  1.0000000 

PB:SBKJC VDZ ECP
EMSL BASIS SET LIBRARY

  2
    0    1
    2    2
    5    5

     1.5340000     0.9923000     0.2241000     0.0966400     0.0390000

 0.2256520  0.0000000 
-0.6589980  0.0000000 
 0.7662140  0.0000000 
 0.5009340  0.0000000 
 0.0000000  1.0000000 

     1.5340000     0.9923000     0.2241000     0.0966400     0.0390000

 0.0282570  0.0000000 
-0.1406590  0.0000000 
 0.4281320  0.0000000 
 0.6634220  0.0000000 
 0.0000000  1.0000000 

BI:SBKJC VDZ ECP
EMSL BASIS SET LIBRARY

  2
    0    1
    2    2
    5    5

     1.7460000     0.9925000     0.2642000     0.1135000     0.0464200

 0.1623270  0.0000000 
-0.6538540  0.0000000 
 0.8013500  0.0000000 
 0.5168610  0.0000000 
 0.0000000  1.0000000 

     1.7460000     0.9925000     0.2642000     0.1135000     0.0464200

 0.0160870  0.0000000 
-0.1582840  0.0000000 
 0.4609320  0.0000000 
 0.6497700  0.0000000 
 0.0000000  1.0000000 

PO:SBKJC VDZ ECP
EMSL BASIS SET LIBRARY

  2
    0    1
    2    2
    5    5

     1.8970000     1.0000000     0.3107000     0.1273000     0.0510000

 0.1326900  0.0000000 
-0.6815460  0.0000000 
 0.8401790  0.0000000 
 0.5369420  0.0000000 
 0.0000000  1.0000000 

     1.8970000     1.0000000     0.3107000     0.1273000     0.0510000

 0.0067960  0.0000000 
-0.1761420  0.0000000 
 0.4900920  0.0000000 
 0.6457590  0.0000000 
 0.0000000  1.0000000 

AT:SBKJC VDZ ECP
EMSL BASIS SET LIBRARY

  2
    0    1
    2    2
    5    5

     2.6760000     0.9805000     0.3598000     0.1483000     0.0588700

 0.0689730  0.0000000 
-0.7186680  0.0000000 
 0.9171230  0.0000000 
 0.5467490  0.0000000 
 0.0000000  1.0000000 

     2.6760000     0.9805000     0.3598000     0.1483000     0.0588700

-0.0026520  0.0000000 
-0.1949710  0.0000000 
 0.5061720  0.0000000 
 0.6531710  0.0000000 
 0.0000000  1.0000000 

RN:SBKJC VDZ ECP
EMSL BASIS SET LIBRARY

  2
    0    1
    2    2
    5    5

     2.4890000     1.0130000     0.4072000     0.1646000     0.0650000

 0.0828200  0.0000000 
-0.8032000  0.0000000 
 0.9830730  0.0000000 
 0.5530510  0.0000000 
 0.0000000  1.0000000 

     2.4890000     1.0130000     0.4072000     0.1646000     0.0650000

 0.0047270  0.0000000 
-0.2311800  0.0000000 
 0.5413540  0.0000000 
 0.6477450  0.0000000 
 0.0000000  1.0000000 

! H - HE: J.S. BINKLEY, J.A. POPLE, W.J.HEHRE, J. AM. CHEM.SOC. 102, 939 (1980)
! LI - AR: W.J. STEVENS, H. BASCH, M. KRAUSS, J. CHEM. PHYS. 81, 6026 (1984)
! K - RN:  W.J. STEVENS, M. KRAUSS, H. BASCH, P. G. Jasien, Can. J. Chem. 70,
! 612 (1992)
! CE - LU: T. R. CUNDARI AND W.J. STEVENS, J. CHEM. PHYS. 98, 5555 (1993)
! 



!
!  Effective core Potentials 
!  ------------------------- 
*
LI:ECP-2
# ECP from SBKJC ECP       - 2 CORE ELECTRONS
*
    NCORE = 2     LMAX =4
p-ul
    -0.7306300    1     1.3430600
s-ul
     1.8013100    0     0.6128400
     3.5497100    2     1.6488100
*
BE:ECP-2
# ECP from SBKJC ECP       - 2 CORE ELECTRONS
*
    NCORE = 2     LMAX =4
p-ul
    -0.7897000    1     2.7934700
s-ul
     1.8422900    0     1.1987400
     6.8116900    2     3.2073800
*
B:ECP-2
# ECP from SBKJC ECP       - 2 CORE ELECTRONS
*
    NCORE = 2     LMAX =4
p-ul
    -0.8835500    1     5.6462200
s-ul
     1.8957200    0     1.9206100
    10.9754300    2     5.5517700
*
C:ECP-2
# ECP from SBKJC ECP       - 2 CORE ELECTRONS
*
    NCORE = 2     LMAX =4
p-ul
    -0.8937100    1     8.5646800
s-ul
     1.9292600    0     2.8149700
    14.8819900    2     8.1129600
*
N:ECP-2
# ECP from SBKJC ECP       - 2 CORE ELECTRONS
*
    NCORE = 2     LMAX =4
p-ul
    -0.9121200    1    11.9968600
s-ul
     1.9356500    0     3.8389500
    21.7335500    2    11.7324700
*
O:ECP-2
# ECP from SBKJC ECP       - 2 CORE ELECTRONS
*
    NCORE = 2     LMAX =4
p-ul
    -0.9255000    1    16.1171800
s-ul
     1.9606900    0     5.0534800
    29.1344200    2    15.9533300
*
F:ECP-2
# ECP from SBKJC ECP       - 2 CORE ELECTRONS
*
    NCORE = 2     LMAX =4
p-ul
    -0.9325800    1    20.7395900
s-ul
     2.0364900    0     6.6048800
    27.8627900    2    18.2409200
*
NE:ECP-2
# ECP from SBKJC ECP       - 2 CORE ELECTRONS
*
    NCORE = 2     LMAX =4
p-ul
    -0.9409800    1    26.0166600
s-ul
     2.0995200    0     8.2804700
    31.4671800    2    22.4410200
*
NA:ECP-10
# ECP from SBKJC ECP       - 10 CORE ELECTRONS
*
    NCORE = 10     LMAX =4
d-ul
    -2.3844600    1     0.9000900
s-ul
     6.2341500    0     5.3723200
     9.0837400    2     1.1195900
p-ul
     3.2397100    0     1.2915800
     2.5351400    2     0.6579100
*
MG:ECP-10
# ECP from SBKJC ECP       - 10 CORE ELECTRONS
*
    NCORE = 10     LMAX =4
d-ul
    -2.7729600    1     1.3922000
s-ul
     6.4102900    0     6.9629100
    14.1272700    2     1.5545800
p-ul
     3.2476200    0     1.8917700
     4.3301200    2     0.9823500
*
AL:ECP-10
# ECP from SBKJC ECP       - 10 CORE ELECTRONS
*
    NCORE = 10     LMAX =4
d-ul
    -3.0305500    1     1.9555900
s-ul
     6.0465000    0     7.7885800
    18.8750900    2     1.9902500
p-ul
     3.2946500    0     2.8314600
     6.8702900    2     1.3847900
*
SI:ECP-10
# ECP from SBKJC ECP       - 10 CORE ELECTRONS
*
    NCORE = 10     LMAX =4
d-ul
    -2.9824000    1     2.4627200
s-ul
     6.0055800    0     9.4633800
    23.7764200    2     2.4440800
p-ul
     3.2034500    0     3.8258500
     9.8643800    2     1.8302600
*
P:ECP-10
# ECP from SBKJC ECP       - 10 CORE ELECTRONS
*
    NCORE = 10     LMAX =4
d-ul
    -3.1636100    1     3.1894500
s-ul
     6.2076000    0    11.7932800
    29.4002400    2     2.9533000
p-ul
     3.2408400    0     4.9636800
    13.1077800    2     2.3186500
*
S:ECP-10
# ECP from SBKJC ECP       - 10 CORE ELECTRONS
*
    NCORE = 10     LMAX =4
d-ul
    -3.2983900    1     3.9893000
s-ul
     6.4449600    0    15.5806400
    35.6270800    2     3.5017600
p-ul
     3.3570500    0     6.8854000
    17.5423700    2     2.9069000
*
CL:ECP-10
# ECP from SBKJC ECP       - 10 CORE ELECTRONS
*
    NCORE = 10     LMAX =4
d-ul
    -3.4073800    1     4.8748300
s-ul
     6.5096600    0    17.0036700
    42.2778500    2     4.1038000
p-ul
     3.4286000    0     8.9002900
    22.1525600    2     3.5264800
*
AR:ECP-10
# ECP from SBKJC ECP       - 10 CORE ELECTRONS
*
    NCORE = 10     LMAX =4
d-ul
    -3.4880600    1     5.8230300
s-ul
     7.6785500    0    25.9384100
    49.9263700    2     4.7378000
p-ul
     3.5250000    0    11.4117800
    27.4168600    2     4.2047600
*
K:ECP-18
# ECP from SBKJC ECP       - 18 CORE ELECTRONS
*
    NCORE = 18     LMAX =4
d-ul
    -4.3000200    1     0.4965200
s-ul
     6.7153000    0     2.4873100
     8.4668300    2     0.6019000
p-ul
     7.0625200    0     0.9417000
     2.6986800    2     0.3362300
*
CA:ECP-18
# ECP from SBKJC ECP       - 18 CORE ELECTRONS
*
    NCORE = 18     LMAX =4
d-ul
    -5.8197000    1     2.3804500
    -2.1654800    1     0.4063900
s-ul
     8.0052200    0     2.1054300
     8.9475100    2     0.6686500
p-ul
     8.6622200    0     1.7941300
     5.5721800    2     0.4932300
*
SC:ECP-10
# ECP from SBKJC ECP       - 10 CORE ELECTRONS
*
    NCORE = 10     LMAX =4
d-ul
    -3.6695600    1     9.9571200
s-ul
     3.7188500    0     1.4640900
   178.2606600    2     3.5921700
  -161.7839400    2     3.3258300
p-ul
     3.9304800    0    23.5384900
    45.6914000    2     6.5841500
*
TI:ECP-10
# ECP from SBKJC ECP       - 10 CORE ELECTRONS
*
    NCORE = 10     LMAX =4
d-ul
    -3.6658100    1    11.2097100
s-ul
     3.8806700    0     1.6117200
   172.2505100    2     4.0096000
  -155.0835600    2     3.6640600
p-ul
     4.0443300    0    31.6778200
    53.0004800    2     7.4579300
*
V:ECP-10
# ECP from SBKJC ECP       - 10 CORE ELECTRONS
*
    NCORE = 10     LMAX =4
d-ul
    -3.7914600    1    12.7965900
s-ul
     3.4325800    0     1.5043900
   178.0395700    2     4.2732100
  -156.3060500    2     3.8412100
p-ul
     3.7648100    0    30.8372000
    58.9650300    2     8.3445400
*
CR:ECP-10
# ECP from SBKJC ECP       - 10 CORE ELECTRONS
*
    NCORE = 10     LMAX =4
d-ul
    -3.6436200    1    13.9330700
s-ul
     3.5967900    0     1.7213600
   184.0766300    2     4.7568100
  -161.4199600    2     4.2534800
p-ul
     3.6886200    0    32.2822300
    65.4804600    2     9.2813700
*
MN:ECP-10
# ECP from SBKJC ECP       - 10 CORE ELECTRONS
*
    NCORE = 10     LMAX =4
d-ul
    -3.8525400    1    15.8859200
s-ul
     3.7126400    0     2.0598100
   181.6744200    2     5.4324800
  -156.3370400    2     4.7988700
p-ul
     4.3680400    0    49.7676500
    75.5324200    2    10.3662300
*
FE:ECP-10
# ECP from SBKJC ECP       - 10 CORE ELECTRONS
*
    NCORE = 10     LMAX =4
d-ul
    -3.8942300    1    17.6191000
s-ul
     3.8170600    0     2.3315000
   172.0534900    2     6.0836500
  -144.7005600    2     5.2665900
p-ul
     4.1373700    0    49.4045600
    82.7369600    2    11.4018300
*
CO:ECP-10
# ECP from SBKJC ECP       - 10 CORE ELECTRONS
*
    NCORE = 10     LMAX =4
d-ul
    -3.9474600    1    19.4455900
s-ul
     3.0770500    0     2.2593500
   215.4838200    2     6.6666500
  -174.1181600    2     5.7681800
p-ul
     3.9532100    0    50.2814600
    90.9004300    2    12.5261000
*
NI:ECP-10
# ECP from SBKJC ECP       - 10 CORE ELECTRONS
*
    NCORE = 10     LMAX =4
d-ul
    -3.9933700    1    21.3637300
s-ul
     3.4257200    0     2.2181700
   218.5414600    2     6.7158500
  -184.1096100    2     5.8085600
p-ul
     3.8754000    0    56.4535300
    99.6828900    2    13.6653400
*
CU:ECP-10
# ECP from SBKJC ECP       - 10 CORE ELECTRONS
*
    NCORE = 10     LMAX =4
d-ul
    -4.0027600    1    23.2906000
s-ul
     3.3246500    0     2.6205900
   224.3233000    2     7.8108200
  -180.3047000    2     6.6332400
p-ul
     3.4213000    0    51.1573400
   105.7012600    2    14.7340600
*
ZN:ECP-10
# ECP from SBKJC ECP       - 10 CORE ELECTRONS
*
    NCORE = 10     LMAX =4
d-ul
    -3.9164800    1    24.8870500
s-ul
     3.4308200    0     2.7915900
   244.3163400    2     8.3267600
  -199.4271100    2     7.0965100
p-ul
     4.1147300    0    75.7060300
   118.2993600    2    16.0762700
*
GA:ECP-10
# ECP from SBKJC ECP       - 10 CORE ELECTRONS
*
    NCORE = 10     LMAX =4
d-ul
    -3.8736300    1    26.7430200
s-ul
     4.1247200    0     3.4653000
   260.7326300    2     9.1113000
  -223.9600300    2     7.8932900
p-ul
     4.2003300    0    79.9935300
   127.9913900    2    17.3911400
*
GE:ECP-28
# ECP from SBKJC ECP       - 28 CORE ELECTRONS
*
    NCORE = 28     LMAX =4
f-ul
    -1.2685900    1     0.8275100
s-ul
     6.7702700    0    12.2483900
    27.2190700    2     2.4129100
p-ul
     8.3125300    0    15.5555600
    15.5329200    2     1.8203100
d-ul
     1.6236000    0     3.0697000
     3.2066000    2     0.8052500
*
AS:ECP-28
# ECP from SBKJC ECP       - 28 CORE ELECTRONS
*
    NCORE = 28     LMAX =4
f-ul
    -4.7702800    1     1.6458300
s-ul
    13.0339800    0    20.7616000
    43.1242900    2     2.8008400
p-ul
     6.4406300    0    16.0583400
    28.1211700    2     2.2943200
d-ul
     2.2350800    0     1.1208600
     4.6072100    2     1.1214000
*
SE:ECP-28
# ECP from SBKJC ECP       - 28 CORE ELECTRONS
*
    NCORE = 28     LMAX =4
f-ul
    -5.5849800    1     2.0935600
s-ul
    13.2808100    0    20.5564400
    51.0001100    2     3.1549000
p-ul
     1.7964000    0     2.5849500
    30.4378700    2     2.5852600
d-ul
     2.4000100    0     1.3829000
     6.5994800    2     1.4267100
*
BR:ECP-28
# ECP from SBKJC ECP       - 28 CORE ELECTRONS
*
    NCORE = 28     LMAX =4
f-ul
    -4.7820600    1     2.1211600
s-ul
     2.6019000    0     3.2153800
    44.1516500    2     3.2163900
p-ul
     2.0947800    0     2.7270400
    30.5954600    2     2.7276200
d-ul
     1.7937500    0     1.7316800
    10.0466000    2     1.7324600
*
KR:ECP-28
# ECP from SBKJC ECP       - 28 CORE ELECTRONS
*
    NCORE = 28     LMAX =4
f-ul
    -5.6122000    1     2.6429500
s-ul
     2.3606600    0     3.5927600
    51.8862900    2     3.5793300
p-ul
     2.3498200    0     3.0713200
    35.6702900    2     3.0723800
d-ul
     2.8545900    0     7.0867700
    16.2938600    2     2.1505800
*
RB:ECP-36
# ECP from SBKJC ECP       - 36 CORE ELECTRONS
*
    NCORE = 36     LMAX =4
f-ul
    -3.2394200    1     0.3639500
s-ul
    -2.4985500    2     0.2104800
    26.3742800    0     0.1869300
   -21.2081300    0     0.4003100
p-ul
     2.4883900    2     0.2653900
     5.4600200    0     0.6985000
d-ul
    -4.3886100    2     0.1350700
    28.3265400    0     0.0827200
   -26.5945800    0     0.2636500
*
SR:ECP-36
# ECP from SBKJC ECP       - 36 CORE ELECTRONS
*
    NCORE = 36     LMAX =4
f-ul
    -4.1359600    1     0.5167600
s-ul
    -3.7912100    2     0.2323100
    24.1676800    0     0.1802900
   -17.3854200    0     0.5217000
p-ul
     5.4643900    2     0.4022700
    10.4984100    0     1.3007400
d-ul
    -1.7372700    2     0.2694900
    37.4395600    0     0.2555000
   -36.0039300    0     0.2886800
*
Y:ECP-28
# ECP from SBKJC ECP       - 28 CORE ELECTRONS
*
    NCORE = 28     LMAX =4
f-ul
    -3.7082700    1     3.1332300
s-ul
     3.5245800    0     0.7473400
  -115.6779500    2     2.1104600
   141.6655100    2     2.3743100
p-ul
     3.4531900    0     0.8292400
   -67.4619200    2     1.9297300
    85.0945300    2     2.2037900
d-ul
     2.2959000    0     9.3677000
    20.6218200    2     2.8303800
*
ZR:ECP-28
# ECP from SBKJC ECP       - 28 CORE ELECTRONS
*
    NCORE = 28     LMAX =4
f-ul
    -6.1192300    1     4.3144100
s-ul
     4.5703100    0     0.9303500
  -112.5585400    2     2.3300300
   139.0297200    2     2.6663200
p-ul
     4.0452400    0     0.9775300
   -66.6476800    2     2.1499800
    86.3703400    2     2.5089200
d-ul
     5.6408500    0    16.5759800
    26.6609300    2     3.3207900
*
NB:ECP-28
# ECP from SBKJC ECP       - 28 CORE ELECTRONS
*
    NCORE = 28     LMAX =4
f-ul
    -5.8169500    1     4.6419800
s-ul
     4.9993700    0     1.0733900
  -100.1785600    2     2.5117400
   127.2157000    2     2.9394000
p-ul
     3.6479400    0     0.9962600
   -62.1743700    2     2.2802000
    85.8084500    2     2.7336000
d-ul
     2.7720600    0    10.4880300
    29.0524600    2     3.6426600
*
MO:ECP-28
# ECP from SBKJC ECP       - 28 CORE ELECTRONS
*
    NCORE = 28     LMAX =4
f-ul
    -7.2300900    1     5.6250700
s-ul
     3.8369500    0     1.0190700
   -90.1915100    2     2.6838600
   129.3521400    2     3.2794500
p-ul
     3.8329500    0     1.1095700
   -62.9823100    2     2.4970800
    89.7747800    2     3.0474000
d-ul
     2.7348600    0     9.7040000
    32.5323100    2     4.0309800
*
TC:ECP-28
# ECP from SBKJC ECP       - 28 CORE ELECTRONS
*
    NCORE = 28     LMAX =4
f-ul
    -7.5435600    1     6.2606700
s-ul
     4.3137700    0     1.1773100
   -80.6184700    2     2.8641800
   120.8254700    2     3.6143200
p-ul
     3.3895200    0     1.0844900
   -57.0656800    2     2.5990700
    89.0301600    2     3.3045200
d-ul
     2.8636500    0    11.6209200
    37.1801400    2     4.4590000
*
RU:ECP-28
# ECP from SBKJC ECP       - 28 CORE ELECTRONS
*
    NCORE = 28     LMAX =4
f-ul
    -7.9844800    1     6.9830400
s-ul
     4.8238400    0     1.2939300
   -81.3193600    2     3.0487100
   124.3691700    2     3.8716300
p-ul
     3.8659000    0     1.2027300
   -72.1504800    2     2.8230300
   103.6700600    2     3.4839100
d-ul
     3.2108300    0    14.3374300
    42.0732100    2     4.9000300
*
RH:ECP-28
# ECP from SBKJC ECP       - 28 CORE ELECTRONS
*
    NCORE = 28     LMAX =4
f-ul
    -8.1322500    1     7.6496800
s-ul
     5.2077300    0     1.3377700
   -50.0684600    2     2.9530800
    90.3685900    2     4.3913100
p-ul
     3.8587400    0     1.1946800
   -72.7434800    2     2.9243400
   106.1161500    2     3.6750300
d-ul
     3.3482500    0    17.8924800
    47.1388300    2     5.3487400
*
PD:ECP-28
# ECP from SBKJC ECP       - 28 CORE ELECTRONS
*
    NCORE = 28     LMAX =4
f-ul
    -8.3346600    1     8.3432700
s-ul
     3.9780900    0     1.2131500
   218.9925000    2     4.0330100
  -168.4440400    2     3.4577200
p-ul
     4.1402100    0     1.4560700
   108.3260100    2     4.0551000
   -72.8314700    2     3.2161600
d-ul
     3.3061100    0    19.5447700
    52.7880200    2     5.8466400
*
AG:ECP-28
# ECP from SBKJC ECP       - 28 CORE ELECTRONS
*
    NCORE = 28     LMAX =4
f-ul
    -8.4466900    1     9.0169600
s-ul
     6.2063400    0     1.5174000
   -56.8262400    2     3.2308800
    92.4017300    2     4.8274700
p-ul
     3.7563700    0     1.2169900
   -80.9533500    2     3.1861500
   118.8680100    2     4.0534900
d-ul
     3.4089500    0    22.9402000
    57.1051300    2     6.2662700
*
CD:ECP-28
# ECP from SBKJC ECP       - 28 CORE ELECTRONS
*
    NCORE = 28     LMAX =4
f-ul
    -8.6986400    1     9.8132500
s-ul
     6.5693400    0     1.6047600
   -59.3639500    2     3.3772700
    93.5961000    2     5.0887600
p-ul
     3.6786300    0     1.2517100
  -104.5069400    2     3.4259200
   145.6731600    2     4.2141500
d-ul
     3.3309400    0    22.3533700
    62.0661600    2     6.7540800
*
IN:ECP-28
# ECP from SBKJC ECP       - 28 CORE ELECTRONS
*
    NCORE = 28     LMAX =4
f-ul
    -8.8403100    1    10.5898700
s-ul
     6.9012400    0     1.7388300
   -68.4831900    2     3.6280600
   101.7727200    2     5.3027000
p-ul
     3.9855400    0     1.4304500
  -129.7859400    2     3.7444700
   171.9048700    2     4.4767900
d-ul
     3.4924400    0    29.1607200
    68.2781600    2     7.2656600
*
SN:ECP-46
# ECP from SBKJC ECP       - 46 CORE ELECTRONS
*
    NCORE = 46     LMAX =4
f-ul
    -5.6068200    1     0.8205000
s-ul
     7.1848700    0     2.6050400
   -73.0658100    2     0.9578000
    91.8477100    2     1.0135600
p-ul
     5.0731100    0     0.6794700
   -87.0367400    2     0.7427600
    95.3704800    2     0.7629200
d-ul
     5.1024300    0     1.6543000
     5.2746600    2     0.6030100
*
SB:ECP-46
# ECP from SBKJC ECP       - 46 CORE ELECTRONS
*
    NCORE = 46     LMAX =4
f-ul
    -2.9095100    1     0.7549000
   -12.4492100    1     2.8307200
s-ul
     7.5559200    0     5.8681900
   -53.0139500    2     1.1003600
    79.9905300    2     1.2179000
p-ul
     8.3036000    0     3.5143000
   -29.0470800    2     0.8646100
    45.5661000    2     0.9602900
d-ul
     9.2218200    0     2.4598100
     7.9212900    2     0.7641500
*
TE:ECP-46
# ECP from SBKJC ECP       - 46 CORE ELECTRONS
*
    NCORE = 46     LMAX =4
f-ul
    -3.9598400    1     0.9484700
   -13.4287100    1     3.9468200
s-ul
    12.9566500    0     3.4940000
   -47.4588200    2     1.2147700
    72.7751400    2     1.3353000
p-ul
     8.4792100    0     1.3739400
   -39.4068400    2     1.2776100
    51.9367300    2     1.2842500
d-ul
    11.5466300    0     3.6661800
    11.2377600    2     0.9318900
*
I:ECP-46
# ECP from SBKJC ECP       - 46 CORE ELECTRONS
*
    NCORE = 46     LMAX =4
f-ul
    -3.6963900    1     0.9762800
   -14.0030500    1     4.3334300
s-ul
    12.1112300    0     4.1307100
   -41.0920600    2     1.3337500
    70.7376100    2     1.4912100
p-ul
    10.5927100    0     3.0469200
   -46.0227300    2     1.0633900
    65.0504700    2     1.1440500
d-ul
     9.7308900    0     3.9306300
    13.9888000    2     1.0692000
*
XE:ECP-46
# ECP from SBKJC ECP       - 46 CORE ELECTRONS
*
    NCORE = 46     LMAX =4
f-ul
    -5.1053800    1     1.2706800
   -14.3987300    1     5.9046900
s-ul
    13.4427800    0     7.1574400
   -45.4891800    2     1.4521700
    83.2162700    2     1.6547800
p-ul
    12.7375800    0     4.3614400
   -49.6013700    2     1.2545500
    75.5773300    2     1.3643900
d-ul
    17.7904100    0     5.8989700
    17.2535800    2     1.2348500
*
CS:ECP-54
# ECP from SBKJC ECP       - 54 CORE ELECTRONS
*
    NCORE = 54     LMAX =4
f-ul
    -5.0187400    1     0.3135600
s-ul
     6.7962900    0     0.4009300
   -12.2757100    2     0.6520300
    13.7244200    2     0.4538400
p-ul
    12.3001800    0     0.6728700
     2.9522200    2     0.2229000
d-ul
     1.9679300    0     0.4083500
    -0.8050000    2     0.2015400
     2.4709600    1     0.2441300
*
BA:ECP-54
# ECP from SBKJC ECP       - 54 CORE ELECTRONS
*
    NCORE = 54     LMAX =4
f-ul
    -4.8958400    1     0.3786600
   -17.4720100    1     3.1742300
s-ul
    13.4601700    0     0.4068700
   -14.3352300    2     0.9426600
     8.1263400    2     0.4660500
p-ul
    17.0358800    0     1.1772700
     4.7470600    2     0.2898100
d-ul
    12.7880700    1     1.0045000
    -0.2867700    1     0.1439400
*
LA:ECP-46
# ECP from SBKJC ECP       - 46 CORE ELECTRONS
*
    NCORE = 46     LMAX =4
g-ul
    -2.8566500    1     1.4234500
s-ul
     8.8534700    0    22.2973900
   -68.4177800    2     1.6432000
   110.1246300    2     1.8512200
p-ul
     2.9867500    0     1.7763500
   -35.5181500    2     3.9894100
    53.6542300    2     2.4752400
d-ul
     1.6729800    0     1.5216900
    18.4662500    2     1.5218200
f-ul
    -4.6443000    1     2.6776200
   -14.4310100    1    10.0660800
*
CE:ECP-46
# ECP from SBKJC ECP       - 46 CORE ELECTRONS
*
    NCORE = 46     LMAX =4
f-ul
   -15.3487600    1     9.2074800
    -5.8432400    1     1.8673000
s-ul
  -255.5623800    2     1.8937000
   307.3139300    2     1.9791500
    10.6699000    0    10.7429700
p-ul
    12.2292100    0     7.7559300
   124.9424700    2     1.8156400
   -84.5999900    2     1.6716500
d-ul
    24.9446800    2     1.7064200
    10.2861400    0     6.4893400
*
HF:ECP-60
# ECP from SBKJC ECP       - 60 CORE ELECTRONS
*
    NCORE = 60     LMAX =4
g-ul
    -2.5902000    1     1.1409000
s-ul
     5.0860200    0    18.9821000
   -76.3464600    2     3.9241300
   154.1261600    2     4.3200200
p-ul
     3.8026300    0     1.1100800
  -133.1277200    2     2.3892000
   159.3948800    2     2.5817100
d-ul
     5.2348600    0    21.0000000
    30.0985100    2     2.8048700
f-ul
    11.0370000    0     1.1137700
*
TA:ECP-60
# ECP from SBKJC ECP       - 60 CORE ELECTRONS
*
    NCORE = 60     LMAX =4
g-ul
    -4.3344000    1     1.6526200
s-ul
     4.2402200    0     3.7845000
   -30.3823100    2     3.1783800
    89.3281100    2     3.9505800
p-ul
     3.3386800    0     1.0058000
  -138.0217300    2     2.3539000
   171.5334900    2     2.5819100
d-ul
     3.0491300    0    24.2912900
    41.2051500    2     3.1860400
f-ul
     7.8463400    0     1.1301100
*
W:ECP-60
# ECP from SBKJC ECP       - 60 CORE ELECTRONS
*
    NCORE = 60     LMAX =4
g-ul
    -5.2648000    1     2.0382800
s-ul
     2.4729900    0     0.9651400
   -52.0717800    2     2.6550200
   113.4674500    2     3.6271300
p-ul
     3.9108500    0     1.2390200
  -135.3160700    2     2.5412200
   172.3697600    2     2.8079700
d-ul
     3.8734900    0    27.5593500
    49.5251100    2     3.5197300
f-ul
     6.9947100    0     1.2056100
*
RE:ECP-60
# ECP from SBKJC ECP       - 60 CORE ELECTRONS
*
    NCORE = 60     LMAX =4
g-ul
    -6.6222500    1     2.5173100
s-ul
     3.3206700    0     1.0060300
   -39.9186000    2     2.5206500
   101.8323600    2     3.8655000
p-ul
     3.8373500    0     1.2288400
  -121.9941600    2     2.6503300
   166.1714400    2     3.0168600
d-ul
     4.5781900    0    29.2349900
    58.7277600    2     3.8642200
f-ul
     6.4431500    0     1.2745600
*
OS:ECP-60
# ECP from SBKJC ECP       - 60 CORE ELECTRONS
*
    NCORE = 60     LMAX =4
g-ul
    -7.9675300    1     3.0108400
s-ul
     4.0347800    0     1.1700600
   -84.7526100    2     2.9343500
   148.9441000    2     3.8266300
p-ul
     3.1045400    0     1.0217800
  -120.7011700    2     2.6601300
   172.7712800    2     3.1043500
d-ul
     6.6350700    0    31.0000000
    66.8572600    2     4.1795300
f-ul
     6.3312000    0     1.3874200
*
IR:ECP-60
# ECP from SBKJC ECP       - 60 CORE ELECTRONS
*
    NCORE = 60     LMAX =4
g-ul
    -8.9820800    1     3.4685900
s-ul
     4.8362900    0     1.2740300
   -98.4762400    2     3.0797000
   162.5817300    2     3.9715300
p-ul
     3.8002100    0     1.0834200
  -151.6591000    2     2.7943200
   203.9621600    2     3.2100800
d-ul
     7.9687400    0    33.0000000
    73.9784400    2     4.4718800
f-ul
     6.2855900    0     1.4852400
*
PT:ECP-60
# ECP from SBKJC ECP       - 60 CORE ELECTRONS
*
    NCORE = 60     LMAX =4
g-ul
    -9.7985400    1     3.9081300
s-ul
     5.7984300    0     1.3627900
  -187.5159400    2     3.3422700
   247.9690600    2     3.9113600
p-ul
     3.6705500    0     1.0758600
   -93.0205500    2     2.8044300
   151.5591500    2     3.5249100
d-ul
    13.0935300    0    42.6311600
    80.2938500    2     4.7446800
f-ul
     6.1387000    0     1.5898800
*
AU:ECP-60
# ECP from SBKJC ECP       - 60 CORE ELECTRONS
*
    NCORE = 60     LMAX =4
g-ul
   -10.7235800    1     4.3876300
s-ul
     6.3561200    0     1.5563600
  -364.4403900    2     3.7159300
   428.1975300    2     4.0679200
p-ul
     4.4151800    0     1.1879800
  -136.5755000    2     3.0155100
   194.2053500    2     3.5958800
d-ul
     8.8819800    0    35.2500000
    86.7661200    2     5.0230700
f-ul
     6.2160300    0     1.6888100
*
HG:ECP-60
# ECP from SBKJC ECP       - 60 CORE ELECTRONS
*
    NCORE = 60     LMAX =4
g-ul
   -11.5161800    1     4.8576400
s-ul
     4.0954700    0     1.1735700
  -310.0889800    2     3.7096600
   394.6873500    2     4.1879300
p-ul
     3.6120200    0     0.9591300
  -148.4285000    2     2.9926800
   211.8316100    2     3.5835300
d-ul
     8.2707400    0    35.5466500
    92.8567800    2     5.2931800
f-ul
     6.2830200    0     1.8097800
*
TL:ECP-60
# ECP from SBKJC ECP       - 60 CORE ELECTRONS
*
    NCORE = 60     LMAX =4
g-ul
   -12.1378700    1     5.3129400
s-ul
     4.7783300    0     1.2956600
  -253.1959200    2     3.8066500
   337.0534900    2     4.4323300
p-ul
     3.4591200    0     0.9478200
  -168.9409100    2     3.1437800
   238.1090100    2     3.7356200
d-ul
     7.4113700    0    33.4308000
    98.4988300    2     5.5517400
f-ul
     6.2760600    0     1.9138500
*
PB:ECP-78
# ECP from SBKJC ECP       - 78 CORE ELECTRONS
*
    NCORE = 78     LMAX =4
g-ul
    -2.7646400    1     0.5175600
s-ul
     6.9477400    0     2.4436300
   -17.7210600    2     0.8202200
    32.3956400    2     0.9766200
p-ul
     4.9461900    0     1.4904100
   -17.1603300    2     0.5986100
    26.0604000    2     0.6691600
d-ul
     4.9976200    0     2.1920300
     4.5273000    2     0.4693700
f-ul
     4.9582700    0     0.6908100
  -124.1575800    2     0.2068000
   125.3279800    2     0.2077300
*
BI:ECP-78
# ECP from SBKJC ECP       - 78 CORE ELECTRONS
*
    NCORE = 78     LMAX =4
g-ul
    -5.3499100    1     0.7794100
s-ul
     5.9122400    0     0.5808200
   -46.5235400    2     0.8648000
    58.3067300    2     0.9568200
p-ul
     7.5877200    0     2.4186000
    -1.5513300    2     0.5122900
    17.6506200    2     0.9842900
d-ul
     8.2093500    0     4.1021200
     8.3897000    2     0.6305200
f-ul
   -31.2248100    0     0.5710800
    31.9991800    0     1.1764300
    16.8228700    2     0.7883200
*
PO:ECP-78
# ECP from SBKJC ECP       - 78 CORE ELECTRONS
*
    NCORE = 78     LMAX =4
g-ul
    -6.9142600    1     0.9823600
s-ul
     5.3876500    0     0.3938800
   -41.3598700    2     0.8440500
    55.7173500    2     0.9960100
p-ul
    11.8444900    0     4.8787700
    -2.2984800    2     0.8434700
    27.8543100    2     1.2654400
d-ul
     9.5126100    0     2.5280300
    11.3802900    2     0.7586400
f-ul
   -32.3272700    0     0.4492300
    33.5754000    0     0.7131700
     7.8921300    2     0.5624900
*
AT:ECP-78
# ECP from SBKJC ECP       - 78 CORE ELECTRONS
*
    NCORE = 78     LMAX =4
g-ul
    -8.2282100    1     1.1814200
s-ul
     6.6530200    0     0.4927600
   -15.9865400    2     0.8542100
    33.1006000    2     1.2755500
p-ul
    10.7314700    0     3.3738100
  -128.8272900    2     0.9372800
   150.8082100    2     0.9748800
d-ul
    15.8316600    0     3.8863800
    14.5515000    2     0.8767900
f-ul
     4.2709700    0     1.1228400
    -3.3950000    2     1.1553000
*
RN:ECP-78
# ECP from SBKJC ECP       - 78 CORE ELECTRONS
*
    NCORE = 78     LMAX =4
g
    -9.3699100    1     1.3792000
s-g
     5.2564400    0     0.4716900
   -39.2759800    2     1.0126800
    62.1928700    2     1.2695200
p-g
     7.3863100    0     3.3253400
   -45.6783000    2     0.9995000
    71.8138500    2     1.1162000
d-g
     4.9048400    0     0.9221400
    12.6159800    2     0.9222100
f-g
     2.9692400    0     1.6173500
    -0.1784400    2     0.3215000
*


