!  SDB-aug-cc-pVTZ  EMSL  Basis Set Exchange Library   3/19/13 6:45 PM
! Elements                             References
! --------                             ----------
! Ga - Kr: J.M.L. Martin and A. Sundermann, J. Chem. Phys. 114, 3408 (2001). 
! In - Xe: 
!   

! Elements                             References
! --------                             ---------
! Ga - Kr: J.M.L. Martin and A. Sundermann, J. Chem. Phys. 114, 3408 (2001).
! In - Xe: 
!   


GA:SDB-aug-cc-pVTZ
EMSL BASIS SET LIBRARY

  4
    0    1    2    3
    4    4    3    2
   15   11    3    2

   183.6812990   101.6371440    56.2393070    31.1191320    17.2192800
     9.5280160     5.2721770     2.9172760     1.6142290     0.8932080
     0.4934650     0.0442640     0.2128450     0.0976160     0.0287480

 0.0000460  0.0000000  0.0000000  0.0000000 
-0.0002650  0.0000000  0.0000000  0.0000000 
 0.0009720  0.0000000  0.0000000  0.0000000 
-0.0033350  0.0000000  0.0000000  0.0000000 
 0.0135370  0.0000000  0.0000000  0.0000000 
-0.0602290  0.0000000  0.0000000  0.0000000 
 0.1745210  0.0000000  0.0000000  0.0000000 
-0.1409590  0.0000000  0.0000000  0.0000000 
-0.1325860  0.0000000  0.0000000  0.0000000 
-0.1725520  0.0000000  0.0000000  0.0000000 
 0.0809420  0.0000000  0.0000000  0.0000000 
 0.1400920  0.0000000  0.0000000  0.0000000 
 0.4708480  1.0000000  0.0000000  0.0000000 
 0.5137120  0.0000000  1.0000000  0.0000000 
 0.0000000  0.0000000  0.0000000  1.0000000 

    16.3427320     9.0348110     4.9947470     2.7612640     1.5265190
     0.8439110     0.3257830     0.0274030     0.1428090     0.0628660
     0.0146100

 0.0006170  0.0000000  0.0000000  0.0000000 
-0.0063630  0.0000000  0.0000000  0.0000000 
 0.0317160  0.0000000  0.0000000  0.0000000 
-0.0473460  0.0000000  0.0000000  0.0000000 
-0.0485180  0.0000000  0.0000000  0.0000000 
-0.0000290  0.0000000  0.0000000  0.0000000 
 0.1817710  0.0000000  0.0000000  0.0000000 
 0.1471610  0.0000000  0.0000000  0.0000000 
 0.3992510  1.0000000  0.0000000  0.0000000 
 0.4234250  0.0000000  1.0000000  0.0000000 
 0.0000000  0.0000000  0.0000000  1.0000000 

     0.3158480     0.1115430     0.0349270

 1.0000000  0.0000000  0.0000000 
 0.0000000  1.0000000  0.0000000 
 0.0000000  0.0000000  1.0000000 

     0.2838330     0.0969550

 1.0000000  0.0000000 
 0.0000000  1.0000000 

GE:SDB-aug-cc-pVTZ
EMSL BASIS SET LIBRARY

  4
    0    1    2    3
    4    4    3    2
   15   11    3    2

   592.2227540   299.5004840   151.4641900    76.5988780    38.7377900
    19.5905800     9.9074010     5.0103970     2.5338720     1.2814360
     0.5804130     0.0612490     0.3085610     0.1385560     0.0427720

-0.0000190  0.0000000  0.0000000  0.0000000 
 0.0001000  0.0000000  0.0000000  0.0000000 
-0.0003130  0.0000000  0.0000000  0.0000000 
 0.0008530  0.0000000  0.0000000  0.0000000 
-0.0024180  0.0000000  0.0000000  0.0000000 
 0.0087550  0.0000000  0.0000000  0.0000000 
-0.0432530  0.0000000  0.0000000  0.0000000 
 0.1713900  0.0000000  0.0000000  0.0000000 
-0.2158420  0.0000000  0.0000000  0.0000000 
-0.2356390  0.0000000  0.0000000  0.0000000 
-0.0220740  0.0000000  0.0000000  0.0000000 
 0.1710640  0.0000000  0.0000000  0.0000000 
 0.4601100  1.0000000  0.0000000  0.0000000 
 0.5759430  0.0000000  1.0000000  0.0000000 
 0.0000000  0.0000000  0.0000000  1.0000000 

    39.8392630    19.8113590     9.8518380     4.8991440     2.4362580
     1.2115080     0.4381410     0.0394470     0.2001130     0.0899340
     0.0258390

-0.0000910  0.0000000  0.0000000  0.0000000 
 0.0007200  0.0000000  0.0000000  0.0000000 
-0.0055920  0.0000000  0.0000000  0.0000000 
 0.0369160  0.0000000  0.0000000  0.0000000 
-0.0945060  0.0000000  0.0000000  0.0000000 
-0.0406190  0.0000000  0.0000000  0.0000000 
 0.1875780  0.0000000  0.0000000  0.0000000 
 0.1315550  0.0000000  0.0000000  0.0000000 
 0.4233010  1.0000000  0.0000000  0.0000000 
 0.4147500  0.0000000  1.0000000  0.0000000 
 0.0000000  0.0000000  0.0000000  1.0000000 

     0.4040690     0.1474090     0.0509290

 1.0000000  0.0000000  0.0000000 
 0.0000000  1.0000000  0.0000000 
 0.0000000  0.0000000  1.0000000 

     0.3534250     0.1330530

 1.0000000  0.0000000 
 0.0000000  1.0000000 

AS:SDB-aug-cc-pVTZ
EMSL BASIS SET LIBRARY

  4
    0    1    2    3
    4    4    3    2
   15   11    3    2

   496.0746690   251.7883940   127.7980900    64.8653880    32.9231720
    16.7105340     8.4816230     4.3049450     2.1850240     1.1090340
     0.2578990     0.0624670     0.5075100     0.1284130     0.0538310

 0.0000290  0.0000000  0.0000000  0.0000000 
-0.0000020  0.0000000  0.0000000  0.0000000 
 0.0000320  0.0000000  0.0000000  0.0000000 
 0.0002310  0.0000000  0.0000000  0.0000000 
-0.0004030  0.0000000  0.0000000  0.0000000 
 0.0027270  0.0000000  0.0000000  0.0000000 
-0.0190750  0.0000000  0.0000000  0.0000000 
 0.1361090  0.0000000  0.0000000  0.0000000 
-0.2911950  0.0000000  0.0000000  0.0000000 
-0.2076360  0.0000000  0.0000000  0.0000000 
 0.5387640  0.0000000  0.0000000  0.0000000 
 0.0794250  0.0000000  0.0000000  0.0000000 
 0.2335160  1.0000000  0.0000000  0.0000000 
 0.4033810  0.0000000  1.0000000  0.0000000 
 0.0000000  0.0000000  0.0000000  1.0000000 

    41.4842770    20.4337600    10.0649830     4.9576720     2.4419830
     1.2028380     0.2455840     0.0505590     0.5249080     0.1131620
     0.0370980

-0.0000540  0.0000000  0.0000000  0.0000000 
 0.0004690  0.0000000  0.0000000  0.0000000 
-0.0040960  0.0000000  0.0000000  0.0000000 
 0.0352440  0.0000000  0.0000000  0.0000000 
-0.1155690  0.0000000  0.0000000  0.0000000 
-0.0371340  0.0000000  0.0000000  0.0000000 
 0.4434070  0.0000000  0.0000000  0.0000000 
 0.1110690  0.0000000  0.0000000  0.0000000 
 0.2158580  1.0000000  0.0000000  0.0000000 
 0.3909370  0.0000000  1.0000000  0.0000000 
 0.0000000  0.0000000  0.0000000  1.0000000 

     0.4015240     0.1716520     0.0626400

 1.0000000  0.0000000  0.0000000 
 0.0000000  1.0000000  0.0000000 
 0.0000000  0.0000000  1.0000000 

     0.4315080     0.1582380

 1.0000000  0.0000000 
 0.0000000  1.0000000 

SE:SDB-aug-cc-pVTZ
EMSL BASIS SET LIBRARY

  4
    0    1    2    3
    4    4    3    2
   15   11    3    2

   522.2066270   268.1260450   137.6688310    70.6858120    36.2935020
    18.6348330     9.5680210     4.9126830     2.5224080     1.2951260
     0.3134160     0.0751520     0.6044890     0.1564510     0.0664920

 0.0000120  0.0000000  0.0000000  0.0000000 
 0.0000290  0.0000000  0.0000000  0.0000000 
-0.0000860  0.0000000  0.0000000  0.0000000 
 0.0004230  0.0000000  0.0000000  0.0000000 
-0.0011160  0.0000000  0.0000000  0.0000000 
 0.0049530  0.0000000  0.0000000  0.0000000 
-0.0318050  0.0000000  0.0000000  0.0000000 
 0.1821030  0.0000000  0.0000000  0.0000000 
-0.3325320  0.0000000  0.0000000  0.0000000 
-0.2403320  0.0000000  0.0000000  0.0000000 
 0.5510190  0.0000000  0.0000000  0.0000000 
 0.0818210  0.0000000  0.0000000  0.0000000 
 0.2302720  1.0000000  0.0000000  0.0000000 
 0.4155090  0.0000000  1.0000000  0.0000000 
 0.0000000  0.0000000  0.0000000  1.0000000 

    38.7220300    18.8022560     9.1298120     4.4331630     2.1526110
     1.0452430     0.2546820     0.0539470     0.5326430     0.1191950
     0.0415830

 0.0001650  0.0000000  0.0000000  0.0000000 
 0.0001260  0.0000000  0.0000000  0.0000000 
-0.0001570  0.0000000  0.0000000  0.0000000 
 0.0173710  0.0000000  0.0000000  0.0000000 
-0.1135640  0.0000000  0.0000000  0.0000000 
 0.0166320  0.0000000  0.0000000  0.0000000 
 0.4379090  0.0000000  0.0000000  0.0000000 
 0.0868900  0.0000000  0.0000000  0.0000000 
 0.2814790  1.0000000  0.0000000  0.0000000 
 0.3353820  0.0000000  1.0000000  0.0000000 
 0.0000000  0.0000000  0.0000000  1.0000000 

     0.4754120     0.2077760     0.0776480

 1.0000000  0.0000000  0.0000000 
 0.0000000  1.0000000  0.0000000 
 0.0000000  0.0000000  1.0000000 

     0.4817040     0.1915460

 1.0000000  0.0000000 
 0.0000000  1.0000000 

BR:SDB-aug-cc-pVTZ
EMSL BASIS SET LIBRARY

  4
    0    1    2    3
    4    4    3    2
   15   11    3    2

   762.0066790   376.6365900   186.1599440    92.0131660    45.4792930
    22.4790230    11.1106930     5.4916760     2.7143670     1.3416290
     0.3988620     0.0901270     0.9528400     0.1919290     0.0808210

 0.0000520  0.0000000  0.0000000  0.0000000 
-0.0000230  0.0000000  0.0000000  0.0000000 
 0.0001490  0.0000000  0.0000000  0.0000000 
 0.0001420  0.0000000  0.0000000  0.0000000 
 0.0001820  0.0000000  0.0000000  0.0000000 
 0.0014490  0.0000000  0.0000000  0.0000000 
-0.0118330  0.0000000  0.0000000  0.0000000 
 0.1119000  0.0000000  0.0000000  0.0000000 
-0.2561560  0.0000000  0.0000000  0.0000000 
-0.4007910  0.0000000  0.0000000  0.0000000 
 0.5908340  0.0000000  0.0000000  0.0000000 
 0.0897840  0.0000000  0.0000000  0.0000000 
 0.2885970  1.0000000  0.0000000  0.0000000 
 0.4553640  0.0000000  1.0000000  0.0000000 
 0.0000000  0.0000000  0.0000000  1.0000000 

    77.0646890    33.1900760    14.2942400     6.1562170     2.6513480
     1.1418780     0.3131070     0.0641740     0.1442090     0.6656170
     0.0510520

 0.0000120  0.0000000  0.0000000  0.0000000 
 0.0001780  0.0000000  0.0000000  0.0000000 
-0.0008620  0.0000000  0.0000000  0.0000000 
 0.0165350  0.0000000  0.0000000  0.0000000 
-0.1173210  0.0000000  0.0000000  0.0000000 
-0.0129850  0.0000000  0.0000000  0.0000000 
 0.4482900  0.0000000  0.0000000  0.0000000 
 0.0906150  0.0000000  0.0000000  0.0000000 
 0.3433450  1.0000000  0.0000000  0.0000000 
 0.2831560  0.0000000  1.0000000  0.0000000 
 0.0000000  0.0000000  0.0000000  1.0000000 

     0.6013860     0.2523660     0.0967350

 1.0000000  0.0000000  0.0000000 
 0.0000000  1.0000000  0.0000000 
 0.0000000  0.0000000  1.0000000 

     0.5812580     0.2592890

 1.0000000  0.0000000 
 0.0000000  1.0000000 

IN:SDB-aug-cc-pVTZ
EMSL BASIS SET LIBRARY

  4
    0    1    2    3
    4    4    3    2
   15   11    4    2

   260.4103720   140.3828170    75.6779970    40.7967250    21.9928230
    11.8559580     6.3913460     3.4454660     1.8573920     1.0012890
     0.5397780     0.0408800     0.2006590     0.0910510     0.0259950

 0.0000290  0.0000000  0.0000000  0.0000000 
-0.0000600  0.0000000  0.0000000  0.0000000 
 0.0001780  0.0000000  0.0000000  0.0000000 
-0.0002890  0.0000000  0.0000000  0.0000000 
 0.0008310  0.0000000  0.0000000  0.0000000 
-0.0019540  0.0000000  0.0000000  0.0000000 
 0.0082930  0.0000000  0.0000000  0.0000000 
-0.0518320  0.0000000  0.0000000  0.0000000 
 0.2843780  0.0000000  0.0000000  0.0000000 
-0.5640840  0.0000000  0.0000000  0.0000000 
-0.0474790  0.0000000  0.0000000  0.0000000 
 0.1725080  0.0000000  0.0000000  0.0000000 
 0.4696610  1.0000000  0.0000000  0.0000000 
 0.5915860  0.0000000  1.0000000  0.0000000 
 0.0000000  0.0000000  0.0000000  1.0000000 

    48.6768460    22.0983850    10.0322570     4.5544590     2.0676400
     0.9386700     0.4261390     0.0281940     0.1658410     0.0683640
     0.0149830

 0.0000410  0.0000000  0.0000000  0.0000000 
-0.0002010  0.0000000  0.0000000  0.0000000 
 0.0008460  0.0000000  0.0000000  0.0000000 
-0.0048970  0.0000000  0.0000000  0.0000000 
 0.0400620  0.0000000  0.0000000  0.0000000 
-0.1697800  0.0000000  0.0000000  0.0000000 
 0.0661640  0.0000000  0.0000000  0.0000000 
 0.2193230  0.0000000  0.0000000  0.0000000 
 0.3708640  1.0000000  0.0000000  0.0000000 
 0.5183310  0.0000000  1.0000000  0.0000000 
 0.0000000  0.0000000  0.0000000  1.0000000 

     0.6271790     0.2358160     0.0886660     0.0295360

-0.1550755  0.0000000  0.0000000 
 0.7292935  0.0000000  0.0000000 
 0.4292540  1.0000000  0.0000000 
 0.0000000  0.0000000  1.0000000 

     0.2390940     0.0826760

 1.0000000  0.0000000 
 0.0000000  1.0000000 

SN:SDB-aug-cc-pVTZ
EMSL BASIS SET LIBRARY

  4
    0    1    2    3
    4    4    3    2
   15   11    3    2

    38.4899420    24.2856410    15.3232850     9.6683900     6.1003740
     3.8490960     2.4286290     1.5323690     0.9668650     0.6100540
     0.3849200     0.0444900     0.1866400     0.0920920     0.0347710

 0.0001220  0.0000000  0.0000000  0.0000000 
-0.0006380  0.0000000  0.0000000  0.0000000 
 0.0025740  0.0000000  0.0000000  0.0000000 
-0.0108040  0.0000000  0.0000000  0.0000000 
 0.0552060  0.0000000  0.0000000  0.0000000 
-0.2612420  0.0000000  0.0000000  0.0000000 
 0.7008960  0.0000000  0.0000000  0.0000000 
-0.6044690  0.0000000  0.0000000  0.0000000 
-0.2359100  0.0000000  0.0000000  0.0000000 
-0.1507990  0.0000000  0.0000000  0.0000000 
 0.2148350  0.0000000  0.0000000  0.0000000 
 0.0956740  0.0000000  0.0000000  0.0000000 
 0.5652490  1.0000000  0.0000000  0.0000000 
 0.4627280  0.0000000  1.0000000  0.0000000 
 0.0000000  0.0000000  0.0000000  1.0000000 

    60.2212000    27.5393180    12.5938050     5.7591810     2.6336890
     1.2043930     0.5507720     0.0396340     0.2244350     0.0951810
     0.0252210

 0.0000420  0.0000000  0.0000000  0.0000000 
-0.0002100  0.0000000  0.0000000  0.0000000 
 0.0009210  0.0000000  0.0000000  0.0000000 
-0.0056980  0.0000000  0.0000000  0.0000000 
 0.0451000  0.0000000  0.0000000  0.0000000 
-0.1728060  0.0000000  0.0000000  0.0000000 
 0.0285410  0.0000000  0.0000000  0.0000000 
 0.2073430  0.0000000  0.0000000  0.0000000 
 0.3889450  1.0000000  0.0000000  0.0000000 
 0.5280850  0.0000000  1.0000000  0.0000000 
 0.0000000  0.0000000  0.0000000  1.0000000 

     0.2699130     0.1140290     0.0418500

 1.0000000  0.0000000  0.0000000 
 0.0000000  1.0000000  0.0000000 
 0.0000000  0.0000000  1.0000000 

     0.2846360     0.1074800

 1.0000000  0.0000000 
 0.0000000  1.0000000 

SB:SDB-aug-cc-pVTZ
EMSL BASIS SET LIBRARY

  4
    0    1    2    3
    4    4    3    2
   15   11    3    2

   134.4073070    78.1665010    45.4588520    26.4372480    15.3749620
     8.9415300     5.2000750     3.0241780     1.7587540     1.0228290
     0.5948410     0.0598450     0.2706150     0.1285220     0.0428380

-0.0000050  0.0000000  0.0000000  0.0000000 
 0.0001560  0.0000000  0.0000000  0.0000000 
-0.0006210  0.0000000  0.0000000  0.0000000 
 0.0020130  0.0000000  0.0000000  0.0000000 
-0.0061710  0.0000000  0.0000000  0.0000000 
 0.0238200  0.0000000  0.0000000  0.0000000 
-0.1121760  0.0000000  0.0000000  0.0000000 
 0.3682080  0.0000000  0.0000000  0.0000000 
-0.3713390  0.0000000  0.0000000  0.0000000 
-0.3157270  0.0000000  0.0000000  0.0000000 
 0.0000160  0.0000000  0.0000000  0.0000000 
 0.1430470  0.0000000  0.0000000  0.0000000 
 0.5368680  1.0000000  0.0000000  0.0000000 
 0.5706400  0.0000000  1.0000000  0.0000000 
 0.0000000  0.0000000  0.0000000  1.0000000 

    53.7217630    25.4683320    12.0739880     5.7240180     2.7136340
     1.2864750     0.6098900     0.0500490     0.2681730     0.1174810
     0.0322940

 0.0000530  0.0000000  0.0000000  0.0000000 
-0.0002790  0.0000000  0.0000000  0.0000000 
 0.0012910  0.0000000  0.0000000  0.0000000 
-0.0084230  0.0000000  0.0000000  0.0000000 
 0.0629900  0.0000000  0.0000000  0.0000000 
-0.2177580  0.0000000  0.0000000  0.0000000 
 0.0253020  0.0000000  0.0000000  0.0000000 
 0.1852460  0.0000000  0.0000000  0.0000000 
 0.4242890  1.0000000  0.0000000  0.0000000 
 0.5241470  0.0000000  1.0000000  0.0000000 
 0.0000000  0.0000000  0.0000000  1.0000000 

     0.2902980     0.1427360     0.0530050

 1.0000000  0.0000000  0.0000000 
 0.0000000  1.0000000  0.0000000 
 0.0000000  0.0000000  1.0000000 

     0.3351440     0.1260310

 1.0000000  0.0000000 
 0.0000000  1.0000000 

TE:SDB-aug-cc-pVTZ
EMSL BASIS SET LIBRARY

  4
    0    1    2    3
    4    4    3    2
   16   12    4    2

   356.2703560   200.2259260   112.5280860    63.2414120    35.5420260
    19.9748170    11.2259580     6.3090510     3.5457220     1.9927150
     1.1199170     0.3022750     0.0680180     0.6333530     0.1455260
     0.0545640

 0.0000780  0.0000000  0.0000000  0.0000000 
-0.0001580  0.0000000  0.0000000  0.0000000 
 0.0004070  0.0000000  0.0000000  0.0000000 
-0.0005760  0.0000000  0.0000000  0.0000000 
 0.0013890  0.0000000  0.0000000  0.0000000 
-0.0026460  0.0000000  0.0000000  0.0000000 
 0.0089500  0.0000000  0.0000000  0.0000000 
-0.0437500  0.0000000  0.0000000  0.0000000 
 0.1842070  0.0000000  0.0000000  0.0000000 
-0.1940200  0.0000000  0.0000000  0.0000000 
-0.3627430  0.0000000  0.0000000  0.0000000 
 0.5650470  0.0000000  0.0000000  0.0000000 
 0.1275080  0.0000000  0.0000000  0.0000000 
 0.0155810  1.0000000  0.0000000  0.0000000 
 0.5518540  0.0000000  1.0000000  0.0000000 
 0.0000000  0.0000000  0.0000000  1.0000000 

    30.8220740    17.3592880     9.7769170     5.5064540     3.1012880
     1.7466750     0.9837440     0.1981350     0.0443650     0.4038890
     0.0951630     0.0362710

 0.0001610  0.0000000  0.0000000  0.0000000 
-0.0011280  0.0000000  0.0000000  0.0000000 
 0.0062950  0.0000000  0.0000000  0.0000000 
-0.0359990  0.0000000  0.0000000  0.0000000 
 0.1493110  0.0000000  0.0000000  0.0000000 
-0.2489380  0.0000000  0.0000000  0.0000000 
-0.0648310  0.0000000  0.0000000  0.0000000 
 0.4699770  0.0000000  0.0000000  0.0000000 
 0.0829350  0.0000000  0.0000000  0.0000000 
 0.2831170  1.0000000  0.0000000  0.0000000 
 0.3482850  0.0000000  1.0000000  0.0000000 
 0.0000000  0.0000000  0.0000000  1.0000000 

     0.9647710     0.3941280     0.1610090     0.0662560

-0.1793582  0.0000000  0.0000000 
 0.5744324  0.0000000  0.0000000 
 0.5949730  1.0000000  0.0000000 
 0.0000000  0.0000000  1.0000000 

     0.3609320     0.1481570

 1.0000000  0.0000000 
 0.0000000  1.0000000 

I:SDB-aug-cc-pVTZ
EMSL BASIS SET LIBRARY

  4
    0    1    2    3
    4    4    3    2
   15   11    4    2

   208.3634160   117.8734120    66.6822490    37.7228610    21.3402260
    12.0723940     6.8294820     3.8635110     2.1856300     1.2364340
     0.3405190     0.0775970     0.6858370     0.1656200     0.0657390

 0.0000170  0.0000000  0.0000000  0.0000000 
 0.0000430  0.0000000  0.0000000  0.0000000 
-0.0002200  0.0000000  0.0000000  0.0000000 
 0.0008860  0.0000000  0.0000000  0.0000000 
-0.0029400  0.0000000  0.0000000  0.0000000 
 0.0131530  0.0000000  0.0000000  0.0000000 
-0.0737860  0.0000000  0.0000000  0.0000000 
 0.2725530  0.0000000  0.0000000  0.0000000 
-0.2496550  0.0000000  0.0000000  0.0000000 
-0.4287590  0.0000000  0.0000000  0.0000000 
 0.5919630  0.0000000  0.0000000  0.0000000 
 0.1220050  0.0000000  0.0000000  0.0000000 
 0.0320750  1.0000000  0.0000000  0.0000000 
 0.5526420  0.0000000  1.0000000  0.0000000 
 0.0000000  0.0000000  0.0000000  1.0000000 

     9.5386090     5.9554680     3.7183190     2.3215470     1.4494670
     0.9049800     0.2183660     0.0496780     0.4373980     0.1059870
     0.0418350

 0.0019140  0.0000000  0.0000000  0.0000000 
-0.0213810  0.0000000  0.0000000  0.0000000 
 0.0942320  0.0000000  0.0000000  0.0000000 
-0.0995310  0.0000000  0.0000000  0.0000000 
-0.1457100  0.0000000  0.0000000  0.0000000 
-0.0001730  0.0000000  0.0000000  0.0000000 
 0.4617230  0.0000000  0.0000000  0.0000000 
 0.0744090  0.0000000  0.0000000  0.0000000 
 0.3096330  1.0000000  0.0000000  0.0000000 
 0.3244220  0.0000000  1.0000000  0.0000000 
 0.0000000  0.0000000  0.0000000  1.0000000 

     1.0796940     0.4488510     0.1865970     0.0738310

-0.1205572  0.0000000  0.0000000 
 0.5583476  0.0000000  0.0000000 
 0.5829660  1.0000000  0.0000000 
 0.0000000  0.0000000  1.0000000 

     0.4293190     0.1939730

 1.0000000  0.0000000 
 0.0000000  1.0000000 

! ELEMENTS                      REFERENCES
! ---------                       ----------
! 



!
!  Effective core Potentials 
!  ------------------------- 
*
GA:ECP-28
# ECP from Stuttgart RLC ECP       - 28 CORE ELECTRONS
*
    NCORE = 28     LMAX =4
g-ul
   0.000000000    2   1.000000000
s-ul
 203.853972000    2   5.215960000
p-ul
 156.103390000    2   4.308904000
d-ul
   1.031647000    2   0.496357000
f-ul
 -10.673735000    2   1.715170000
*
GE:ECP-28
# ECP from Stuttgart RLC ECP       - 28 CORE ELECTRONS
*
    NCORE = 28     LMAX =4
g-ul
   0.000000000    2   1.000000000
s-ul
 149.246579000    2   4.815409000
p-ul
 132.844335000    2   4.169515000
d-ul
   1.346154000    2   0.591958000
f-ul
  -7.044223000    2   1.791770000
*
AS:ECP-28
# ECP from Stuttgart RLC ECP       - 28 CORE ELECTRONS
*
    NCORE = 28     LMAX =4
g-ul
   0.000000000    2   1.000000000
s-ul
  53.965620000    2   3.612625000
p-ul
  88.949088000    2   3.907926000
d-ul
  22.420288000    2   1.926467000
f-ul
  -4.704815000    2   1.773434000
*
SE:ECP-28
# ECP from Stuttgart RLC ECP       - 28 CORE ELECTRONS
*
    NCORE = 28     LMAX =4
g-ul
   0.000000000    2   1.000000000
s-ul
  79.663345000    2   4.237057000
p-ul
  31.560993000    2   2.910334000
d-ul
  30.804610000    2   2.335701000
f-ul
  -6.546875000    2   2.254639000
*
BR:ECP-28
# ECP from Stuttgart RLC ECP       - 28 CORE ELECTRONS
*
    NCORE = 28     LMAX =4
g-ul
   0.000000000    2   1.000000000
s-ul
  61.513721000    2   5.021800000
   9.021493000    2   2.510900000
p-ul
  53.875864000    2   4.281400000
   4.629402000    2   2.140700000
d-ul
  20.849677000    2   2.880000000
   2.965444000    2   1.440000000
f-ul
  -8.161493000    2   2.720700000
*
IN:ECP-46
# ECP from Stuttgart RLC ECP       - 46 CORE ELECTRONS
*
    NCORE = 46     LMAX =4
g-ul
   0.000000000    2   1.000000000
s-ul
  29.165219000    2   1.435091000
  -4.190806000    2   0.695805000
p-ul
  36.990542000    2   1.440832000
  -3.365820000    2   0.701392000
d-ul
  20.000531000    2   0.961236000
f-ul
  -6.019092000    2   0.884369000
*
SN:ECP-46
# ECP from Stuttgart RLC ECP       - 46 CORE ELECTRONS
*
    NCORE = 46     LMAX =4
g-ul
   0.000000000    2   1.000000000
s-ul
  67.925347000    2   1.969725000
  -7.478546000    2   0.972375000
p-ul
  56.602880000    2   1.999210000
  -2.161776000    2   0.999042000
d-ul
   2.576336000    2   0.500361000
f-ul
 -10.109253000    2   1.230880000
*
SB:ECP-46
# ECP from Stuttgart RLC ECP       - 46 CORE ELECTRONS
*
    NCORE = 46     LMAX =4
g-ul
   0.000000000    2   1.000000000
s-ul
  68.427938000    2   2.491091000
  -4.398631000    2   1.341575000
p-ul
  63.965469000    2   2.143864000
  -0.578726000    2   0.585503000
d-ul
   7.803661000    2   0.795401000
f-ul
 -14.517687000    2   1.609251000
*
TE:ECP-46
# ECP from Stuttgart RLC ECP       - 46 CORE ELECTRONS
*
    NCORE = 46     LMAX =4
g-ul
   0.000000000    2   1.000000000
s-ul
  50.083805000    2   2.923794000
   1.968140000    2   1.152754000
p-ul
 119.820702000    2   2.603086000
  -2.039048000    2   0.985448000
d-ul
  37.757214000    2   1.435019000
f-ul
 -17.864641000    2   1.939270000
*
I:ECP-46
# ECP from Stuttgart RLC ECP       - 46 CORE ELECTRONS
*
    NCORE = 46     LMAX =4
g-ul
   0.000000000    2   1.000000000
s-ul
   83.11386300    2    3.51120000
    5.20187600    2    1.75560000
p-ul
   82.81110900    2    2.96880000
    3.37968200    2    1.48440000
d-ul
   10.30427700    2    1.90660000
    7.58803200    2    0.95330000
f-ul
  -21.47793600    2    2.30750000
*


