!  STO-6G  EMSL  Basis Set Exchange Library   3/19/13 6:48 PM
! Elements                             References
! --------                             ----------
! H - Ne:  W.J. Hehre, R.F. Stewart and J.A. Pople, J. Chem. Phys. 51, 2657
! (1969).
! Na - Ar:  W.J. Hehre, R. Ditchfield, R.F. Stewart and J.A. Pople,
! J. Chem. Phys. 52, 2769 (1970).
! 



H:STO-6G
EMSL BASIS SET LIBRARY

  1
    0
    1
    6

   35.52322122   6.513143725   1.822142904   0.625955266   0.243076747
   0.100112428

 0.0091635 
 0.0493614 
 0.1685383 
 0.3705627 
 0.4164915 
 0.1303340 

HE:STO-6G
EMSL BASIS SET LIBRARY

  1
    0
    1
    6

   65.98456824   12.09819836   3.384639924   1.162715163   0.451516322
   0.185959356

 0.0091635 
 0.0493614 
 0.1685383 
 0.3705627 
 0.4164915 
 0.1303340 

LI:STO-6G
EMSL BASIS SET LIBRARY

  2
    0    1
    2    1
   12    6

  167.17584620  30.651508400  8.5751874770  2.9458083370  1.1439435810
  0.4711391391  6.5975639810  1.3058300920  0.4058510193  0.1561455158
  0.0678141039  0.0310841655

 0.0091635  0.0000000 
 0.0493614  0.0000000 
 0.1685383  0.0000000 
 0.3705627  0.0000000 
 0.4164915  0.0000000 
 0.1303340  0.0000000 
 0.0000000 -0.0132527 
 0.0000000 -0.0469917 
 0.0000000 -0.0337853 
 0.0000000  0.2502417 
 0.0000000  0.5951172 
 0.0000000  0.2407061 

  6.5975639810  1.3058300920  0.4058510193  0.1561455158  0.0678141039
  0.0310841655

 0.0037596 
 0.0376793 
 0.1738967 
 0.4180364 
 0.4258595 
 0.1017082 

BE:STO-6G
EMSL BASIS SET LIBRARY

  2
    0    1
    2    1
   12    6

  312.87049370  57.364462530  16.048509400  5.5130961190  2.1408965530
  0.8817394283  13.633247440  2.6983754640  0.8386530829  0.3226600698
  0.1401314882  0.0642325139

 0.0091635  0.0000000 
 0.0493614  0.0000000 
 0.1685383  0.0000000 
 0.3705627  0.0000000 
 0.4164915  0.0000000 
 0.1303340  0.0000000 
 0.0000000 -0.0132527 
 0.0000000 -0.0469917 
 0.0000000 -0.0337853 
 0.0000000  0.2502417 
 0.0000000  0.5951172 
 0.0000000  0.2407061 

  13.633247440  2.6983754640  0.8386530829  0.3226600698  0.1401314882
  0.0642325139

 0.0037596 
 0.0376793 
 0.1738967 
 0.4180364 
 0.4258595 
 0.1017082 

B:STO-6G
EMSL BASIS SET LIBRARY

  2
    0    1
    2    1
   12    6

  506.01114720  92.776814208  25.955658144  8.9164451376  3.4625066112
  1.4260543128  23.194575000  4.5908100000  1.4268195000  0.5489482500
  0.2384100000  0.1092802500

 0.0091635  0.0000000 
 0.0493614  0.0000000 
 0.1685383  0.0000000 
 0.3705627  0.0000000 
 0.4164915  0.0000000 
 0.1303340  0.0000000 
 0.0000000 -0.0132527 
 0.0000000 -0.0469917 
 0.0000000 -0.0337853 
 0.0000000  0.2502417 
 0.0000000  0.5951172 
 0.0000000  0.2407061 

  23.194575000  4.5908100000  1.4268195000  0.5489482500  0.2384100000
  0.1092802500

 0.0037596 
 0.0376793 
 0.1738967 
 0.4180364 
 0.4258595 
 0.1017082 

C:STO-6G
EMSL BASIS SET LIBRARY

  2
    0    1
    2    1
   12    6

   742.7370491   136.1800249   38.09826352   13.08778177   5.082368648
   2.093200076   30.49723950   6.036199601   1.876046337  0.7217826470
  0.3134706954  0.1436865550

 0.0091635  0.0000000 
 0.0493614  0.0000000 
 0.1685383  0.0000000 
 0.3705627  0.0000000 
 0.4164915  0.0000000 
 0.1303340  0.0000000 
 0.0000000 -0.0132527 
 0.0000000 -0.0469917 
 0.0000000 -0.0337853 
 0.0000000  0.2502417 
 0.0000000  0.5951172 
 0.0000000  0.2407061 

   30.49723950   6.036199601   1.876046337  0.7217826470  0.3134706954
  0.1436865550

 0.0037596 
 0.0376793 
 0.1738967 
 0.4180364 
 0.4258595 
 0.1017082 

N:STO-6G
EMSL BASIS SET LIBRARY

  2
    0    1
    2    1
   12    6

  1027.8284580   188.4512226   52.72186097   18.11138217   7.033179691
   2.896651794   39.19880787   7.758467071   2.411325783  0.9277239437
  0.4029111410  0.1846836552

 0.0091635  0.0000000 
 0.0493614  0.0000000 
 0.1685383  0.0000000 
 0.3705627  0.0000000 
 0.4164915  0.0000000 
 0.1303340  0.0000000 
 0.0000000 -0.0132527 
 0.0000000 -0.0469917 
 0.0000000 -0.0337853 
 0.0000000  0.2502417 
 0.0000000  0.5951172 
 0.0000000  0.2407061 

   39.19880787   7.758467071   2.411325783  0.9277239437  0.4029111410
  0.1846836552

 0.0037596 
 0.0376793 
 0.1738967 
 0.4180364 
 0.4258595 
 0.1017082 

O:STO-6G
EMSL BASIS SET LIBRARY

  2
    0    1
    2    1
   12    6

  1355.5842340   248.5448855   69.53390229   23.88677211   9.275932609
   3.820341298   52.18776196   10.32932006   3.210344977   1.235135428
   0.536420158   0.245880606

 0.0091635  0.0000000 
 0.0493614  0.0000000 
 0.1685383  0.0000000 
 0.3705627  0.0000000 
 0.4164915  0.0000000 
 0.1303340  0.0000000 
 0.0000000 -0.0132527 
 0.0000000 -0.0469917 
 0.0000000 -0.0337853 
 0.0000000  0.2502417 
 0.0000000  0.5951172 
 0.0000000  0.2407061 

   52.18776196   10.32932006   3.210344977   1.235135428   0.536420158
   0.245880606

 0.0037596 
 0.0376793 
 0.1738967 
 0.4180364 
 0.4258595 
 0.1017082 

F:STO-6G
EMSL BASIS SET LIBRARY

  2
    0    1
    2    1
   12    6

  1728.6265740   316.9417900   88.66889139   30.46015731   11.82857044
   4.871658522   67.03228091   13.26743777   4.123509771   1.586462839
   0.689001892   0.315819978

 0.0091635  0.0000000 
 0.0493614  0.0000000 
 0.1685383  0.0000000 
 0.3705627  0.0000000 
 0.4164915  0.0000000 
 0.1303340  0.0000000 
 0.0000000 -0.0132527 
 0.0000000 -0.0469917 
 0.0000000 -0.0337853 
 0.0000000  0.2502417 
 0.0000000  0.5951172 
 0.0000000  0.2407061 

   67.03228091   13.26743777   4.123509771   1.586462839   0.689001892
   0.315819978

 0.0037596 
 0.0376793 
 0.1738967 
 0.4180364 
 0.4258595 
 0.1017082 

NE:STO-6G
EMSL BASIS SET LIBRARY

  2
    0    1
    2    1
   12    6

  2146.9554750   393.6419362   110.1268283   37.83153777   14.69109318
   6.050603466   85.50442919   16.92355799   5.259829210   2.023645885
   0.878870787   0.402850785

 0.0091635  0.0000000 
 0.0493614  0.0000000 
 0.1685383  0.0000000 
 0.3705627  0.0000000 
 0.4164915  0.0000000 
 0.1303340  0.0000000 
 0.0000000 -0.0132527 
 0.0000000 -0.0469917 
 0.0000000 -0.0337853 
 0.0000000  0.2502417 
 0.0000000  0.5951172 
 0.0000000  0.2407061 

   85.50442919   16.92355799   5.259829210   2.023645885   0.878870787
   0.402850785

 0.0037596 
 0.0376793 
 0.1738967 
 0.4180364 
 0.4258595 
 0.1017082 

NA:STO-6G
EMSL BASIS SET LIBRARY

  2
    0    1
    3    2
   18   12

  2600.7567710   476.8459071   133.4043010   45.82797788   17.79634487
   7.329517596   124.8424044   24.70956992   7.679715913   2.954663523
   1.283212382  0.5881901217   9.433006047   2.526243756   0.947368250
  0.4240594435  0.2098454079  0.1081470943

 0.0091635  0.0000000  0.0000000 
 0.0493614  0.0000000  0.0000000 
 0.1685383  0.0000000  0.0000000 
 0.3705627  0.0000000  0.0000000 
 0.4164915  0.0000000  0.0000000 
 0.1303340  0.0000000  0.0000000 
 0.0000000 -0.0132527  0.0000000 
 0.0000000 -0.0469917  0.0000000 
 0.0000000 -0.0337853  0.0000000 
 0.0000000  0.2502417  0.0000000 
 0.0000000  0.5951172  0.0000000 
 0.0000000  0.2407061  0.0000000 
 0.0000000  0.0000000 -0.0079431 
 0.0000000  0.0000000 -0.0710026 
 0.0000000  0.0000000 -0.1785026 
 0.0000000  0.0000000  0.1510635 
 0.0000000  0.0000000  0.7354914 
 0.0000000  0.0000000  0.2760593 

   124.8424044   24.70956992   7.679715913   2.954663523   1.283212382
  0.5881901217   9.433006047   2.526243756   0.947368250  0.4240594435
  0.2098454079  0.1081470943

 0.0037596  0.0000000 
 0.0376793  0.0000000 
 0.1738967  0.0000000 
 0.4180364  0.0000000 
 0.4258595  0.0000000 
 0.1017082  0.0000000 
 0.0000000 -0.0071393 
 0.0000000 -0.0182927 
 0.0000000  0.0762162 
 0.0000000  0.4145098 
 0.0000000  0.4889621 
 0.0000000  0.1058816 

MG:STO-6G
EMSL BASIS SET LIBRARY

  2
    0    1
    3    2
   18   12

  2600.7567710   476.8459071   133.4043010   45.82797788   17.79634487
   7.329517596   124.8424044   24.70956992   7.679715913   2.954663523
   1.283212382  0.5881901217   9.433006047   2.526243756   0.947368250
  0.4240594435  0.2098454079  0.1081470943

 0.0091635  0.0000000  0.0000000 
 0.0493614  0.0000000  0.0000000 
 0.1685383  0.0000000  0.0000000 
 0.3705627  0.0000000  0.0000000 
 0.4164915  0.0000000  0.0000000 
 0.1303340  0.0000000  0.0000000 
 0.0000000 -0.0132527  0.0000000 
 0.0000000 -0.0469917  0.0000000 
 0.0000000 -0.0337853  0.0000000 
 0.0000000  0.2502417  0.0000000 
 0.0000000  0.5951172  0.0000000 
 0.0000000  0.2407061  0.0000000 
 0.0000000  0.0000000 -0.0079431 
 0.0000000  0.0000000 -0.0710026 
 0.0000000  0.0000000 -0.1785026 
 0.0000000  0.0000000  0.1510635 
 0.0000000  0.0000000  0.7354914 
 0.0000000  0.0000000  0.2760593 

   124.8424044   24.70956992   7.679715913   2.954663523   1.283212382
  0.5881901217   9.433006047   2.526243756   0.947368250  0.4240594435
  0.2098454079  0.1081470943

 0.0037596  0.0000000 
 0.0376793  0.0000000 
 0.1738967  0.0000000 
 0.4180364  0.0000000 
 0.4258595  0.0000000 
 0.1017082  0.0000000 
 0.0000000 -0.0071393 
 0.0000000 -0.0182927 
 0.0000000  0.0762162 
 0.0000000  0.4145098 
 0.0000000  0.4889621 
 0.0000000  0.1058816 

AL:STO-6G
EMSL BASIS SET LIBRARY

  2
    0    1
    3    2
   18   12

  .364458639E4  .668230925E3  .186946932E3  .642213168E2  .249390166E2
  .102712643E2  .195964144E3  .387864183E2  .120547899E2  .463791218E1
  .201424842E1  .923277426E0  .890167754E1  .238394921E1  .894006284E0
  .400173646E0  .198025544E0  .102055544E0

 0.0091635  0.0000000  0.0000000 
 0.0493614  0.0000000  0.0000000 
 0.1685383  0.0000000  0.0000000 
 0.3705627  0.0000000  0.0000000 
 0.4164915  0.0000000  0.0000000 
 0.1303340  0.0000000  0.0000000 
 0.0000000 -0.0132527  0.0000000 
 0.0000000 -0.0469917  0.0000000 
 0.0000000 -0.0337853  0.0000000 
 0.0000000  0.2502417  0.0000000 
 0.0000000  0.5951172  0.0000000 
 0.0000000  0.2407061  0.0000000 
 0.0000000  0.0000000 -0.0079431 
 0.0000000  0.0000000 -0.0710026 
 0.0000000  0.0000000 -0.1785026 
 0.0000000  0.0000000  0.1510635 
 0.0000000  0.0000000  0.7354914 
 0.0000000  0.0000000  0.2760593 

  .195964144E3  .387864183E2  .120547899E2  .463791218E1  .201424842E1
  .923277426E0  .890167754E1  .238394921E1  .894006284E0  .400173646E0
  .198025544E0  .102055544E0

 0.0037596  0.0000000 
 0.0376793  0.0000000 
 0.1738967  0.0000000 
 0.4180364  0.0000000 
 0.4258595  0.0000000 
 0.1017082  0.0000000 
 0.0000000 -0.0071393 
 0.0000000 -0.0182927 
 0.0000000  0.0762162 
 0.0000000  0.4145098 
 0.0000000  0.4889621 
 0.0000000  0.1058816 

SI:STO-6G
EMSL BASIS SET LIBRARY

  2
    0    1
    3    2
   18   12

  .422926174E4   .77543051E3  .216937513E3  .745238907E2  .289398076E2
  .119190109E2  .240490485E3  .475993432E2  .147938404E2  .569172363E1
  .247191945E1  .113306154E1  .943300605E1  .252624376E1  .947368251E0
  .424059444E0  .209845408E0  .108147094E0

 0.0091635  0.0000000  0.0000000 
 0.0493614  0.0000000  0.0000000 
 0.1685383  0.0000000  0.0000000 
 0.3705627  0.0000000  0.0000000 
 0.4164915  0.0000000  0.0000000 
 0.1303340  0.0000000  0.0000000 
 0.0000000 -0.0132527  0.0000000 
 0.0000000 -0.0469917  0.0000000 
 0.0000000 -0.0337853  0.0000000 
 0.0000000  0.2502417  0.0000000 
 0.0000000  0.5951172  0.0000000 
 0.0000000  0.2407061  0.0000000 
 0.0000000  0.0000000 -0.0079431 
 0.0000000  0.0000000 -0.0710026 
 0.0000000  0.0000000 -0.1785026 
 0.0000000  0.0000000  0.1510635 
 0.0000000  0.0000000  0.7354914 
 0.0000000  0.0000000  0.2760593 

  .240490485E3  .475993432E2  .147938404E2  .569172363E1  .247191945E1
  .113306154E1  .943300605E1  .252624376E1  .947368251E0  .424059444E0
  .209845408E0  .108147094E0

 0.0037596  0.0000000 
 0.0376793  0.0000000 
 0.1738967  0.0000000 
 0.4180364  0.0000000 
 0.4258595  0.0000000 
 0.1017082  0.0000000 
 0.0000000 -0.0071393 
 0.0000000 -0.0182927 
 0.0000000  0.0762162 
 0.0000000  0.4145098 
 0.0000000  0.4889621 
 0.0000000  0.1058816 

P:STO-6G
EMSL BASIS SET LIBRARY

  2
    0    1
    3    2
   18   12

  .485741237E4  .890601241E3  .249158133E3  .855925434E2  .332380893E2
  .136892807E2  .290664959E3   .57530181E2  .178803374E2  .687921028E1
  .298764571E1  .136945662E1  .111193965E2  .297787427E1  .111673449E1
  .499870887E0  .247360628E0  .127481146E0

 0.0091635  0.0000000  0.0000000 
 0.0493614  0.0000000  0.0000000 
 0.1685383  0.0000000  0.0000000 
 0.3705627  0.0000000  0.0000000 
 0.4164915  0.0000000  0.0000000 
 0.1303340  0.0000000  0.0000000 
 0.0000000 -0.0132527  0.0000000 
 0.0000000 -0.0469917  0.0000000 
 0.0000000 -0.0337853  0.0000000 
 0.0000000  0.2502417  0.0000000 
 0.0000000  0.5951172  0.0000000 
 0.0000000  0.2407061  0.0000000 
 0.0000000  0.0000000 -0.0079431 
 0.0000000  0.0000000 -0.0710026 
 0.0000000  0.0000000 -0.1785026 
 0.0000000  0.0000000  0.1510635 
 0.0000000  0.0000000  0.7354914 
 0.0000000  0.0000000  0.2760593 

  .290664959E3   .57530181E2  .178803374E2  .687921028E1  .298764571E1
  .136945662E1  .111193965E2  .297787427E1  .111673449E1  .499870887E0
  .247360628E0  .127481146E0

 0.0037596  0.0000000 
 0.0376793  0.0000000 
 0.1738967  0.0000000 
 0.4180364  0.0000000 
 0.4258595  0.0000000 
 0.1017082  0.0000000 
 0.0000000 -0.0071393 
 0.0000000 -0.0182927 
 0.0000000  0.0762162 
 0.0000000  0.4145098 
 0.0000000  0.4889621 
 0.0000000  0.1058816 

S:STO-6G
EMSL BASIS SET LIBRARY

  2
    0    1
    3    2
   18   12

  .552903829E4  .101374312E4  .283608793E3  .974272747E2  .378338618E2
  .155820736E2  .345589679E3  .684012166E2  .212590471E2   .81791217E1
  .355219813E1   .16282323E1  .129443944E2   .34666251E1  .130002125E1
  .581913408E0   .28795929E0  .148404298E0

 0.0091635  0.0000000  0.0000000 
 0.0493614  0.0000000  0.0000000 
 0.1685383  0.0000000  0.0000000 
 0.3705627  0.0000000  0.0000000 
 0.4164915  0.0000000  0.0000000 
 0.1303340  0.0000000  0.0000000 
 0.0000000 -0.0132527  0.0000000 
 0.0000000 -0.0469917  0.0000000 
 0.0000000 -0.0337853  0.0000000 
 0.0000000  0.2502417  0.0000000 
 0.0000000  0.5951172  0.0000000 
 0.0000000  0.2407061  0.0000000 
 0.0000000  0.0000000 -0.0079431 
 0.0000000  0.0000000 -0.0710026 
 0.0000000  0.0000000 -0.1785026 
 0.0000000  0.0000000  0.1510635 
 0.0000000  0.0000000  0.7354914 
 0.0000000  0.0000000  0.2760593 

  .345589679E3  .684012166E2  .212590471E2   .81791217E1  .355219813E1
   .16282323E1  .129443944E2   .34666251E1  .130002125E1  .581913408E0
   .28795929E0  .148404298E0

 0.0037596  0.0000000 
 0.0376793  0.0000000 
 0.1738967  0.0000000 
 0.4180364  0.0000000 
 0.4258595  0.0000000 
 0.1017082  0.0000000 
 0.0000000 -0.0071393 
 0.0000000 -0.0182927 
 0.0000000  0.0762162 
 0.0000000  0.4145098 
 0.0000000  0.4889621 
 0.0000000  0.1058816 

CL:STO-6G
EMSL BASIS SET LIBRARY

  2
    0    1
    3    2
   18   12

  .623654552E4   .11434638E4  .319899964E3  .109894271E3  .426751614E2
  .175759881E2  .403972966E3  .799567927E2  .248505116E2  .956088753E1
  .415229997E1  .190330288E1  .135835287E2  .363779101E1  .136421028E1
  .610645599E0  .302177387E0  .155731816E0

 0.0091635  0.0000000  0.0000000 
 0.0493614  0.0000000  0.0000000 
 0.1685383  0.0000000  0.0000000 
 0.3705627  0.0000000  0.0000000 
 0.4164915  0.0000000  0.0000000 
 0.1303340  0.0000000  0.0000000 
 0.0000000 -0.0132527  0.0000000 
 0.0000000 -0.0469917  0.0000000 
 0.0000000 -0.0337853  0.0000000 
 0.0000000  0.2502417  0.0000000 
 0.0000000  0.5951172  0.0000000 
 0.0000000  0.2407061  0.0000000 
 0.0000000  0.0000000 -0.0079431 
 0.0000000  0.0000000 -0.0710026 
 0.0000000  0.0000000 -0.1785026 
 0.0000000  0.0000000  0.1510635 
 0.0000000  0.0000000  0.7354914 
 0.0000000  0.0000000  0.2760593 

  .403972966E3  .799567927E2  .248505116E2  .956088753E1  .415229997E1
  .190330288E1  .135835287E2  .363779101E1  .136421028E1  .610645599E0
  .302177387E0  .155731816E0

 0.0037596  0.0000000 
 0.0376793  0.0000000 
 0.1738967  0.0000000 
 0.4180364  0.0000000 
 0.4258595  0.0000000 
 0.1017082  0.0000000 
 0.0000000 -0.0071393 
 0.0000000 -0.0182927 
 0.0000000  0.0762162 
 0.0000000  0.4145098 
 0.0000000  0.4889621 
 0.0000000  0.1058816 

AR:STO-6G
EMSL BASIS SET LIBRARY

  2
    0    1
    3    2
   18   12

  .699467381E4  .128246579E4  .358787712E3  .123253262E3  .478628486E2
  .197125642E2  .468299215E3  .926886361E2   .28807559E2  .110833063E2
  .481348748E1   .22063735E1  .167219091E2  .447827746E1  .167940163E1
  .751731041E0  .371993383E0  .191712575E0

 0.0091635  0.0000000  0.0000000 
 0.0493614  0.0000000  0.0000000 
 0.1685383  0.0000000  0.0000000 
 0.3705627  0.0000000  0.0000000 
 0.4164915  0.0000000  0.0000000 
 0.1303340  0.0000000  0.0000000 
 0.0000000 -0.0132527  0.0000000 
 0.0000000 -0.0469917  0.0000000 
 0.0000000 -0.0337853  0.0000000 
 0.0000000  0.2502417  0.0000000 
 0.0000000  0.5951172  0.0000000 
 0.0000000  0.2407061  0.0000000 
 0.0000000  0.0000000 -0.0079431 
 0.0000000  0.0000000 -0.0710026 
 0.0000000  0.0000000 -0.1785026 
 0.0000000  0.0000000  0.1510635 
 0.0000000  0.0000000  0.7354914 
 0.0000000  0.0000000  0.2760593 

  .468299215E3  .926886361E2   .28807559E2  .110833063E2  .481348748E1
   .22063735E1  .167219091E2  .447827746E1  .167940163E1  .751731041E0
  .371993383E0  .191712575E0

 0.0037596  0.0000000 
 0.0376793  0.0000000 
 0.1738967  0.0000000 
 0.4180364  0.0000000 
 0.4258595  0.0000000 
 0.1017082  0.0000000 
 0.0000000 -0.0071393 
 0.0000000 -0.0182927 
 0.0000000  0.0762162 
 0.0000000  0.4145098 
 0.0000000  0.4889621 
 0.0000000  0.1058816 

K:STO-6G
EMSL BASIS SET LIBRARY

  2
    0    1
    4    3
   24   18

  .800132141E4  .146703352E4  .410423113E3  .140991416E3  .547510928E2
  .225495236E2  .543346505E3  .107542453E3  .334241144E2  .128594616E2
  .558487291E1  .255995588E1  .232937496E2   .62382754E1  .233941956E1
   .10471672E1  .518189681E0   .26705711E0  .279199604E1  .898368126E0
   .38384184E0  .191408161E0  .103313726E0   .5744848E-1

 .91636E-2  0.0000000  0.0000000  0.0000000 
 .49361E-1  0.0000000  0.0000000  0.0000000 
  .16854E0  0.0000000  0.0000000  0.0000000 
  .37056E0  0.0000000  0.0000000  0.0000000 
  .41649E0  0.0000000  0.0000000  0.0000000 
  .13033E0  0.0000000  0.0000000  0.0000000 
 0.0000000 -.13253E-1  0.0000000  0.0000000 
 0.0000000 -.46992E-1  0.0000000  0.0000000 
 0.0000000 -.33785E-1  0.0000000  0.0000000 
 0.0000000   .25024E0  0.0000000  0.0000000 
 0.0000000   .59512E0  0.0000000  0.0000000 
 0.0000000   .24071E0  0.0000000  0.0000000 
 0.0000000  0.0000000 -.79431E-2  0.0000000 
 0.0000000  0.0000000 -.71003E-1  0.0000000 
 0.0000000  0.0000000   -.1785E0  0.0000000 
 0.0000000  0.0000000   .15106E0  0.0000000 
 0.0000000  0.0000000   .73549E0  0.0000000 
 0.0000000  0.0000000   .27606E0  0.0000000 
 0.0000000  0.0000000  0.0000000  .37751E-2 
 0.0000000  0.0000000  0.0000000  -.5586E-1 
 0.0000000  0.0000000  0.0000000  -.31929E0 
 0.0000000  0.0000000  0.0000000 -.27648E-1 
 0.0000000  0.0000000  0.0000000   .90492E0 
 0.0000000  0.0000000  0.0000000   .34063E0 

  .543346505E3  .107542453E3  .334241144E2  .128594616E2  .558487291E1
  .255995588E1  .232937496E2   .62382754E1  .233941956E1   .10471672E1
  .518189681E0   .26705711E0  .279199604E1  .898368126E0   .38384184E0
  .191408161E0  .103313726E0   .5744848E-1

 .37597E-2  0.0000000  0.0000000 
 .37679E-1  0.0000000  0.0000000 
   .1739E0  0.0000000  0.0000000 
  .41804E0  0.0000000  0.0000000 
  .42586E0  0.0000000  0.0000000 
  .10171E0  0.0000000  0.0000000 
 0.0000000 -.71394E-2  0.0000000 
 0.0000000 -.18293E-1  0.0000000 
 0.0000000  .76216E-1  0.0000000 
 0.0000000   .41451E0  0.0000000 
 0.0000000   .48896E0  0.0000000 
 0.0000000   .10588E0  0.0000000 
 0.0000000  0.0000000 -.70521E-2 
 0.0000000  0.0000000 -.52595E-1 
 0.0000000  0.0000000 -.37734E-1 
 0.0000000  0.0000000   .38748E0 
 0.0000000  0.0000000   .57917E0 
 0.0000000  0.0000000   .12218E0 

CA:STO-6G
EMSL BASIS SET LIBRARY

  2
    0    1
    4    3
   24   18

  .885715704E4  .162395005E4  .454322702E3   .15607211E3  .606073675E2
  .249614609E2    .6175691E3  .122233042E3  .379899383E2  .146160986E2
  .634778158E1  .290965274E1  .279066051E2  .747363953E1  .280269423E1
  .125453746E1  .620806655E0  .319942364E0  .252534396E1  .812568676E0
  .347182682E0  .173127554E0 .934466564E-1 .519618116E-1

 .91636E-2  0.0000000  0.0000000  0.0000000 
 .49361E-1  0.0000000  0.0000000  0.0000000 
  .16854E0  0.0000000  0.0000000  0.0000000 
  .37056E0  0.0000000  0.0000000  0.0000000 
  .41649E0  0.0000000  0.0000000  0.0000000 
  .13033E0  0.0000000  0.0000000  0.0000000 
 0.0000000 -.13253E-1  0.0000000  0.0000000 
 0.0000000 -.46992E-1  0.0000000  0.0000000 
 0.0000000 -.33785E-1  0.0000000  0.0000000 
 0.0000000   .25024E0  0.0000000  0.0000000 
 0.0000000   .59512E0  0.0000000  0.0000000 
 0.0000000   .24071E0  0.0000000  0.0000000 
 0.0000000  0.0000000 -.79431E-2  0.0000000 
 0.0000000  0.0000000 -.71003E-1  0.0000000 
 0.0000000  0.0000000   -.1785E0  0.0000000 
 0.0000000  0.0000000   .15106E0  0.0000000 
 0.0000000  0.0000000   .73549E0  0.0000000 
 0.0000000  0.0000000   .27606E0  0.0000000 
 0.0000000  0.0000000  0.0000000  .37751E-2 
 0.0000000  0.0000000  0.0000000  -.5586E-1 
 0.0000000  0.0000000  0.0000000  -.31929E0 
 0.0000000  0.0000000  0.0000000 -.27648E-1 
 0.0000000  0.0000000  0.0000000   .90492E0 
 0.0000000  0.0000000  0.0000000   .34063E0 

    .6175691E3  .122233042E3  .379899383E2  .146160986E2  .634778158E1
  .290965274E1  .279066051E2  .747363953E1  .280269423E1  .125453746E1
  .620806655E0  .319942364E0  .252534396E1  .812568676E0  .347182682E0
  .173127554E0 .934466564E-1 .519618116E-1

 .37597E-2  0.0000000  0.0000000 
 .37679E-1  0.0000000  0.0000000 
   .1739E0  0.0000000  0.0000000 
  .41804E0  0.0000000  0.0000000 
  .42586E0  0.0000000  0.0000000 
  .10171E0  0.0000000  0.0000000 
 0.0000000 -.71394E-2  0.0000000 
 0.0000000 -.18293E-1  0.0000000 
 0.0000000  .76216E-1  0.0000000 
 0.0000000   .41451E0  0.0000000 
 0.0000000   .48896E0  0.0000000 
 0.0000000   .10588E0  0.0000000 
 0.0000000  0.0000000 -.70521E-2 
 0.0000000  0.0000000 -.52595E-1 
 0.0000000  0.0000000 -.37734E-1 
 0.0000000  0.0000000   .38748E0 
 0.0000000  0.0000000   .57917E0 
 0.0000000  0.0000000   .12218E0 

SC:STO-6G
EMSL BASIS SET LIBRARY

  3
    0    1    2
    4    3    1
   24   18    6

  .976596561E4   .17905791E4  .500939507E3  .172086241E3  .668261231E2
  .275226878E2  .696541941E3  .137863828E3   .42847975E2  .164851604E2
  .715951641E1   .32817302E1  .281354192E2  .810156829E1  .318654965E1
  .145636149E1  .724781612E0  .372220338E0  .349528576E1  .112466253E1
  .480529664E0  .239622912E0  .129337933E0 .719194624E-1

 .91636E-2  0.0000000  0.0000000  0.0000000 
 .49361E-1  0.0000000  0.0000000  0.0000000 
  .16854E0  0.0000000  0.0000000  0.0000000 
  .37056E0  0.0000000  0.0000000  0.0000000 
  .41649E0  0.0000000  0.0000000  0.0000000 
  .13033E0  0.0000000  0.0000000  0.0000000 
 0.0000000 -.13253E-1  0.0000000  0.0000000 
 0.0000000 -.46992E-1  0.0000000  0.0000000 
 0.0000000 -.33785E-1  0.0000000  0.0000000 
 0.0000000   .25024E0  0.0000000  0.0000000 
 0.0000000   .59512E0  0.0000000  0.0000000 
 0.0000000   .24071E0  0.0000000  0.0000000 
 0.0000000  0.0000000 -.79431E-2  0.0000000 
 0.0000000  0.0000000 -.71003E-1  0.0000000 
 0.0000000  0.0000000   -.1785E0  0.0000000 
 0.0000000  0.0000000   .15106E0  0.0000000 
 0.0000000  0.0000000   .73549E0  0.0000000 
 0.0000000  0.0000000   .27606E0  0.0000000 
 0.0000000  0.0000000  0.0000000  .37751E-2 
 0.0000000  0.0000000  0.0000000  -.5586E-1 
 0.0000000  0.0000000  0.0000000  -.31929E0 
 0.0000000  0.0000000  0.0000000 -.27648E-1 
 0.0000000  0.0000000  0.0000000   .90492E0 
 0.0000000  0.0000000  0.0000000   .34063E0 

  .696541941E3  .137863828E3   .42847975E2  .164851604E2  .715951641E1
   .32817302E1  .281354192E2  .810156829E1  .318654965E1  .145636149E1
  .724781612E0  .372220338E0  .349528576E1  .112466253E1  .480529664E0
  .239622912E0  .129337933E0 .719194624E-1

 .37597E-2  0.0000000  0.0000000 
 .37679E-1  0.0000000  0.0000000 
   .1739E0  0.0000000  0.0000000 
  .41804E0  0.0000000  0.0000000 
  .42586E0  0.0000000  0.0000000 
  .10171E0  0.0000000  0.0000000 
 0.0000000 -.71394E-2  0.0000000 
 0.0000000 -.18293E-1  0.0000000 
 0.0000000  .76216E-1  0.0000000 
 0.0000000   .41451E0  0.0000000 
 0.0000000   .48896E0  0.0000000 
 0.0000000   .10588E0  0.0000000 
 0.0000000  0.0000000 -.70521E-2 
 0.0000000  0.0000000 -.52595E-1 
 0.0000000  0.0000000 -.37734E-1 
 0.0000000  0.0000000   .38748E0 
 0.0000000  0.0000000   .57917E0 
 0.0000000  0.0000000   .12218E0 

  .330391371E1  .951358938E0  .374193289E0  .171019051E0 .851103687E-1
 .437094563E-1

 .66334E-2 
 .59582E-1 
  .24019E0 
  .46481E0 
  .34341E0 
 .53891E-1 

TI:STO-6G
EMSL BASIS SET LIBRARY

  3
    0    1    2
    4    3    1
   24   18    6

  .107191505E5  .196534451E4  .549832569E3  .188882327E3  .733485349E2
  .302089772E2  .780265028E3  .154434812E3  .479982245E2   .18466647E2
  .802007739E1  .367618826E1    .3231173E2  .930413316E1  .365954852E1
  .167253805E1  .832365338E0  .427471258E0  .394584994E1  .126963856E1
  .542472941E0  .270511803E0  .146010401E0 .811903306E-1

 .91636E-2  0.0000000  0.0000000  0.0000000 
 .49361E-1  0.0000000  0.0000000  0.0000000 
  .16854E0  0.0000000  0.0000000  0.0000000 
  .37056E0  0.0000000  0.0000000  0.0000000 
  .41649E0  0.0000000  0.0000000  0.0000000 
  .13033E0  0.0000000  0.0000000  0.0000000 
 0.0000000 -.13253E-1  0.0000000  0.0000000 
 0.0000000 -.46992E-1  0.0000000  0.0000000 
 0.0000000 -.33785E-1  0.0000000  0.0000000 
 0.0000000   .25024E0  0.0000000  0.0000000 
 0.0000000   .59512E0  0.0000000  0.0000000 
 0.0000000   .24071E0  0.0000000  0.0000000 
 0.0000000  0.0000000 -.79431E-2  0.0000000 
 0.0000000  0.0000000 -.71003E-1  0.0000000 
 0.0000000  0.0000000   -.1785E0  0.0000000 
 0.0000000  0.0000000   .15106E0  0.0000000 
 0.0000000  0.0000000   .73549E0  0.0000000 
 0.0000000  0.0000000   .27606E0  0.0000000 
 0.0000000  0.0000000  0.0000000  .37751E-2 
 0.0000000  0.0000000  0.0000000  -.5586E-1 
 0.0000000  0.0000000  0.0000000  -.31929E0 
 0.0000000  0.0000000  0.0000000 -.27648E-1 
 0.0000000  0.0000000  0.0000000   .90492E0 
 0.0000000  0.0000000  0.0000000   .34063E0 

  .780265028E3  .154434812E3  .479982245E2   .18466647E2  .802007739E1
  .367618826E1    .3231173E2  .930413316E1  .365954852E1  .167253805E1
  .832365338E0  .427471258E0  .394584994E1  .126963856E1  .542472941E0
  .270511803E0  .146010401E0 .811903306E-1

 .37597E-2  0.0000000  0.0000000 
 .37679E-1  0.0000000  0.0000000 
   .1739E0  0.0000000  0.0000000 
  .41804E0  0.0000000  0.0000000 
  .42586E0  0.0000000  0.0000000 
  .10171E0  0.0000000  0.0000000 
 0.0000000 -.71394E-2  0.0000000 
 0.0000000 -.18293E-1  0.0000000 
 0.0000000  .76216E-1  0.0000000 
 0.0000000   .41451E0  0.0000000 
 0.0000000   .48896E0  0.0000000 
 0.0000000   .10588E0  0.0000000 
 0.0000000  0.0000000 -.70521E-2 
 0.0000000  0.0000000 -.52595E-1 
 0.0000000  0.0000000 -.37734E-1 
 0.0000000  0.0000000   .38748E0 
 0.0000000  0.0000000   .57917E0 
 0.0000000  0.0000000   .12218E0 

  .985713099E1  .283835187E1  .111639486E1  .510230393E0  .253924323E0
  .130405898E0

 .66334E-2 
 .59582E-1 
  .24019E0 
  .46481E0 
  .34341E0 
 .53891E-1 

V:STO-6G
EMSL BASIS SET LIBRARY

  3
    0    1    2
    4    3    1
   24   18    6

  .117271196E5  .215015454E4  .601535756E3  .206643767E3  .802458218E2
  .330496609E2  .868738361E3  .171945994E3  .534406866E2  .205605584E2
  .892946452E1  .409302692E1  .367769284E2   .10589883E2  .416526611E1
  .190366818E1  .947390946E0  .486544046E0  .394584994E1  .126963856E1
  .542472941E0  .270511803E0  .146010401E0 .811903306E-1

 .91636E-2  0.0000000  0.0000000  0.0000000 
 .49361E-1  0.0000000  0.0000000  0.0000000 
  .16854E0  0.0000000  0.0000000  0.0000000 
  .37056E0  0.0000000  0.0000000  0.0000000 
  .41649E0  0.0000000  0.0000000  0.0000000 
  .13033E0  0.0000000  0.0000000  0.0000000 
 0.0000000 -.13253E-1  0.0000000  0.0000000 
 0.0000000 -.46992E-1  0.0000000  0.0000000 
 0.0000000 -.33785E-1  0.0000000  0.0000000 
 0.0000000   .25024E0  0.0000000  0.0000000 
 0.0000000   .59512E0  0.0000000  0.0000000 
 0.0000000   .24071E0  0.0000000  0.0000000 
 0.0000000  0.0000000 -.79431E-2  0.0000000 
 0.0000000  0.0000000 -.71003E-1  0.0000000 
 0.0000000  0.0000000   -.1785E0  0.0000000 
 0.0000000  0.0000000   .15106E0  0.0000000 
 0.0000000  0.0000000   .73549E0  0.0000000 
 0.0000000  0.0000000   .27606E0  0.0000000 
 0.0000000  0.0000000  0.0000000  .37751E-2 
 0.0000000  0.0000000  0.0000000  -.5586E-1 
 0.0000000  0.0000000  0.0000000  -.31929E0 
 0.0000000  0.0000000  0.0000000 -.27648E-1 
 0.0000000  0.0000000  0.0000000   .90492E0 
 0.0000000  0.0000000  0.0000000   .34063E0 

  .868738361E3  .171945994E3  .534406866E2  .205605584E2  .892946452E1
  .409302692E1  .367769284E2   .10589883E2  .416526611E1  .190366818E1
  .947390946E0  .486544046E0  .394584994E1  .126963856E1  .542472941E0
  .270511803E0  .146010401E0 .811903306E-1

 .37597E-2  0.0000000  0.0000000 
 .37679E-1  0.0000000  0.0000000 
   .1739E0  0.0000000  0.0000000 
  .41804E0  0.0000000  0.0000000 
  .42586E0  0.0000000  0.0000000 
  .10171E0  0.0000000  0.0000000 
 0.0000000 -.71394E-2  0.0000000 
 0.0000000 -.18293E-1  0.0000000 
 0.0000000  .76216E-1  0.0000000 
 0.0000000   .41451E0  0.0000000 
 0.0000000   .48896E0  0.0000000 
 0.0000000   .10588E0  0.0000000 
 0.0000000  0.0000000 -.70521E-2 
 0.0000000  0.0000000 -.52595E-1 
 0.0000000  0.0000000 -.37734E-1 
 0.0000000  0.0000000   .38748E0 
 0.0000000  0.0000000   .57917E0 
 0.0000000  0.0000000   .12218E0 

  .177551231E2  .511257148E1  .201090237E1  .919050728E0  .457380308E0
  .234893173E0

 .66334E-2 
 .59582E-1 
  .24019E0 
  .46481E0 
  .34341E0 
 .53891E-1 

CR:STO-6G
EMSL BASIS SET LIBRARY

  3
    0    1    2
    4    3    1
   24   18    6

  .127803752E5  .234326781E4   .65556189E3  .225203202E3  .874529936E2
  .360179722E2   .96196194E3  .190397373E3  .591753615E2  .227668945E2
  .988767781E1  .453224618E1   .41318308E2  .118975691E2   .46796118E1
  .213874164E1  .106437902E1   .54662468E0  .418137212E1  .134542148E1
  .574852381E0  .286658269E0  .154725554E0 .860364662E-1

 .91636E-2  0.0000000  0.0000000  0.0000000 
 .49361E-1  0.0000000  0.0000000  0.0000000 
  .16854E0  0.0000000  0.0000000  0.0000000 
  .37056E0  0.0000000  0.0000000  0.0000000 
  .41649E0  0.0000000  0.0000000  0.0000000 
  .13033E0  0.0000000  0.0000000  0.0000000 
 0.0000000 -.13253E-1  0.0000000  0.0000000 
 0.0000000 -.46992E-1  0.0000000  0.0000000 
 0.0000000 -.33785E-1  0.0000000  0.0000000 
 0.0000000   .25024E0  0.0000000  0.0000000 
 0.0000000   .59512E0  0.0000000  0.0000000 
 0.0000000   .24071E0  0.0000000  0.0000000 
 0.0000000  0.0000000 -.79431E-2  0.0000000 
 0.0000000  0.0000000 -.71003E-1  0.0000000 
 0.0000000  0.0000000   -.1785E0  0.0000000 
 0.0000000  0.0000000   .15106E0  0.0000000 
 0.0000000  0.0000000   .73549E0  0.0000000 
 0.0000000  0.0000000   .27606E0  0.0000000 
 0.0000000  0.0000000  0.0000000  .37751E-2 
 0.0000000  0.0000000  0.0000000  -.5586E-1 
 0.0000000  0.0000000  0.0000000  -.31929E0 
 0.0000000  0.0000000  0.0000000 -.27648E-1 
 0.0000000  0.0000000  0.0000000   .90492E0 
 0.0000000  0.0000000  0.0000000   .34063E0 

   .96196194E3  .190397373E3  .591753615E2  .227668945E2  .988767781E1
  .453224618E1   .41318308E2  .118975691E2   .46796118E1  .213874164E1
  .106437902E1   .54662468E0  .418137212E1  .134542148E1  .574852381E0
  .286658269E0  .154725554E0 .860364662E-1

 .37597E-2  0.0000000  0.0000000 
 .37679E-1  0.0000000  0.0000000 
   .1739E0  0.0000000  0.0000000 
  .41804E0  0.0000000  0.0000000 
  .42586E0  0.0000000  0.0000000 
  .10171E0  0.0000000  0.0000000 
 0.0000000 -.71394E-2  0.0000000 
 0.0000000 -.18293E-1  0.0000000 
 0.0000000  .76216E-1  0.0000000 
 0.0000000   .41451E0  0.0000000 
 0.0000000   .48896E0  0.0000000 
 0.0000000   .10588E0  0.0000000 
 0.0000000  0.0000000 -.70521E-2 
 0.0000000  0.0000000 -.52595E-1 
 0.0000000  0.0000000 -.37734E-1 
 0.0000000  0.0000000   .38748E0 
 0.0000000  0.0000000   .57917E0 
 0.0000000  0.0000000   .12218E0 

  .254005432E2  .731406324E1  .287680419E1  .131479729E1  .654329922E0
  .336039022E0

 .66334E-2 
 .59582E-1 
  .24019E0 
  .46481E0 
  .34341E0 
 .53891E-1 

MN:STO-6G
EMSL BASIS SET LIBRARY

  3
    0    1    2
    4    3    1
   24   18    6

  .138675946E5   .25426083E4  .711330176E3  .244361114E3  .948925712E2
  .390820011E2  .105784619E4  .209375369E3  .650737085E2  .250362012E2
  .108732392E2   .49840011E1  .461240007E2  .132813639E2  .522389294E1
  .238749662E1  .118817592E1  .610202071E0  .371715448E1  .119605224E1
  .511032035E0  .254833351E0   .13754786E0 .764846626E-1

 .91636E-2  0.0000000  0.0000000  0.0000000 
 .49361E-1  0.0000000  0.0000000  0.0000000 
  .16854E0  0.0000000  0.0000000  0.0000000 
  .37056E0  0.0000000  0.0000000  0.0000000 
  .41649E0  0.0000000  0.0000000  0.0000000 
  .13033E0  0.0000000  0.0000000  0.0000000 
 0.0000000 -.13253E-1  0.0000000  0.0000000 
 0.0000000 -.46992E-1  0.0000000  0.0000000 
 0.0000000 -.33785E-1  0.0000000  0.0000000 
 0.0000000   .25024E0  0.0000000  0.0000000 
 0.0000000   .59512E0  0.0000000  0.0000000 
 0.0000000   .24071E0  0.0000000  0.0000000 
 0.0000000  0.0000000 -.79431E-2  0.0000000 
 0.0000000  0.0000000 -.71003E-1  0.0000000 
 0.0000000  0.0000000   -.1785E0  0.0000000 
 0.0000000  0.0000000   .15106E0  0.0000000 
 0.0000000  0.0000000   .73549E0  0.0000000 
 0.0000000  0.0000000   .27606E0  0.0000000 
 0.0000000  0.0000000  0.0000000  .37751E-2 
 0.0000000  0.0000000  0.0000000  -.5586E-1 
 0.0000000  0.0000000  0.0000000  -.31929E0 
 0.0000000  0.0000000  0.0000000 -.27648E-1 
 0.0000000  0.0000000  0.0000000   .90492E0 
 0.0000000  0.0000000  0.0000000   .34063E0 

  .105784619E4  .209375369E3  .650737085E2  .250362012E2  .108732392E2
   .49840011E1  .461240007E2  .132813639E2  .522389294E1  .238749662E1
  .118817592E1  .610202071E0  .371715448E1  .119605224E1  .511032035E0
  .254833351E0   .13754786E0 .764846626E-1

 .37597E-2  0.0000000  0.0000000 
 .37679E-1  0.0000000  0.0000000 
   .1739E0  0.0000000  0.0000000 
  .41804E0  0.0000000  0.0000000 
  .42586E0  0.0000000  0.0000000 
  .10171E0  0.0000000  0.0000000 
 0.0000000 -.71394E-2  0.0000000 
 0.0000000 -.18293E-1  0.0000000 
 0.0000000  .76216E-1  0.0000000 
 0.0000000   .41451E0  0.0000000 
 0.0000000   .48896E0  0.0000000 
 0.0000000   .10588E0  0.0000000 
 0.0000000  0.0000000 -.70521E-2 
 0.0000000  0.0000000 -.52595E-1 
 0.0000000  0.0000000 -.37734E-1 
 0.0000000  0.0000000   .38748E0 
 0.0000000  0.0000000   .57917E0 
 0.0000000  0.0000000   .12218E0 

   .32499862E2  .935830559E1  .368085589E1  .168227625E1  .837211706E0
  .429960168E0

 .66334E-2 
 .59582E-1 
  .24019E0 
  .46481E0 
  .34341E0 
 .53891E-1 

FE:STO-6G
EMSL BASIS SET LIBRARY

  3
    0    1    2
    4    3    1
   24   18    6

   .15010966E5  .275224418E4  .769978741E3  .264508479E3  .102716383E3
  .423042787E2   .11604713E4  .229687556E3  .713867212E2  .274650447E2
  .119280876E2  .546751529E1  .511940064E2  .147412674E2  .579810956E1
  .264993313E1  .131878165E1  .677276219E0  .328024376E1  .105546942E1
  .450965827E0  .224880487E0  .121380619E0 .674947298E-1

 .91636E-2  0.0000000  0.0000000  0.0000000 
 .49361E-1  0.0000000  0.0000000  0.0000000 
  .16854E0  0.0000000  0.0000000  0.0000000 
  .37056E0  0.0000000  0.0000000  0.0000000 
  .41649E0  0.0000000  0.0000000  0.0000000 
  .13033E0  0.0000000  0.0000000  0.0000000 
 0.0000000 -.13253E-1  0.0000000  0.0000000 
 0.0000000 -.46992E-1  0.0000000  0.0000000 
 0.0000000 -.33785E-1  0.0000000  0.0000000 
 0.0000000   .25024E0  0.0000000  0.0000000 
 0.0000000   .59512E0  0.0000000  0.0000000 
 0.0000000   .24071E0  0.0000000  0.0000000 
 0.0000000  0.0000000 -.79431E-2  0.0000000 
 0.0000000  0.0000000 -.71003E-1  0.0000000 
 0.0000000  0.0000000   -.1785E0  0.0000000 
 0.0000000  0.0000000   .15106E0  0.0000000 
 0.0000000  0.0000000   .73549E0  0.0000000 
 0.0000000  0.0000000   .27606E0  0.0000000 
 0.0000000  0.0000000  0.0000000  .37751E-2 
 0.0000000  0.0000000  0.0000000  -.5586E-1 
 0.0000000  0.0000000  0.0000000  -.31929E0 
 0.0000000  0.0000000  0.0000000 -.27648E-1 
 0.0000000  0.0000000  0.0000000   .90492E0 
 0.0000000  0.0000000  0.0000000   .34063E0 

   .11604713E4  .229687556E3  .713867212E2  .274650447E2  .119280876E2
  .546751529E1  .511940064E2  .147412674E2  .579810956E1  .264993313E1
  .131878165E1  .677276219E0  .328024376E1  .105546942E1  .450965827E0
  .224880487E0  .121380619E0 .674947298E-1

 .37597E-2  0.0000000  0.0000000 
 .37679E-1  0.0000000  0.0000000 
   .1739E0  0.0000000  0.0000000 
  .41804E0  0.0000000  0.0000000 
  .42586E0  0.0000000  0.0000000 
  .10171E0  0.0000000  0.0000000 
 0.0000000 -.71394E-2  0.0000000 
 0.0000000 -.18293E-1  0.0000000 
 0.0000000  .76216E-1  0.0000000 
 0.0000000   .41451E0  0.0000000 
 0.0000000   .48896E0  0.0000000 
 0.0000000   .10588E0  0.0000000 
 0.0000000  0.0000000 -.70521E-2 
 0.0000000  0.0000000 -.52595E-1 
 0.0000000  0.0000000 -.37734E-1 
 0.0000000  0.0000000   .38748E0 
 0.0000000  0.0000000   .57917E0 
 0.0000000  0.0000000   .12218E0 

  .383977575E2  .110565992E2   .43488373E1  .198756645E1  .989144264E0
  .507986966E0

 .66334E-2 
 .59582E-1 
  .24019E0 
  .46481E0 
  .34341E0 
 .53891E-1 

CO:STO-6G
EMSL BASIS SET LIBRARY

  3
    0    1    2
    4    3    1
   24   18    6

  .161507194E5  .296121672E4  .828441727E3  .284592092E3  .110515438E3
  .455163602E2  .126327784E4  .250035653E3  .777108946E2  .298981822E2
  .129848009E2   .59518843E1  .567770745E2  .163489068E2  .643043437E1
  .293892706E1   .14626041E1  .751137975E0  .328024376E1  .105546942E1
  .450965827E0  .224880487E0  .121380619E0 .674947298E-1

 .91636E-2  0.0000000  0.0000000  0.0000000 
 .49361E-1  0.0000000  0.0000000  0.0000000 
  .16854E0  0.0000000  0.0000000  0.0000000 
  .37056E0  0.0000000  0.0000000  0.0000000 
  .41649E0  0.0000000  0.0000000  0.0000000 
  .13033E0  0.0000000  0.0000000  0.0000000 
 0.0000000 -.13253E-1  0.0000000  0.0000000 
 0.0000000 -.46992E-1  0.0000000  0.0000000 
 0.0000000 -.33785E-1  0.0000000  0.0000000 
 0.0000000   .25024E0  0.0000000  0.0000000 
 0.0000000   .59512E0  0.0000000  0.0000000 
 0.0000000   .24071E0  0.0000000  0.0000000 
 0.0000000  0.0000000 -.79431E-2  0.0000000 
 0.0000000  0.0000000 -.71003E-1  0.0000000 
 0.0000000  0.0000000   -.1785E0  0.0000000 
 0.0000000  0.0000000   .15106E0  0.0000000 
 0.0000000  0.0000000   .73549E0  0.0000000 
 0.0000000  0.0000000   .27606E0  0.0000000 
 0.0000000  0.0000000  0.0000000  .37751E-2 
 0.0000000  0.0000000  0.0000000  -.5586E-1 
 0.0000000  0.0000000  0.0000000  -.31929E0 
 0.0000000  0.0000000  0.0000000 -.27648E-1 
 0.0000000  0.0000000  0.0000000   .90492E0 
 0.0000000  0.0000000  0.0000000   .34063E0 

  .126327784E4  .250035653E3  .777108946E2  .298981822E2  .129848009E2
   .59518843E1  .567770745E2  .163489068E2  .643043437E1  .293892706E1
   .14626041E1  .751137975E0  .328024376E1  .105546942E1  .450965827E0
  .224880487E0  .121380619E0 .674947298E-1

 .37597E-2  0.0000000  0.0000000 
 .37679E-1  0.0000000  0.0000000 
   .1739E0  0.0000000  0.0000000 
  .41804E0  0.0000000  0.0000000 
  .42586E0  0.0000000  0.0000000 
  .10171E0  0.0000000  0.0000000 
 0.0000000 -.71394E-2  0.0000000 
 0.0000000 -.18293E-1  0.0000000 
 0.0000000  .76216E-1  0.0000000 
 0.0000000   .41451E0  0.0000000 
 0.0000000   .48896E0  0.0000000 
 0.0000000   .10588E0  0.0000000 
 0.0000000  0.0000000 -.70521E-2 
 0.0000000  0.0000000 -.52595E-1 
 0.0000000  0.0000000 -.37734E-1 
 0.0000000  0.0000000   .38748E0 
 0.0000000  0.0000000   .57917E0 
 0.0000000  0.0000000   .12218E0 

   .45899826E2   .13216813E2  .519850347E1  .237589277E1  .118240107E1
   .60723633E0

 .66334E-2 
 .59582E-1 
  .24019E0 
  .46481E0 
  .34341E0 
 .53891E-1 

NI:STO-6G
EMSL BASIS SET LIBRARY

  3
    0    1    2
    4    3    1
   24   18    6

  .174208779E5  .319409889E4  .893593764E3  .306973576E3  .119206822E3
  .490959525E2  .137758785E4  .272660588E3  .847427075E2  .326035741E2
  .141597544E2  .649045147E1  .618667399E2  .178144713E2  .700687758E1
   .32023812E1  .159371627E1  .818472212E0  .349528576E1  .112466253E1
  .480529664E0  .239622912E0  .129337933E0 .719194624E-1

 .91636E-2  0.0000000  0.0000000  0.0000000 
 .49361E-1  0.0000000  0.0000000  0.0000000 
  .16854E0  0.0000000  0.0000000  0.0000000 
  .37056E0  0.0000000  0.0000000  0.0000000 
  .41649E0  0.0000000  0.0000000  0.0000000 
  .13033E0  0.0000000  0.0000000  0.0000000 
 0.0000000 -.13253E-1  0.0000000  0.0000000 
 0.0000000 -.46992E-1  0.0000000  0.0000000 
 0.0000000 -.33785E-1  0.0000000  0.0000000 
 0.0000000   .25024E0  0.0000000  0.0000000 
 0.0000000   .59512E0  0.0000000  0.0000000 
 0.0000000   .24071E0  0.0000000  0.0000000 
 0.0000000  0.0000000 -.79431E-2  0.0000000 
 0.0000000  0.0000000 -.71003E-1  0.0000000 
 0.0000000  0.0000000   -.1785E0  0.0000000 
 0.0000000  0.0000000   .15106E0  0.0000000 
 0.0000000  0.0000000   .73549E0  0.0000000 
 0.0000000  0.0000000   .27606E0  0.0000000 
 0.0000000  0.0000000  0.0000000  .37751E-2 
 0.0000000  0.0000000  0.0000000  -.5586E-1 
 0.0000000  0.0000000  0.0000000  -.31929E0 
 0.0000000  0.0000000  0.0000000 -.27648E-1 
 0.0000000  0.0000000  0.0000000   .90492E0 
 0.0000000  0.0000000  0.0000000   .34063E0 

  .137758785E4  .272660588E3  .847427075E2  .326035741E2  .141597544E2
  .649045147E1  .618667399E2  .178144713E2  .700687758E1   .32023812E1
  .159371627E1  .818472212E0  .349528576E1  .112466253E1  .480529664E0
  .239622912E0  .129337933E0 .719194624E-1

 .37597E-2  0.0000000  0.0000000 
 .37679E-1  0.0000000  0.0000000 
   .1739E0  0.0000000  0.0000000 
  .41804E0  0.0000000  0.0000000 
  .42586E0  0.0000000  0.0000000 
  .10171E0  0.0000000  0.0000000 
 0.0000000 -.71394E-2  0.0000000 
 0.0000000 -.18293E-1  0.0000000 
 0.0000000  .76216E-1  0.0000000 
 0.0000000   .41451E0  0.0000000 
 0.0000000   .48896E0  0.0000000 
 0.0000000   .10588E0  0.0000000 
 0.0000000  0.0000000 -.70521E-2 
 0.0000000  0.0000000 -.52595E-1 
 0.0000000  0.0000000 -.37734E-1 
 0.0000000  0.0000000   .38748E0 
 0.0000000  0.0000000   .57917E0 
 0.0000000  0.0000000   .12218E0 

  .516680225E2  .148777599E2  .585179547E1  .267446942E1  .133099252E1
  .683547261E0

 .66334E-2 
 .59582E-1 
  .24019E0 
  .46481E0 
  .34341E0 
 .53891E-1 

CU:STO-6G
EMSL BASIS SET LIBRARY

  3
    0    1    2
    4    3    1
   24   18    6

  .186865081E5  .342615081E4   .95851353E3  .329275267E3  .127867222E3
  .526627833E2  .149436474E4   .29577378E3  .919262705E2  .353673497E2
  .153600641E2   .70406412E1  .677176708E2  .194992415E2  .766953988E1
   .35052404E1    .1744439E1  .895877685E0  .349528576E1  .112466253E1
  .480529664E0  .239622912E0  .129337933E0 .719194624E-1

 .91636E-2  0.0000000  0.0000000  0.0000000 
 .49361E-1  0.0000000  0.0000000  0.0000000 
  .16854E0  0.0000000  0.0000000  0.0000000 
  .37056E0  0.0000000  0.0000000  0.0000000 
  .41649E0  0.0000000  0.0000000  0.0000000 
  .13033E0  0.0000000  0.0000000  0.0000000 
 0.0000000 -.13253E-1  0.0000000  0.0000000 
 0.0000000 -.46992E-1  0.0000000  0.0000000 
 0.0000000 -.33785E-1  0.0000000  0.0000000 
 0.0000000   .25024E0  0.0000000  0.0000000 
 0.0000000   .59512E0  0.0000000  0.0000000 
 0.0000000   .24071E0  0.0000000  0.0000000 
 0.0000000  0.0000000 -.79431E-2  0.0000000 
 0.0000000  0.0000000 -.71003E-1  0.0000000 
 0.0000000  0.0000000   -.1785E0  0.0000000 
 0.0000000  0.0000000   .15106E0  0.0000000 
 0.0000000  0.0000000   .73549E0  0.0000000 
 0.0000000  0.0000000   .27606E0  0.0000000 
 0.0000000  0.0000000  0.0000000  .37751E-2 
 0.0000000  0.0000000  0.0000000  -.5586E-1 
 0.0000000  0.0000000  0.0000000  -.31929E0 
 0.0000000  0.0000000  0.0000000 -.27648E-1 
 0.0000000  0.0000000  0.0000000   .90492E0 
 0.0000000  0.0000000  0.0000000   .34063E0 

  .149436474E4   .29577378E3  .919262705E2  .353673497E2  .153600641E2
   .70406412E1  .677176708E2  .194992415E2  .766953988E1   .35052404E1
    .1744439E1  .895877685E0  .349528576E1  .112466253E1  .480529664E0
  .239622912E0  .129337933E0 .719194624E-1

 .37597E-2  0.0000000  0.0000000 
 .37679E-1  0.0000000  0.0000000 
   .1739E0  0.0000000  0.0000000 
  .41804E0  0.0000000  0.0000000 
  .42586E0  0.0000000  0.0000000 
  .10171E0  0.0000000  0.0000000 
 0.0000000 -.71394E-2  0.0000000 
 0.0000000 -.18293E-1  0.0000000 
 0.0000000  .76216E-1  0.0000000 
 0.0000000   .41451E0  0.0000000 
 0.0000000   .48896E0  0.0000000 
 0.0000000   .10588E0  0.0000000 
 0.0000000  0.0000000 -.70521E-2 
 0.0000000  0.0000000 -.52595E-1 
 0.0000000  0.0000000 -.37734E-1 
 0.0000000  0.0000000   .38748E0 
 0.0000000  0.0000000   .57917E0 
 0.0000000  0.0000000   .12218E0 

  .577775324E2  .166369877E2   .65437438E1  .299071333E1  .148837636E1
  .764373632E0

 .66334E-2 
 .59582E-1 
  .24019E0 
  .46481E0 
  .34341E0 
 .53891E-1 

ZN:STO-6G
EMSL BASIS SET LIBRARY

  3
    0    1    2
    4    3    1
   24   18    6

  .200101108E5  .366883192E4  .102640696E4  .352598492E3  .136924313E3
  .563929934E2  .161589186E4  .319827171E3  .994020463E2  .382435501E2
  .166091999E2  .761321153E1   .73549215E2  .211784293E2   .83300065E1
  .380709609E1  .189466232E1  .973026682E0  .492889906E1  .158594989E1
  .677621909E0  .337905747E0  .182386694E0  .101417679E0

 .91636E-2  0.0000000  0.0000000  0.0000000 
 .49361E-1  0.0000000  0.0000000  0.0000000 
  .16854E0  0.0000000  0.0000000  0.0000000 
  .37056E0  0.0000000  0.0000000  0.0000000 
  .41649E0  0.0000000  0.0000000  0.0000000 
  .13033E0  0.0000000  0.0000000  0.0000000 
 0.0000000 -.13253E-1  0.0000000  0.0000000 
 0.0000000 -.46992E-1  0.0000000  0.0000000 
 0.0000000 -.33785E-1  0.0000000  0.0000000 
 0.0000000   .25024E0  0.0000000  0.0000000 
 0.0000000   .59512E0  0.0000000  0.0000000 
 0.0000000   .24071E0  0.0000000  0.0000000 
 0.0000000  0.0000000 -.79431E-2  0.0000000 
 0.0000000  0.0000000 -.71003E-1  0.0000000 
 0.0000000  0.0000000   -.1785E0  0.0000000 
 0.0000000  0.0000000   .15106E0  0.0000000 
 0.0000000  0.0000000   .73549E0  0.0000000 
 0.0000000  0.0000000   .27606E0  0.0000000 
 0.0000000  0.0000000  0.0000000  .37751E-2 
 0.0000000  0.0000000  0.0000000  -.5586E-1 
 0.0000000  0.0000000  0.0000000  -.31929E0 
 0.0000000  0.0000000  0.0000000 -.27648E-1 
 0.0000000  0.0000000  0.0000000   .90492E0 
 0.0000000  0.0000000  0.0000000   .34063E0 

  .161589186E4  .319827171E3  .994020463E2  .382435501E2  .166091999E2
  .761321153E1   .73549215E2  .211784293E2   .83300065E1  .380709609E1
  .189466232E1  .973026682E0  .492889906E1  .158594989E1  .677621909E0
  .337905747E0  .182386694E0  .101417679E0

 .37597E-2  0.0000000  0.0000000 
 .37679E-1  0.0000000  0.0000000 
   .1739E0  0.0000000  0.0000000 
  .41804E0  0.0000000  0.0000000 
  .42586E0  0.0000000  0.0000000 
  .10171E0  0.0000000  0.0000000 
 0.0000000 -.71394E-2  0.0000000 
 0.0000000 -.18293E-1  0.0000000 
 0.0000000  .76216E-1  0.0000000 
 0.0000000   .41451E0  0.0000000 
 0.0000000   .48896E0  0.0000000 
 0.0000000   .10588E0  0.0000000 
 0.0000000  0.0000000 -.70521E-2 
 0.0000000  0.0000000 -.52595E-1 
 0.0000000  0.0000000 -.37734E-1 
 0.0000000  0.0000000   .38748E0 
 0.0000000  0.0000000   .57917E0 
 0.0000000  0.0000000   .12218E0 

  .655594779E2  .188777918E2  .742510816E1  .339352679E1  .168884294E1
  .867325657E0

 .66334E-2 
 .59582E-1 
  .24019E0 
  .46481E0 
  .34341E0 
 .53891E-1 

GA:STO-6G
EMSL BASIS SET LIBRARY

  3
    0    1    2
    4    3    1
   24   18    6

  .213790001E5  .391981627E4  .109662334E4  .376719713E3  .146291288E3
  .602508313E2  .173949001E4  .344290469E3  .107005221E3  .411687656E2
  .178796229E2  .819553937E1   .75546581E2   .21753569E2  .855622335E1
  .391048488E1   .19461154E1  .999451035E0  .442372104E1  .142340101E1
  .608170356E0  .303272748E0  .163693321E0 .910230696E-1

 .91636E-2  0.0000000  0.0000000  0.0000000 
 .49361E-1  0.0000000  0.0000000  0.0000000 
  .16854E0  0.0000000  0.0000000  0.0000000 
  .37056E0  0.0000000  0.0000000  0.0000000 
  .41649E0  0.0000000  0.0000000  0.0000000 
  .13033E0  0.0000000  0.0000000  0.0000000 
 0.0000000 -.13253E-1  0.0000000  0.0000000 
 0.0000000 -.46992E-1  0.0000000  0.0000000 
 0.0000000 -.33785E-1  0.0000000  0.0000000 
 0.0000000   .25024E0  0.0000000  0.0000000 
 0.0000000   .59512E0  0.0000000  0.0000000 
 0.0000000   .24071E0  0.0000000  0.0000000 
 0.0000000  0.0000000 -.79431E-2  0.0000000 
 0.0000000  0.0000000 -.71003E-1  0.0000000 
 0.0000000  0.0000000   -.1785E0  0.0000000 
 0.0000000  0.0000000   .15106E0  0.0000000 
 0.0000000  0.0000000   .73549E0  0.0000000 
 0.0000000  0.0000000   .27606E0  0.0000000 
 0.0000000  0.0000000  0.0000000  .37751E-2 
 0.0000000  0.0000000  0.0000000  -.5586E-1 
 0.0000000  0.0000000  0.0000000  -.31929E0 
 0.0000000  0.0000000  0.0000000 -.27648E-1 
 0.0000000  0.0000000  0.0000000   .90492E0 
 0.0000000  0.0000000  0.0000000   .34063E0 

  .173949001E4  .344290469E3  .107005221E3  .411687656E2  .178796229E2
  .819553937E1   .75546581E2   .21753569E2  .855622335E1  .391048488E1
   .19461154E1  .999451035E0  .442372104E1  .142340101E1  .608170356E0
  .303272748E0  .163693321E0 .910230696E-1

 .37597E-2  0.0000000  0.0000000 
 .37679E-1  0.0000000  0.0000000 
   .1739E0  0.0000000  0.0000000 
  .41804E0  0.0000000  0.0000000 
  .42586E0  0.0000000  0.0000000 
  .10171E0  0.0000000  0.0000000 
 0.0000000 -.71394E-2  0.0000000 
 0.0000000 -.18293E-1  0.0000000 
 0.0000000  .76216E-1  0.0000000 
 0.0000000   .41451E0  0.0000000 
 0.0000000   .48896E0  0.0000000 
 0.0000000   .10588E0  0.0000000 
 0.0000000  0.0000000 -.70521E-2 
 0.0000000  0.0000000 -.52595E-1 
 0.0000000  0.0000000 -.37734E-1 
 0.0000000  0.0000000   .38748E0 
 0.0000000  0.0000000   .57917E0 
 0.0000000  0.0000000   .12218E0 

   .75546581E2   .21753569E2  .855622335E1  .391048488E1   .19461154E1
  .999451035E0

 .66334E-2 
 .59582E-1 
  .24019E0 
  .46481E0 
  .34341E0 
 .53891E-1 

GE:STO-6G
EMSL BASIS SET LIBRARY

  3
    0    1    2
    4    3    1
   24   18    6

  .227786649E5  .417644328E4  .116841832E4   .40138323E3  .155868854E3
  .641954016E2  .187041867E4  .370204668E3  .115059335E3  .442674733E2
  .192253938E2  .881240463E1  .850181644E2  .244809028E2  .962895201E1
  .440075834E1  .219010784E1  .112475629E1    .5461384E1   .17572852E1
    .7508276E0    .3744108E0   .20209052E0   .11237416E0

 .91636E-2  0.0000000  0.0000000  0.0000000 
 .49361E-1  0.0000000  0.0000000  0.0000000 
  .16854E0  0.0000000  0.0000000  0.0000000 
  .37056E0  0.0000000  0.0000000  0.0000000 
  .41649E0  0.0000000  0.0000000  0.0000000 
  .13033E0  0.0000000  0.0000000  0.0000000 
 0.0000000 -.13253E-1  0.0000000  0.0000000 
 0.0000000 -.46992E-1  0.0000000  0.0000000 
 0.0000000 -.33785E-1  0.0000000  0.0000000 
 0.0000000   .25024E0  0.0000000  0.0000000 
 0.0000000   .59512E0  0.0000000  0.0000000 
 0.0000000   .24071E0  0.0000000  0.0000000 
 0.0000000  0.0000000 -.79431E-2  0.0000000 
 0.0000000  0.0000000 -.71003E-1  0.0000000 
 0.0000000  0.0000000   -.1785E0  0.0000000 
 0.0000000  0.0000000   .15106E0  0.0000000 
 0.0000000  0.0000000   .73549E0  0.0000000 
 0.0000000  0.0000000   .27606E0  0.0000000 
 0.0000000  0.0000000  0.0000000  .37751E-2 
 0.0000000  0.0000000  0.0000000  -.5586E-1 
 0.0000000  0.0000000  0.0000000  -.31929E0 
 0.0000000  0.0000000  0.0000000 -.27648E-1 
 0.0000000  0.0000000  0.0000000   .90492E0 
 0.0000000  0.0000000  0.0000000   .34063E0 

  .187041867E4  .370204668E3  .115059335E3  .442674733E2  .192253938E2
  .881240463E1  .850181644E2  .244809028E2  .962895201E1  .440075834E1
  .219010784E1  .112475629E1    .5461384E1   .17572852E1    .7508276E0
    .3744108E0   .20209052E0   .11237416E0

 .37597E-2  0.0000000  0.0000000 
 .37679E-1  0.0000000  0.0000000 
   .1739E0  0.0000000  0.0000000 
  .41804E0  0.0000000  0.0000000 
  .42586E0  0.0000000  0.0000000 
  .10171E0  0.0000000  0.0000000 
 0.0000000 -.71394E-2  0.0000000 
 0.0000000 -.18293E-1  0.0000000 
 0.0000000  .76216E-1  0.0000000 
 0.0000000   .41451E0  0.0000000 
 0.0000000   .48896E0  0.0000000 
 0.0000000   .10588E0  0.0000000 
 0.0000000  0.0000000 -.70521E-2 
 0.0000000  0.0000000 -.52595E-1 
 0.0000000  0.0000000 -.37734E-1 
 0.0000000  0.0000000   .38748E0 
 0.0000000  0.0000000   .57917E0 
 0.0000000  0.0000000   .12218E0 

  .850181644E2  .244809028E2  .962895201E1  .440075834E1  .219010784E1
  .112475629E1

 .66334E-2 
 .59582E-1 
  .24019E0 
  .46481E0 
  .34341E0 
 .53891E-1 

AS:STO-6G
EMSL BASIS SET LIBRARY

  3
    0    1    2
    4    3    1
   24   18    6

  .242376699E5  .444395024E4  .124325713E4   .42709238E3  .165852469E3
  .683072058E2  .200322248E4  .396490007E3  .123228799E3  .474105606E2
  .205904388E2   .94381046E1  .950489556E2    .2736926E2  .107650152E2
  .491997783E1  .244850573E1  .125745965E1  .613641106E1  .197448565E1
  .843629891E0  .420687975E0  .227068908E0  .126263606E0

 .91636E-2  0.0000000  0.0000000  0.0000000 
 .49361E-1  0.0000000  0.0000000  0.0000000 
  .16854E0  0.0000000  0.0000000  0.0000000 
  .37056E0  0.0000000  0.0000000  0.0000000 
  .41649E0  0.0000000  0.0000000  0.0000000 
  .13033E0  0.0000000  0.0000000  0.0000000 
 0.0000000 -.13253E-1  0.0000000  0.0000000 
 0.0000000 -.46992E-1  0.0000000  0.0000000 
 0.0000000 -.33785E-1  0.0000000  0.0000000 
 0.0000000   .25024E0  0.0000000  0.0000000 
 0.0000000   .59512E0  0.0000000  0.0000000 
 0.0000000   .24071E0  0.0000000  0.0000000 
 0.0000000  0.0000000 -.79431E-2  0.0000000 
 0.0000000  0.0000000 -.71003E-1  0.0000000 
 0.0000000  0.0000000   -.1785E0  0.0000000 
 0.0000000  0.0000000   .15106E0  0.0000000 
 0.0000000  0.0000000   .73549E0  0.0000000 
 0.0000000  0.0000000   .27606E0  0.0000000 
 0.0000000  0.0000000  0.0000000  .37751E-2 
 0.0000000  0.0000000  0.0000000  -.5586E-1 
 0.0000000  0.0000000  0.0000000  -.31929E0 
 0.0000000  0.0000000  0.0000000 -.27648E-1 
 0.0000000  0.0000000  0.0000000   .90492E0 
 0.0000000  0.0000000  0.0000000   .34063E0 

  .200322248E4  .396490007E3  .123228799E3  .474105606E2  .205904388E2
   .94381046E1  .950489556E2    .2736926E2  .107650152E2  .491997783E1
  .244850573E1  .125745965E1  .613641106E1  .197448565E1  .843629891E0
  .420687975E0  .227068908E0  .126263606E0

 .37597E-2  0.0000000  0.0000000 
 .37679E-1  0.0000000  0.0000000 
   .1739E0  0.0000000  0.0000000 
  .41804E0  0.0000000  0.0000000 
  .42586E0  0.0000000  0.0000000 
  .10171E0  0.0000000  0.0000000 
 0.0000000 -.71394E-2  0.0000000 
 0.0000000 -.18293E-1  0.0000000 
 0.0000000  .76216E-1  0.0000000 
 0.0000000   .41451E0  0.0000000 
 0.0000000   .48896E0  0.0000000 
 0.0000000   .10588E0  0.0000000 
 0.0000000  0.0000000 -.70521E-2 
 0.0000000  0.0000000 -.52595E-1 
 0.0000000  0.0000000 -.37734E-1 
 0.0000000  0.0000000   .38748E0 
 0.0000000  0.0000000   .57917E0 
 0.0000000  0.0000000   .12218E0 

  .950489556E2    .2736926E2  .107650152E2  .491997783E1  .244850573E1
  .125745965E1

 .66334E-2 
 .59582E-1 
  .24019E0 
  .46481E0 
  .34341E0 
 .53891E-1 

SE:STO-6G
EMSL BASIS SET LIBRARY

  3
    0    1    2
    4    3    1
   24   18    6

  .257265401E5  .471693297E4  .131962786E4  .453327787E3  .176040445E3
   .72503177E2  .213761073E4   .42308895E3   .13149573E3  .505911471E2
  .219717697E2  .100712696E2  .105638955E3  .304186406E2  .119644129E2
  .546814336E1  .272130908E1   .13975611E1  .672897123E1   .21651511E1
  .925094686E0  .461311547E0   .24899573E0  .138456202E0

 .91636E-2  0.0000000  0.0000000  0.0000000 
 .49361E-1  0.0000000  0.0000000  0.0000000 
  .16854E0  0.0000000  0.0000000  0.0000000 
  .37056E0  0.0000000  0.0000000  0.0000000 
  .41649E0  0.0000000  0.0000000  0.0000000 
  .13033E0  0.0000000  0.0000000  0.0000000 
 0.0000000 -.13253E-1  0.0000000  0.0000000 
 0.0000000 -.46992E-1  0.0000000  0.0000000 
 0.0000000 -.33785E-1  0.0000000  0.0000000 
 0.0000000   .25024E0  0.0000000  0.0000000 
 0.0000000   .59512E0  0.0000000  0.0000000 
 0.0000000   .24071E0  0.0000000  0.0000000 
 0.0000000  0.0000000 -.79431E-2  0.0000000 
 0.0000000  0.0000000 -.71003E-1  0.0000000 
 0.0000000  0.0000000   -.1785E0  0.0000000 
 0.0000000  0.0000000   .15106E0  0.0000000 
 0.0000000  0.0000000   .73549E0  0.0000000 
 0.0000000  0.0000000   .27606E0  0.0000000 
 0.0000000  0.0000000  0.0000000  .37751E-2 
 0.0000000  0.0000000  0.0000000  -.5586E-1 
 0.0000000  0.0000000  0.0000000  -.31929E0 
 0.0000000  0.0000000  0.0000000 -.27648E-1 
 0.0000000  0.0000000  0.0000000   .90492E0 
 0.0000000  0.0000000  0.0000000   .34063E0 

  .213761073E4   .42308895E3   .13149573E3  .505911471E2  .219717697E2
  .100712696E2  .105638955E3  .304186406E2  .119644129E2  .546814336E1
  .272130908E1   .13975611E1  .672897123E1   .21651511E1  .925094686E0
  .461311547E0   .24899573E0  .138456202E0

 .37597E-2  0.0000000  0.0000000 
 .37679E-1  0.0000000  0.0000000 
   .1739E0  0.0000000  0.0000000 
  .41804E0  0.0000000  0.0000000 
  .42586E0  0.0000000  0.0000000 
  .10171E0  0.0000000  0.0000000 
 0.0000000 -.71394E-2  0.0000000 
 0.0000000 -.18293E-1  0.0000000 
 0.0000000  .76216E-1  0.0000000 
 0.0000000   .41451E0  0.0000000 
 0.0000000   .48896E0  0.0000000 
 0.0000000   .10588E0  0.0000000 
 0.0000000  0.0000000 -.70521E-2 
 0.0000000  0.0000000 -.52595E-1 
 0.0000000  0.0000000 -.37734E-1 
 0.0000000  0.0000000   .38748E0 
 0.0000000  0.0000000   .57917E0 
 0.0000000  0.0000000   .12218E0 

  .105638955E3  .304186406E2  .119644129E2  .546814336E1  .272130908E1
   .13975611E1

 .66334E-2 
 .59582E-1 
  .24019E0 
  .46481E0 
  .34341E0 
 .53891E-1 

BR:STO-6G
EMSL BASIS SET LIBRARY

  3
    0    1    2
    4    3    1
   24   18    6

  .272756608E5  .500096254E4   .13990891E4  .480624867E3    .1866407E3
  .768689474E2   .22794264E4  .451157972E3  .140219561E3  .539475194E2
  .234294444E2  .107394286E2  .116788162E3  .336290446E2  .132271452E2
  .604525492E1  .300851789E1  .154506064E1  .773386588E1  .248849157E1
  .106324696E1  .530203134E0  .286180385E0  .159133048E0

 .91636E-2  0.0000000  0.0000000  0.0000000 
 .49361E-1  0.0000000  0.0000000  0.0000000 
  .16854E0  0.0000000  0.0000000  0.0000000 
  .37056E0  0.0000000  0.0000000  0.0000000 
  .41649E0  0.0000000  0.0000000  0.0000000 
  .13033E0  0.0000000  0.0000000  0.0000000 
 0.0000000 -.13253E-1  0.0000000  0.0000000 
 0.0000000 -.46992E-1  0.0000000  0.0000000 
 0.0000000 -.33785E-1  0.0000000  0.0000000 
 0.0000000   .25024E0  0.0000000  0.0000000 
 0.0000000   .59512E0  0.0000000  0.0000000 
 0.0000000   .24071E0  0.0000000  0.0000000 
 0.0000000  0.0000000 -.79431E-2  0.0000000 
 0.0000000  0.0000000 -.71003E-1  0.0000000 
 0.0000000  0.0000000   -.1785E0  0.0000000 
 0.0000000  0.0000000   .15106E0  0.0000000 
 0.0000000  0.0000000   .73549E0  0.0000000 
 0.0000000  0.0000000   .27606E0  0.0000000 
 0.0000000  0.0000000  0.0000000  .37751E-2 
 0.0000000  0.0000000  0.0000000  -.5586E-1 
 0.0000000  0.0000000  0.0000000  -.31929E0 
 0.0000000  0.0000000  0.0000000 -.27648E-1 
 0.0000000  0.0000000  0.0000000   .90492E0 
 0.0000000  0.0000000  0.0000000   .34063E0 

   .22794264E4  .451157972E3  .140219561E3  .539475194E2  .234294444E2
  .107394286E2  .116788162E3  .336290446E2  .132271452E2  .604525492E1
  .300851789E1  .154506064E1  .773386588E1  .248849157E1  .106324696E1
  .530203134E0  .286180385E0  .159133048E0

 .37597E-2  0.0000000  0.0000000 
 .37679E-1  0.0000000  0.0000000 
   .1739E0  0.0000000  0.0000000 
  .41804E0  0.0000000  0.0000000 
  .42586E0  0.0000000  0.0000000 
  .10171E0  0.0000000  0.0000000 
 0.0000000 -.71394E-2  0.0000000 
 0.0000000 -.18293E-1  0.0000000 
 0.0000000  .76216E-1  0.0000000 
 0.0000000   .41451E0  0.0000000 
 0.0000000   .48896E0  0.0000000 
 0.0000000   .10588E0  0.0000000 
 0.0000000  0.0000000 -.70521E-2 
 0.0000000  0.0000000 -.52595E-1 
 0.0000000  0.0000000 -.37734E-1 
 0.0000000  0.0000000   .38748E0 
 0.0000000  0.0000000   .57917E0 
 0.0000000  0.0000000   .12218E0 

  .116788162E3  .336290446E2  .132271452E2  .604525492E1  .300851789E1
  .154506064E1

 .66334E-2 
 .59582E-1 
  .24019E0 
  .46481E0 
  .34341E0 
 .53891E-1 

KR:STO-6G
EMSL BASIS SET LIBRARY

  3
    0    1    2
    4    3    1
   24   18    6

  .288537364E5  .529030099E4  .148003557E4  .508432165E3  .197439088E3
  .813163196E2  .242579645E4  .480128424E3  .149223556E3  .574116808E2
  .249339321E2  .114290454E2  .128496577E3   .37000472E2   .14553212E2
  .665131252E1  .331013216E1  .169995829E1  .880866625E1   .28343253E1
  .121100984E1  .603887179E0    .3259518E0  .181248283E0

 .91636E-2  0.0000000  0.0000000  0.0000000 
 .49361E-1  0.0000000  0.0000000  0.0000000 
  .16854E0  0.0000000  0.0000000  0.0000000 
  .37056E0  0.0000000  0.0000000  0.0000000 
  .41649E0  0.0000000  0.0000000  0.0000000 
  .13033E0  0.0000000  0.0000000  0.0000000 
 0.0000000 -.13253E-1  0.0000000  0.0000000 
 0.0000000 -.46992E-1  0.0000000  0.0000000 
 0.0000000 -.33785E-1  0.0000000  0.0000000 
 0.0000000   .25024E0  0.0000000  0.0000000 
 0.0000000   .59512E0  0.0000000  0.0000000 
 0.0000000   .24071E0  0.0000000  0.0000000 
 0.0000000  0.0000000 -.79431E-2  0.0000000 
 0.0000000  0.0000000 -.71003E-1  0.0000000 
 0.0000000  0.0000000   -.1785E0  0.0000000 
 0.0000000  0.0000000   .15106E0  0.0000000 
 0.0000000  0.0000000   .73549E0  0.0000000 
 0.0000000  0.0000000   .27606E0  0.0000000 
 0.0000000  0.0000000  0.0000000  .37751E-2 
 0.0000000  0.0000000  0.0000000  -.5586E-1 
 0.0000000  0.0000000  0.0000000  -.31929E0 
 0.0000000  0.0000000  0.0000000 -.27648E-1 
 0.0000000  0.0000000  0.0000000   .90492E0 
 0.0000000  0.0000000  0.0000000   .34063E0 

  .242579645E4  .480128424E3  .149223556E3  .574116808E2  .249339321E2
  .114290454E2  .128496577E3   .37000472E2   .14553212E2  .665131252E1
  .331013216E1  .169995829E1  .880866625E1   .28343253E1  .121100984E1
  .603887179E0    .3259518E0  .181248283E0

 .37597E-2  0.0000000  0.0000000 
 .37679E-1  0.0000000  0.0000000 
   .1739E0  0.0000000  0.0000000 
  .41804E0  0.0000000  0.0000000 
  .42586E0  0.0000000  0.0000000 
  .10171E0  0.0000000  0.0000000 
 0.0000000 -.71394E-2  0.0000000 
 0.0000000 -.18293E-1  0.0000000 
 0.0000000  .76216E-1  0.0000000 
 0.0000000   .41451E0  0.0000000 
 0.0000000   .48896E0  0.0000000 
 0.0000000   .10588E0  0.0000000 
 0.0000000  0.0000000 -.70521E-2 
 0.0000000  0.0000000 -.52595E-1 
 0.0000000  0.0000000 -.37734E-1 
 0.0000000  0.0000000   .38748E0 
 0.0000000  0.0000000   .57917E0 
 0.0000000  0.0000000   .12218E0 

  .128496577E3   .37000472E2   .14553212E2  .665131252E1  .331013216E1
  .169995829E1

 .66334E-2 
 .59582E-1 
  .24019E0 
  .46481E0 
  .34341E0 
 .53891E-1 




