!  STO-3G  EMSL  Basis Set Exchange Library   3/17/13 6:35 PM
! Elements                             References
! --------                             ----------
!  H - Ne: W.J. Hehre, R.F. Stewart and J.A. Pople, J. Chem. Phys. 2657 (1969).
! Na - Ar: W.J. Hehre, R. Ditchfield, R.F. Stewart, J.A. Pople,
!          J. Chem. Phys.  2769 (1970).
! K,Ca - : W.J. Pietro, B.A. Levy, W.J. Hehre and R.F. Stewart,
! Ga - Kr: J. Am. Chem. Soc. 19, 2225 (1980).
! Sc - Zn: W.J. Pietro and W.J. Hehre, J. Comp. Chem. 4, 241 (1983) + Gaussian.
!  Y - Cd: W.J. Pietro and W.J. Hehre, J. Comp. Chem. 4, 241 (1983). + Gaussian
!   


H:STO-3G
EMSL BASIS SET LIBRARY

  1
    0
    1
    3

    3.42525091    0.62391373    0.16885540

 0.1543289 
 0.5353281 
 0.4446345 

HE:STO-3G
EMSL BASIS SET LIBRARY

  1
    0
    1
    3

    6.36242139    1.15892300    0.31364979

 0.1543289 
 0.5353281 
 0.4446345 

LI:STO-3G
EMSL BASIS SET LIBRARY

  2
    0    1
    2    1
    6    3

    16.1195750     2.9362007     0.7946505     0.6362897     0.1478601
     0.0480887

 0.1543289  0.0000000 
 0.5353281  0.0000000 
 0.4446345  0.0000000 
 0.0000000 -0.0999672 
 0.0000000  0.3995128 
 0.0000000  0.7001154 

     0.6362897     0.1478601     0.0480887

 0.1559162 
 0.6076837 
 0.3919573 

BE:STO-3G
EMSL BASIS SET LIBRARY

  2
    0    1
    2    1
    6    3

    30.1678710     5.4951153     1.4871927     1.3148331     0.3055389
     0.0993707

 0.1543289  0.0000000 
 0.5353281  0.0000000 
 0.4446345  0.0000000 
 0.0000000 -0.0999672 
 0.0000000  0.3995128 
 0.0000000  0.7001154 

     1.3148331     0.3055389     0.0993707

 0.1559162 
 0.6076837 
 0.3919573 

B:STO-3G
EMSL BASIS SET LIBRARY

  2
    0    1
    2    1
    6    3

    48.7911130     8.8873622     2.4052670     2.2369561     0.5198205
     0.1690618

 0.1543289  0.0000000 
 0.5353281  0.0000000 
 0.4446345  0.0000000 
 0.0000000 -0.0999672 
 0.0000000  0.3995128 
 0.0000000  0.7001154 

     2.2369561     0.5198205     0.1690618

 0.1559162 
 0.6076837 
 0.3919573 

C:STO-3G
EMSL BASIS SET LIBRARY

  2
    0    1
    2    1
    6    3

    71.6168370    13.0450960     3.5305122     2.9412494     0.6834831
     0.2222899

 0.1543289  0.0000000 
 0.5353281  0.0000000 
 0.4446345  0.0000000 
 0.0000000 -0.0999672 
 0.0000000  0.3995128 
 0.0000000  0.7001154 

     2.9412494     0.6834831     0.2222899

 0.1559162 
 0.6076837 
 0.3919573 

N:STO-3G
EMSL BASIS SET LIBRARY

  2
    0    1
    2    1
    6    3

    99.1061690    18.0523120     4.8856602     3.7804559     0.8784966
     0.2857144

 0.1543289  0.0000000 
 0.5353281  0.0000000 
 0.4446345  0.0000000 
 0.0000000 -0.0999672 
 0.0000000  0.3995128 
 0.0000000  0.7001154 

     3.7804559     0.8784966     0.2857144

 0.1559162 
 0.6076837 
 0.3919573 

O:STO-3G
EMSL BASIS SET LIBRARY

  2
    0    1
    2    1
    6    3

   130.7093200    23.8088610     6.4436083     5.0331513     1.1695961
     0.3803890

 0.1543289  0.0000000 
 0.5353281  0.0000000 
 0.4446345  0.0000000 
 0.0000000 -0.0999672 
 0.0000000  0.3995128 
 0.0000000  0.7001154 

     5.0331513     1.1695961     0.3803890

 0.1559162 
 0.6076837 
 0.3919573 

F:STO-3G
EMSL BASIS SET LIBRARY

  2
    0    1
    2    1
    6    3

   166.6791300    30.3608120     8.2168207     6.4648032     1.5022812
     0.4885885

 0.1543289  0.0000000 
 0.5353281  0.0000000 
 0.4446345  0.0000000 
 0.0000000 -0.0999672 
 0.0000000  0.3995128 
 0.0000000  0.7001154 

     6.4648032     1.5022812     0.4885885

 0.1559162 
 0.6076837 
 0.3919573 

NE:STO-3G
EMSL BASIS SET LIBRARY

  2
    0    1
    2    1
    6    3

   207.0156100    37.7081510    10.2052970     8.2463151     1.9162662
     0.6232293

 0.1543289  0.0000000 
 0.5353281  0.0000000 
 0.4446345  0.0000000 
 0.0000000 -0.0999672 
 0.0000000  0.3995128 
 0.0000000  0.7001154 

     8.2463151     1.9162662     0.6232293

 0.1559162 
 0.6076837 
 0.3919573 

NA:STO-3G
EMSL BASIS SET LIBRARY

  2
    0    1
    3    2
    9    6

   250.7724300    45.6785110    12.3623880    12.0401930     2.7978819
     0.9099580     1.4787406     0.4125649     0.1614751

 0.1543289  0.0000000  0.0000000 
 0.5353281  0.0000000  0.0000000 
 0.4446345  0.0000000  0.0000000 
 0.0000000 -0.0999672  0.0000000 
 0.0000000  0.3995128  0.0000000 
 0.0000000  0.7001154  0.0000000 
 0.0000000  0.0000000 -0.2196203 
 0.0000000  0.0000000  0.2255954 
 0.0000000  0.0000000  0.9003984 

    12.0401930     2.7978819     0.9099580     1.4787406     0.4125649
     0.1614751

 0.1559162  0.0000000 
 0.6076837  0.0000000 
 0.3919573  0.0000000 
 0.0000000  0.0105876 
 0.0000000  0.5951670 
 0.0000000  0.4620010 

MG:STO-3G
EMSL BASIS SET LIBRARY

  2
    0    1
    3    2
    9    6

   299.2374000    54.5064700    14.7515800    15.1218200     3.5139870
     1.1428570     1.3954480     0.3893260     0.1523800

 0.1543289  0.0000000  0.0000000 
 0.5353281  0.0000000  0.0000000 
 0.4446345  0.0000000  0.0000000 
 0.0000000 -0.0999672  0.0000000 
 0.0000000  0.3995128  0.0000000 
 0.0000000  0.7001154  0.0000000 
 0.0000000  0.0000000 -0.2196203 
 0.0000000  0.0000000  0.2255954 
 0.0000000  0.0000000  0.9003984 

    15.1218200     3.5139870     1.1428570     1.3954480     0.3893260
     0.1523800

 0.1559162  0.0000000 
 0.6076837  0.0000000 
 0.3919573  0.0000000 
 0.0000000  0.0105876 
 0.0000000  0.5951670 
 0.0000000  0.4620010 

AL:STO-3G
EMSL BASIS SET LIBRARY

  2
    0    1
    3    2
    9    6

   351.4214767   64.01186067   17.32410761   18.89939621   4.391813233
   1.428353970  1.3954482930  0.3893265318  0.1523797659

 0.1543289  0.0000000  0.0000000 
 0.5353281  0.0000000  0.0000000 
 0.4446345  0.0000000  0.0000000 
 0.0000000 -0.0999672  0.0000000 
 0.0000000  0.3995128  0.0000000 
 0.0000000  0.7001154  0.0000000 
 0.0000000  0.0000000 -0.2196203 
 0.0000000  0.0000000  0.2255954 
 0.0000000  0.0000000  0.9003984 

   18.89939621   4.391813233   1.428353970  1.3954482930  0.3893265318
  0.1523797659

 0.1559162  0.0000000 
 0.6076837  0.0000000 
 0.3919573  0.0000000 
 0.0000000  0.0105876 
 0.0000000  0.5951670 
 0.0000000  0.4620010 

SI:STO-3G
EMSL BASIS SET LIBRARY

  2
    0    1
    3    2
    9    6

   407.7975514   74.28083305   20.10329229   23.19365606   5.389706871
   1.752899952  1.4787406220  0.4125648801  0.1614750979

 0.1543289  0.0000000  0.0000000 
 0.5353281  0.0000000  0.0000000 
 0.4446345  0.0000000  0.0000000 
 0.0000000 -0.0999672  0.0000000 
 0.0000000  0.3995128  0.0000000 
 0.0000000  0.7001154  0.0000000 
 0.0000000  0.0000000 -0.2196203 
 0.0000000  0.0000000  0.2255954 
 0.0000000  0.0000000  0.9003984 

   23.19365606   5.389706871   1.752899952  1.4787406220  0.4125648801
  0.1614750979

 0.1559162  0.0000000 
 0.6076837  0.0000000 
 0.3919573  0.0000000 
 0.0000000  0.0105876 
 0.0000000  0.5951670 
 0.0000000  0.4620010 

P:STO-3G
EMSL BASIS SET LIBRARY

  2
    0    1
    3    2
    9    6

   468.3656378   85.31338559   23.08913156   28.03263958   6.514182577
   2.118614352  1.7431032310  0.4863213771  0.1903428909

 0.1543289  0.0000000  0.0000000 
 0.5353281  0.0000000  0.0000000 
 0.4446345  0.0000000  0.0000000 
 0.0000000 -0.0999672  0.0000000 
 0.0000000  0.3995128  0.0000000 
 0.0000000  0.7001154  0.0000000 
 0.0000000  0.0000000 -0.2196203 
 0.0000000  0.0000000  0.2255954 
 0.0000000  0.0000000  0.9003984 

   28.03263958   6.514182577   2.118614352  1.7431032310  0.4863213771
  0.1903428909

 0.1559162  0.0000000 
 0.6076837  0.0000000 
 0.3919573  0.0000000 
 0.0000000  0.0105876 
 0.0000000  0.5951670 
 0.0000000  0.4620010 

S:STO-3G
EMSL BASIS SET LIBRARY

  2
    0    1
    3    2
    9    6

   533.1257359   97.10951830   26.28162542   33.32975173   7.745117521
   2.518952599  2.0291942740  0.5661400518  0.2215833792

 0.1543289  0.0000000  0.0000000 
 0.5353281  0.0000000  0.0000000 
 0.4446345  0.0000000  0.0000000 
 0.0000000 -0.0999672  0.0000000 
 0.0000000  0.3995128  0.0000000 
 0.0000000  0.7001154  0.0000000 
 0.0000000  0.0000000 -0.2196203 
 0.0000000  0.0000000  0.2255954 
 0.0000000  0.0000000  0.9003984 

   33.32975173   7.745117521   2.518952599  2.0291942740  0.5661400518
  0.2215833792

 0.1559162  0.0000000 
 0.6076837  0.0000000 
 0.3919573  0.0000000 
 0.0000000  0.0105876 
 0.0000000  0.5951670 
 0.0000000  0.4620010 

CL:STO-3G
EMSL BASIS SET LIBRARY

  2
    0    1
    3    2
    9    6

   601.3456136   109.5358542   29.64467686   38.96041889   9.053563477
   2.944499834  2.1293864950  0.5940934274  0.2325241410

 0.1543289  0.0000000  0.0000000 
 0.5353281  0.0000000  0.0000000 
 0.4446345  0.0000000  0.0000000 
 0.0000000 -0.0999672  0.0000000 
 0.0000000  0.3995128  0.0000000 
 0.0000000  0.7001154  0.0000000 
 0.0000000  0.0000000 -0.2196203 
 0.0000000  0.0000000  0.2255954 
 0.0000000  0.0000000  0.9003984 

   38.96041889   9.053563477   2.944499834  2.1293864950  0.5940934274
  0.2325241410

 0.1559162  0.0000000 
 0.6076837  0.0000000 
 0.3919573  0.0000000 
 0.0000000  0.0105876 
 0.0000000  0.5951670 
 0.0000000  0.4620010 

AR:STO-3G
EMSL BASIS SET LIBRARY

  2
    0    1
    3    2
    9    6

   674.4465184   122.8512753   33.24834945   45.16424392   10.49519900
   3.413364448  2.6213665180  0.7313546050  0.2862472356

 0.1543289  0.0000000  0.0000000 
 0.5353281  0.0000000  0.0000000 
 0.4446345  0.0000000  0.0000000 
 0.0000000 -0.0999672  0.0000000 
 0.0000000  0.3995128  0.0000000 
 0.0000000  0.7001154  0.0000000 
 0.0000000  0.0000000 -0.2196203 
 0.0000000  0.0000000  0.2255954 
 0.0000000  0.0000000  0.9003984 

   45.16424392   10.49519900   3.413364448  2.6213665180  0.7313546050
  0.2862472356

 0.1559162  0.0000000 
 0.6076837  0.0000000 
 0.3919573  0.0000000 
 0.0000000  0.0105876 
 0.0000000  0.5951670 
 0.0000000  0.4620010 

K:STO-3G
EMSL BASIS SET LIBRARY

  2
    0    1
    4    3
   12    9

   771.5103681   140.5315766   38.03332899   52.40203979   12.17710710
   3.960373165   3.651583985   1.018782663  0.3987446295  0.5039822505
  0.1860011465 0.08214006743

 0.1543289  0.0000000  0.0000000  0.0000000 
 0.5353281  0.0000000  0.0000000  0.0000000 
 0.4446345  0.0000000  0.0000000  0.0000000 
 0.0000000 -0.0999672  0.0000000  0.0000000 
 0.0000000  0.3995128  0.0000000  0.0000000 
 0.0000000  0.7001154  0.0000000  0.0000000 
 0.0000000  0.0000000 -0.2196203  0.0000000 
 0.0000000  0.0000000  0.2255954  0.0000000 
 0.0000000  0.0000000  0.9003984  0.0000000 
 0.0000000  0.0000000  0.0000000 -0.3088441 
 0.0000000  0.0000000  0.0000000  0.0196064 
 0.0000000  0.0000000  0.0000000  1.1310344 

   52.40203979   12.17710710   3.960373165   3.651583985   1.018782663
  0.3987446295  0.5039822505  0.1860011465 0.08214006743

 0.1559162  0.0000000  0.0000000 
 0.6076837  0.0000000  0.0000000 
 0.3919573  0.0000000  0.0000000 
 0.0000000  0.0105876  0.0000000 
 0.0000000  0.5951670  0.0000000 
 0.0000000  0.4620010  0.0000000 
 0.0000000  0.0000000 -0.1215468 
 0.0000000  0.0000000  0.5715227 
 0.0000000  0.0000000  0.5498949 

CA:STO-3G
EMSL BASIS SET LIBRARY

  2
    0    1
    4    3
   12    9

   854.0324951   155.5630851   42.10144179   59.56029944   13.84053270
   4.501370797   4.374706256   1.220531941   0.477707930  0.4558489757
  0.1682369410  0.0742952070

 0.1543289  0.0000000  0.0000000  0.0000000 
 0.5353281  0.0000000  0.0000000  0.0000000 
 0.4446345  0.0000000  0.0000000  0.0000000 
 0.0000000 -0.0999672  0.0000000  0.0000000 
 0.0000000  0.3995128  0.0000000  0.0000000 
 0.0000000  0.7001154  0.0000000  0.0000000 
 0.0000000  0.0000000 -0.2196203  0.0000000 
 0.0000000  0.0000000  0.2255954  0.0000000 
 0.0000000  0.0000000  0.9003984  0.0000000 
 0.0000000  0.0000000  0.0000000 -0.3088441 
 0.0000000  0.0000000  0.0000000  0.0196064 
 0.0000000  0.0000000  0.0000000  1.1310344 

   59.56029944   13.84053270   4.501370797   4.374706256   1.220531941
   0.477707930  0.4558489757  0.1682369410  0.0742952070

 0.1559162  0.0000000  0.0000000 
 0.6076837  0.0000000  0.0000000 
 0.3919573  0.0000000  0.0000000 
 0.0000000  0.0105876  0.0000000 
 0.0000000  0.5951670  0.0000000 
 0.0000000  0.4620010  0.0000000 
 0.0000000  0.0000000 -0.1215468 
 0.0000000  0.0000000  0.5715227 
 0.0000000  0.0000000  0.5498949 

SC:STO-3G
EMSL BASIS SET LIBRARY

  3
    0    1    2
    4    3    1
   12    9    3

   941.6624250   171.5249862   46.42135516   67.17668771   15.61041754
   5.076992278   4.698159231   1.433088313   0.552930024  0.6309328384
  0.2328538976  0.1028307363

 0.1543289  0.0000000  0.0000000  0.0000000 
 0.5353281  0.0000000  0.0000000  0.0000000 
 0.4446345  0.0000000  0.0000000  0.0000000 
 0.0000000 -0.0999672  0.0000000  0.0000000 
 0.0000000  0.3995128  0.0000000  0.0000000 
 0.0000000  0.7001154  0.0000000  0.0000000 
 0.0000000  0.0000000 -0.2277635  0.0000000 
 0.0000000  0.0000000  0.2175436  0.0000000 
 0.0000000  0.0000000  0.9166769  0.0000000 
 0.0000000  0.0000000  0.0000000 -0.3088441 
 0.0000000  0.0000000  0.0000000  0.0196064 
 0.0000000  0.0000000  0.0000000  1.1310344 

   67.17668771   15.61041754   5.076992278   4.698159231   1.433088313
   0.552930024  0.6309328384  0.2328538976  0.1028307363

 0.1559162  0.0000000  0.0000000 
 0.6076837  0.0000000  0.0000000 
 0.3919573  0.0000000  0.0000000 
 0.0000000  0.0049515  0.0000000 
 0.0000000  0.5777664  0.0000000 
 0.0000000  0.4846460  0.0000000 
 0.0000000  0.0000000 -0.1215468 
 0.0000000  0.0000000  0.5715227 
 0.0000000  0.0000000  0.5498949 

  0.5517000679  0.1682861055  0.0649300112

 0.2197679 
 0.6555473 
 0.2865732 

TI:STO-3G
EMSL BASIS SET LIBRARY

  3
    0    1    2
    4    3    1
   12    9    3

  1033.5712450   188.2662926   50.95220601   75.25120460   17.48676162
   5.687237606   5.395535474   1.645810296   0.635004777  0.7122640246
  0.2628702203  0.1160862609

 0.1543289  0.0000000  0.0000000  0.0000000 
 0.5353281  0.0000000  0.0000000  0.0000000 
 0.4446345  0.0000000  0.0000000  0.0000000 
 0.0000000 -0.0999672  0.0000000  0.0000000 
 0.0000000  0.3995128  0.0000000  0.0000000 
 0.0000000  0.7001154  0.0000000  0.0000000 
 0.0000000  0.0000000 -0.2277635  0.0000000 
 0.0000000  0.0000000  0.2175436  0.0000000 
 0.0000000  0.0000000  0.9166769  0.0000000 
 0.0000000  0.0000000  0.0000000 -0.3088441 
 0.0000000  0.0000000  0.0000000  0.0196064 
 0.0000000  0.0000000  0.0000000  1.1310344 

   75.25120460   17.48676162   5.687237606   5.395535474   1.645810296
   0.635004777  0.7122640246  0.2628702203  0.1160862609

 0.1559162  0.0000000  0.0000000 
 0.6076837  0.0000000  0.0000000 
 0.3919573  0.0000000  0.0000000 
 0.0000000  0.0049515  0.0000000 
 0.0000000  0.5777664  0.0000000 
 0.0000000  0.4846460  0.0000000 
 0.0000000  0.0000000 -0.1215468 
 0.0000000  0.0000000  0.5715227 
 0.0000000  0.0000000  0.5498949 

   1.645981194   0.502076728   0.193716810

 0.2197679 
 0.6555473 
 0.2865732 

V:STO-3G
EMSL BASIS SET LIBRARY

  3
    0    1    2
    4    3    1
   12    9    3

  1130.7625170   205.9698041   55.74346711   83.78385011   19.46956493
   6.332106784   6.141151276   1.873246881  0.7227568825  0.7122640246
  0.2628702203  0.1160862609

 0.1543289  0.0000000  0.0000000  0.0000000 
 0.5353281  0.0000000  0.0000000  0.0000000 
 0.4446345  0.0000000  0.0000000  0.0000000 
 0.0000000 -0.0999672  0.0000000  0.0000000 
 0.0000000  0.3995128  0.0000000  0.0000000 
 0.0000000  0.7001154  0.0000000  0.0000000 
 0.0000000  0.0000000 -0.2277635  0.0000000 
 0.0000000  0.0000000  0.2175436  0.0000000 
 0.0000000  0.0000000  0.9166769  0.0000000 
 0.0000000  0.0000000  0.0000000 -0.3088441 
 0.0000000  0.0000000  0.0000000  0.0196064 
 0.0000000  0.0000000  0.0000000  1.1310344 

   83.78385011   19.46956493   6.332106784   6.141151276   1.873246881
  0.7227568825  0.7122640246  0.2628702203  0.1160862609

 0.1559162  0.0000000  0.0000000 
 0.6076837  0.0000000  0.0000000 
 0.3919573  0.0000000  0.0000000 
 0.0000000  0.0049515  0.0000000 
 0.0000000  0.5777664  0.0000000 
 0.0000000  0.4846460  0.0000000 
 0.0000000  0.0000000 -0.1215468 
 0.0000000  0.0000000  0.5715227 
 0.0000000  0.0000000  0.5498949 

   2.964817927  0.9043639676  0.3489317337

 0.2197679 
 0.6555473 
 0.2865732 

CR:STO-3G
EMSL BASIS SET LIBRARY

  3
    0    1    2
    4    3    1
   12    9    3

  1232.3204500   224.4687082   60.74999251   92.77462423   21.55882749
   7.011599810   6.899488096   2.104563782  0.8120061343  0.7547780537
  0.2785605708  0.1230152851

 0.1543289  0.0000000  0.0000000  0.0000000 
 0.5353281  0.0000000  0.0000000  0.0000000 
 0.4446345  0.0000000  0.0000000  0.0000000 
 0.0000000 -0.0999672  0.0000000  0.0000000 
 0.0000000  0.3995128  0.0000000  0.0000000 
 0.0000000  0.7001154  0.0000000  0.0000000 
 0.0000000  0.0000000 -0.2277635  0.0000000 
 0.0000000  0.0000000  0.2175436  0.0000000 
 0.0000000  0.0000000  0.9166769  0.0000000 
 0.0000000  0.0000000  0.0000000 -0.3088441 
 0.0000000  0.0000000  0.0000000  0.0196064 
 0.0000000  0.0000000  0.0000000  1.1310344 

   92.77462423   21.55882749   7.011599810   6.899488096   2.104563782
  0.8120061343  0.7547780537  0.2785605708  0.1230152851

 0.1559162  0.0000000  0.0000000 
 0.6076837  0.0000000  0.0000000 
 0.3919573  0.0000000  0.0000000 
 0.0000000  0.0049515  0.0000000 
 0.0000000  0.5777664  0.0000000 
 0.0000000  0.4846460  0.0000000 
 0.0000000  0.0000000 -0.1215468 
 0.0000000  0.0000000  0.5715227 
 0.0000000  0.0000000  0.5498949 

   4.241479241   1.293786360  0.4991829993

 0.2197679 
 0.6555473 
 0.2865732 

MN:STO-3G
EMSL BASIS SET LIBRARY

  3
    0    1    2
    4    3    1
   12    9    3

  1337.1532660   243.5641365   65.91796062   102.0220021   23.70771923
   7.710486098   7.701960922   2.349343572   0.906449787   0.670982286
   0.247634663   0.109358078

 0.1543289  0.0000000  0.0000000  0.0000000 
 0.5353281  0.0000000  0.0000000  0.0000000 
 0.4446345  0.0000000  0.0000000  0.0000000 
 0.0000000 -0.0999672  0.0000000  0.0000000 
 0.0000000  0.3995128  0.0000000  0.0000000 
 0.0000000  0.7001154  0.0000000  0.0000000 
 0.0000000  0.0000000 -0.2277635  0.0000000 
 0.0000000  0.0000000  0.2175436  0.0000000 
 0.0000000  0.0000000  0.9166769  0.0000000 
 0.0000000  0.0000000  0.0000000 -0.3088441 
 0.0000000  0.0000000  0.0000000  0.0196064 
 0.0000000  0.0000000  0.0000000  1.1310344 

   102.0220021   23.70771923   7.710486098   7.701960922   2.349343572
   0.906449787   0.670982286   0.247634663   0.109358078

 0.1559162  0.0000000  0.0000000 
 0.6076837  0.0000000  0.0000000 
 0.3919573  0.0000000  0.0000000 
 0.0000000  0.0049515  0.0000000 
 0.0000000  0.5777664  0.0000000 
 0.0000000  0.4846460  0.0000000 
 0.0000000  0.0000000 -0.1215468 
 0.0000000  0.0000000  0.5715227 
 0.0000000  0.0000000  0.5498949 

   5.426950461   1.655392868   0.638702032

 0.2197679 
 0.6555473 
 0.2865732 

FE:STO-3G
EMSL BASIS SET LIBRARY

  3
    0    1    2
    4    3    1
   12    9    3

  1447.4004110   263.6457916   71.35284019   111.9194891   26.00768236
   8.458505490   8.548569754   2.607586250   1.006087840  0.5921156814
  0.2185279254  0.0965042359

 0.1543289  0.0000000  0.0000000  0.0000000 
 0.5353281  0.0000000  0.0000000  0.0000000 
 0.4446345  0.0000000  0.0000000  0.0000000 
 0.0000000 -0.0999672  0.0000000  0.0000000 
 0.0000000  0.3995128  0.0000000  0.0000000 
 0.0000000  0.7001154  0.0000000  0.0000000 
 0.0000000  0.0000000 -0.2277635  0.0000000 
 0.0000000  0.0000000  0.2175436  0.0000000 
 0.0000000  0.0000000  0.9166769  0.0000000 
 0.0000000  0.0000000  0.0000000 -0.3088441 
 0.0000000  0.0000000  0.0000000  0.0196064 
 0.0000000  0.0000000  0.0000000  1.1310344 

   111.9194891   26.00768236   8.458505490   8.548569754   2.607586250
   1.006087840  0.5921156814  0.2185279254  0.0965042359

 0.1559162  0.0000000  0.0000000 
 0.6076837  0.0000000  0.0000000 
 0.3919573  0.0000000  0.0000000 
 0.0000000  0.0049515  0.0000000 
 0.0000000  0.5777664  0.0000000 
 0.0000000  0.4846460  0.0000000 
 0.0000000  0.0000000 -0.1215468 
 0.0000000  0.0000000  0.5715227 
 0.0000000  0.0000000  0.5498949 

   6.411803475   1.955804428   0.754610151

 0.2197679 
 0.6555473 
 0.2865732 

CO:STO-3G
EMSL BASIS SET LIBRARY

  3
    0    1    2
    4    3    1
   12    9    3

  1557.2987040   283.6639029   76.77052234   121.8344741   28.31171164
   9.207847321   9.480851678   2.891961952   1.115808827  0.5921156814
  0.2185279254  0.0965042359

 0.1543289  0.0000000  0.0000000  0.0000000 
 0.5353281  0.0000000  0.0000000  0.0000000 
 0.4446345  0.0000000  0.0000000  0.0000000 
 0.0000000 -0.0999672  0.0000000  0.0000000 
 0.0000000  0.3995128  0.0000000  0.0000000 
 0.0000000  0.7001154  0.0000000  0.0000000 
 0.0000000  0.0000000 -0.2277635  0.0000000 
 0.0000000  0.0000000  0.2175436  0.0000000 
 0.0000000  0.0000000  0.9166769  0.0000000 
 0.0000000  0.0000000  0.0000000 -0.3088441 
 0.0000000  0.0000000  0.0000000  0.0196064 
 0.0000000  0.0000000  0.0000000  1.1310344 

   121.8344741   28.31171164   9.207847321   9.480851678   2.891961952
   1.115808827  0.5921156814  0.2185279254  0.0965042359

 0.1559162  0.0000000  0.0000000 
 0.6076837  0.0000000  0.0000000 
 0.3919573  0.0000000  0.0000000 
 0.0000000  0.0049515  0.0000000 
 0.0000000  0.5777664  0.0000000 
 0.0000000  0.4846460  0.0000000 
 0.0000000  0.0000000 -0.1215468 
 0.0000000  0.0000000  0.5715227 
 0.0000000  0.0000000  0.5498949 

   7.664527389   2.337925151   0.902044205

 0.2197679 
 0.6555473 
 0.2865732 

NI:STO-3G
EMSL BASIS SET LIBRARY

  3
    0    1    2
    4    3    1
   12    9    3

  1679.7710280   305.9723896   82.80806943   132.8588899   30.87354878
   10.04103627   10.33074335   3.151206003   1.215833241  0.6309328384
  0.2328538976  0.1028307363

 0.1543289  0.0000000  0.0000000  0.0000000 
 0.5353281  0.0000000  0.0000000  0.0000000 
 0.4446345  0.0000000  0.0000000  0.0000000 
 0.0000000 -0.0999672  0.0000000  0.0000000 
 0.0000000  0.3995128  0.0000000  0.0000000 
 0.0000000  0.7001154  0.0000000  0.0000000 
 0.0000000  0.0000000 -0.2277635  0.0000000 
 0.0000000  0.0000000  0.2175436  0.0000000 
 0.0000000  0.0000000  0.9166769  0.0000000 
 0.0000000  0.0000000  0.0000000 -0.3088441 
 0.0000000  0.0000000  0.0000000  0.0196064 
 0.0000000  0.0000000  0.0000000  1.1310344 

   132.8588899   30.87354878   10.04103627   10.33074335   3.151206003
   1.215833241  0.6309328384  0.2328538976  0.1028307363

 0.1559162  0.0000000  0.0000000 
 0.6076837  0.0000000  0.0000000 
 0.3919573  0.0000000  0.0000000 
 0.0000000  0.0049515  0.0000000 
 0.0000000  0.5777664  0.0000000 
 0.0000000  0.4846460  0.0000000 
 0.0000000  0.0000000 -0.1215468 
 0.0000000  0.0000000  0.5715227 
 0.0000000  0.0000000  0.5498949 

   8.627722755   2.631730438   1.015403419

 0.2197679 
 0.6555473 
 0.2865732 

CU:STO-3G
EMSL BASIS SET LIBRARY

  3
    0    1    2
    4    3    1
   12    9    3

  1801.8067300   328.2013450   88.82409228   144.1212184   33.49067173
   10.89220588   11.30775402   3.449225397   1.330818388  0.6309328384
  0.2328538976  0.1028307363

 0.1543289  0.0000000  0.0000000  0.0000000 
 0.5353281  0.0000000  0.0000000  0.0000000 
 0.4446345  0.0000000  0.0000000  0.0000000 
 0.0000000 -0.0999672  0.0000000  0.0000000 
 0.0000000  0.3995128  0.0000000  0.0000000 
 0.0000000  0.7001154  0.0000000  0.0000000 
 0.0000000  0.0000000 -0.2277635  0.0000000 
 0.0000000  0.0000000  0.2175436  0.0000000 
 0.0000000  0.0000000  0.9166769  0.0000000 
 0.0000000  0.0000000  0.0000000 -0.3088441 
 0.0000000  0.0000000  0.0000000  0.0196064 
 0.0000000  0.0000000  0.0000000  1.1310344 

   144.1212184   33.49067173   10.89220588   11.30775402   3.449225397
   1.330818388  0.6309328384  0.2328538976  0.1028307363

 0.1559162  0.0000000  0.0000000 
 0.6076837  0.0000000  0.0000000 
 0.3919573  0.0000000  0.0000000 
 0.0000000  0.0049515  0.0000000 
 0.0000000  0.5777664  0.0000000 
 0.0000000  0.4846460  0.0000000 
 0.0000000  0.0000000 -0.1215468 
 0.0000000  0.0000000  0.5715227 
 0.0000000  0.0000000  0.5498949 

   9.647911930   2.942920654   1.135470278

 0.2197679 
 0.6555473 
 0.2865732 

ZN:STO-3G
EMSL BASIS SET LIBRARY

  3
    0    1    2
    4    3    1
   12    9    3

  1929.4323010   351.4485021   95.11568021   155.8416755   36.21425391
   11.77799934   12.28152744   3.746257327   1.445422541  0.8897138854
  0.3283603790  0.1450074055

 0.1543289  0.0000000  0.0000000  0.0000000 
 0.5353281  0.0000000  0.0000000  0.0000000 
 0.4446345  0.0000000  0.0000000  0.0000000 
 0.0000000 -0.0999672  0.0000000  0.0000000 
 0.0000000  0.3995128  0.0000000  0.0000000 
 0.0000000  0.7001154  0.0000000  0.0000000 
 0.0000000  0.0000000 -0.2277635  0.0000000 
 0.0000000  0.0000000  0.2175436  0.0000000 
 0.0000000  0.0000000  0.9166769  0.0000000 
 0.0000000  0.0000000  0.0000000 -0.3088441 
 0.0000000  0.0000000  0.0000000  0.0196064 
 0.0000000  0.0000000  0.0000000  1.1310344 

   155.8416755   36.21425391   11.77799934   12.28152744   3.746257327
   1.445422541  0.8897138854  0.3283603790  0.1450074055

 0.1559162  0.0000000  0.0000000 
 0.6076837  0.0000000  0.0000000 
 0.3919573  0.0000000  0.0000000 
 0.0000000  0.0049515  0.0000000 
 0.0000000  0.5777664  0.0000000 
 0.0000000  0.4846460  0.0000000 
 0.0000000  0.0000000 -0.1215468 
 0.0000000  0.0000000  0.5715227 
 0.0000000  0.0000000  0.5498949 

   10.94737077   3.339297018   1.288404602

 0.2197679 
 0.6555473 
 0.2865732 

GA:STO-3G
EMSL BASIS SET LIBRARY

  3
    0    1    2
    4    3    1
   12    9    3

  2061.4245320   375.4910517   101.6225324   167.7618680   38.98425028
   12.67888813   12.61505520   3.847993927   1.484675684  0.7985243736
  0.2947057141  0.1301451506

 0.1543289  0.0000000  0.0000000  0.0000000 
 0.5353281  0.0000000  0.0000000  0.0000000 
 0.4446345  0.0000000  0.0000000  0.0000000 
 0.0000000 -0.0999672  0.0000000  0.0000000 
 0.0000000  0.3995128  0.0000000  0.0000000 
 0.0000000  0.7001154  0.0000000  0.0000000 
 0.0000000  0.0000000 -0.2277635  0.0000000 
 0.0000000  0.0000000  0.2175436  0.0000000 
 0.0000000  0.0000000  0.9166769  0.0000000 
 0.0000000  0.0000000  0.0000000 -0.3088441 
 0.0000000  0.0000000  0.0000000  0.0196064 
 0.0000000  0.0000000  0.0000000  1.1310344 

   167.7618680   38.98425028   12.67888813   12.61505520   3.847993927
   1.484675684  0.7985243736  0.2947057141  0.1301451506

 0.1559162  0.0000000  0.0000000 
 0.6076837  0.0000000  0.0000000 
 0.3919573  0.0000000  0.0000000 
 0.0000000  0.0049515  0.0000000 
 0.0000000  0.5777664  0.0000000 
 0.0000000  0.4846460  0.0000000 
 0.0000000  0.0000000 -0.1215468 
 0.0000000  0.0000000  0.5715227 
 0.0000000  0.0000000  0.5498949 

   12.61505520   3.847993927   1.484675684

 0.2197679 
 0.6555473 
 0.2865732 

GE:STO-3G
EMSL BASIS SET LIBRARY

  3
    0    1    2
    4    3    1
   12    9    3

  2196.3842290   400.0741292   108.2756726   180.3890380   41.91853304
   13.63320795   14.19665619   4.330432640   1.670815538  0.9858325600
  0.3638342150  0.1606730254

 0.1543289  0.0000000  0.0000000  0.0000000 
 0.5353281  0.0000000  0.0000000  0.0000000 
 0.4446345  0.0000000  0.0000000  0.0000000 
 0.0000000 -0.0999672  0.0000000  0.0000000 
 0.0000000  0.3995128  0.0000000  0.0000000 
 0.0000000  0.7001154  0.0000000  0.0000000 
 0.0000000  0.0000000 -0.2277635  0.0000000 
 0.0000000  0.0000000  0.2175436  0.0000000 
 0.0000000  0.0000000  0.9166769  0.0000000 
 0.0000000  0.0000000  0.0000000 -0.3088441 
 0.0000000  0.0000000  0.0000000  0.0196064 
 0.0000000  0.0000000  0.0000000  1.1310344 

   180.3890380   41.91853304   13.63320795   14.19665619   4.330432640
   1.670815538  0.9858325600  0.3638342150  0.1606730254

 0.1559162  0.0000000  0.0000000 
 0.6076837  0.0000000  0.0000000 
 0.3919573  0.0000000  0.0000000 
 0.0000000  0.0049515  0.0000000 
 0.0000000  0.5777664  0.0000000 
 0.0000000  0.4846460  0.0000000 
 0.0000000  0.0000000 -0.1215468 
 0.0000000  0.0000000  0.5715227 
 0.0000000  0.0000000  0.5498949 

   14.19665619   4.330432640   1.670815538

 0.2197679 
 0.6555473 
 0.2865732 

AS:STO-3G
EMSL BASIS SET LIBRARY

  3
    0    1    2
    4    3    1
   12    9    3

  2337.0656730   425.6994298   115.2108790   193.1970535   44.89484040
   14.60119548   15.87163584   4.841354819   1.867945198  1.1076814640
  0.4088041239  0.1805322114

 0.1543289  0.0000000  0.0000000  0.0000000 
 0.5353281  0.0000000  0.0000000  0.0000000 
 0.4446345  0.0000000  0.0000000  0.0000000 
 0.0000000 -0.0999672  0.0000000  0.0000000 
 0.0000000  0.3995128  0.0000000  0.0000000 
 0.0000000  0.7001154  0.0000000  0.0000000 
 0.0000000  0.0000000 -0.2277635  0.0000000 
 0.0000000  0.0000000  0.2175436  0.0000000 
 0.0000000  0.0000000  0.9166769  0.0000000 
 0.0000000  0.0000000  0.0000000 -0.3088441 
 0.0000000  0.0000000  0.0000000  0.0196064 
 0.0000000  0.0000000  0.0000000  1.1310344 

   193.1970535   44.89484040   14.60119548   15.87163584   4.841354819
   1.867945198  1.1076814640  0.4088041239  0.1805322114

 0.1559162  0.0000000  0.0000000 
 0.6076837  0.0000000  0.0000000 
 0.3919573  0.0000000  0.0000000 
 0.0000000  0.0049515  0.0000000 
 0.0000000  0.5777664  0.0000000 
 0.0000000  0.4846460  0.0000000 
 0.0000000  0.0000000 -0.1215468 
 0.0000000  0.0000000  0.5715227 
 0.0000000  0.0000000  0.5498949 

   15.87163584   4.841354819   1.867945198

 0.2197679 
 0.6555473 
 0.2865732 

SE:STO-3G
EMSL BASIS SET LIBRARY

  3
    0    1    2
    4    3    1
   12    9    3

  2480.6268140   451.8492708   122.2880464   206.1578780   47.90665727
   15.58073180   17.63999414   5.380760465   2.076064666  1.2146442970
  0.4482801363  0.1979652346

 0.1543289  0.0000000  0.0000000  0.0000000 
 0.5353281  0.0000000  0.0000000  0.0000000 
 0.4446345  0.0000000  0.0000000  0.0000000 
 0.0000000 -0.0999672  0.0000000  0.0000000 
 0.0000000  0.3995128  0.0000000  0.0000000 
 0.0000000  0.7001154  0.0000000  0.0000000 
 0.0000000  0.0000000 -0.2277635  0.0000000 
 0.0000000  0.0000000  0.2175436  0.0000000 
 0.0000000  0.0000000  0.9166769  0.0000000 
 0.0000000  0.0000000  0.0000000 -0.3088441 
 0.0000000  0.0000000  0.0000000  0.0196064 
 0.0000000  0.0000000  0.0000000  1.1310344 

   206.1578780   47.90665727   15.58073180   17.63999414   5.380760465
   2.076064666  1.2146442970  0.4482801363  0.1979652346

 0.1559162  0.0000000  0.0000000 
 0.6076837  0.0000000  0.0000000 
 0.3919573  0.0000000  0.0000000 
 0.0000000  0.0049515  0.0000000 
 0.0000000  0.5777664  0.0000000 
 0.0000000  0.4846460  0.0000000 
 0.0000000  0.0000000 -0.1215468 
 0.0000000  0.0000000  0.5715227 
 0.0000000  0.0000000  0.5498949 

   17.63999414   5.380760465   2.076064666

 0.2197679 
 0.6555473 
 0.2865732 

BR:STO-3G
EMSL BASIS SET LIBRARY

  3
    0    1    2
    4    3    1
   12    9    3

  2629.9974710   479.0573224   129.6516070   219.8350255   51.08493222
   16.61440546   19.50173109   5.948649577   2.295173940  1.3960374880
  0.5152256318  0.2275290713

 0.1543289  0.0000000  0.0000000  0.0000000 
 0.5353281  0.0000000  0.0000000  0.0000000 
 0.4446345  0.0000000  0.0000000  0.0000000 
 0.0000000 -0.0999672  0.0000000  0.0000000 
 0.0000000  0.3995128  0.0000000  0.0000000 
 0.0000000  0.7001154  0.0000000  0.0000000 
 0.0000000  0.0000000 -0.2277635  0.0000000 
 0.0000000  0.0000000  0.2175436  0.0000000 
 0.0000000  0.0000000  0.9166769  0.0000000 
 0.0000000  0.0000000  0.0000000 -0.3088441 
 0.0000000  0.0000000  0.0000000  0.0196064 
 0.0000000  0.0000000  0.0000000  1.1310344 

   219.8350255   51.08493222   16.61440546   19.50173109   5.948649577
   2.295173940  1.3960374880  0.5152256318  0.2275290713

 0.1559162  0.0000000  0.0000000 
 0.6076837  0.0000000  0.0000000 
 0.3919573  0.0000000  0.0000000 
 0.0000000  0.0049515  0.0000000 
 0.0000000  0.5777664  0.0000000 
 0.0000000  0.4846460  0.0000000 
 0.0000000  0.0000000 -0.1215468 
 0.0000000  0.0000000  0.5715227 
 0.0000000  0.0000000  0.5498949 

   19.50173109   5.948649577   2.295173940

 0.2197679 
 0.6555473 
 0.2865732 

KR:STO-3G
EMSL BASIS SET LIBRARY

  3
    0    1    2
    4    3    1
   12    9    3

  2782.1600550   506.7739270   137.1528019   233.9514118   54.36527681
   17.68127533   21.45684671   6.545022156   2.525273021  1.5900493360
  0.5868282053  0.2591495227

 0.1543289  0.0000000  0.0000000  0.0000000 
 0.5353281  0.0000000  0.0000000  0.0000000 
 0.4446345  0.0000000  0.0000000  0.0000000 
 0.0000000 -0.0999672  0.0000000  0.0000000 
 0.0000000  0.3995128  0.0000000  0.0000000 
 0.0000000  0.7001154  0.0000000  0.0000000 
 0.0000000  0.0000000 -0.2277635  0.0000000 
 0.0000000  0.0000000  0.2175436  0.0000000 
 0.0000000  0.0000000  0.9166769  0.0000000 
 0.0000000  0.0000000  0.0000000 -0.3088441 
 0.0000000  0.0000000  0.0000000  0.0196064 
 0.0000000  0.0000000  0.0000000  1.1310344 

   233.9514118   54.36527681   17.68127533   21.45684671   6.545022156
   2.525273021  1.5900493360  0.5868282053  0.2591495227

 0.1559162  0.0000000  0.0000000 
 0.6076837  0.0000000  0.0000000 
 0.3919573  0.0000000  0.0000000 
 0.0000000  0.0049515  0.0000000 
 0.0000000  0.5777664  0.0000000 
 0.0000000  0.4846460  0.0000000 
 0.0000000  0.0000000 -0.1215468 
 0.0000000  0.0000000  0.5715227 
 0.0000000  0.0000000  0.5498949 

   21.45684671   6.545022156   2.525273021

 0.2197679 
 0.6555473 
 0.2865732 

RB:STO-3G
EMSL BASIS SET LIBRARY

  3
    0    1    2
    5    4    1
   15   12    3

  2938.6015290   535.2699370   144.8649340   248.5070370    57.7476910
    18.7813410   23.50534097   7.169878201   2.766361909   2.247796820
   0.829578393   0.366350565  0.4869939919  0.2622161565  0.1158254875

 0.1543289  0.0000000  0.0000000  0.0000000  0.0000000 
 0.5353281  0.0000000  0.0000000  0.0000000  0.0000000 
 0.4446345  0.0000000  0.0000000  0.0000000  0.0000000 
 0.0000000 -0.0999672  0.0000000  0.0000000  0.0000000 
 0.0000000  0.3995128  0.0000000  0.0000000  0.0000000 
 0.0000000  0.7001154  0.0000000  0.0000000  0.0000000 
 0.0000000  0.0000000 -0.2277635  0.0000000  0.0000000 
 0.0000000  0.0000000  0.2175436  0.0000000  0.0000000 
 0.0000000  0.0000000  0.9166769  0.0000000  0.0000000 
 0.0000000  0.0000000  0.0000000 -0.3088441  0.0000000 
 0.0000000  0.0000000  0.0000000  0.0196064  0.0000000 
 0.0000000  0.0000000  0.0000000  1.1310344  0.0000000 
 0.0000000  0.0000000  0.0000000  0.0000000 -0.3842642 
 0.0000000  0.0000000  0.0000000  0.0000000 -0.1972567 
 0.0000000  0.0000000  0.0000000  0.0000000  1.3754955 

   248.5070370    57.7476910    18.7813410   23.50534097   7.169878201
   2.766361909   2.247796820   0.829578393   0.366350565  0.4869939919
  0.2622161565  0.1158254875

 0.1559162  0.0000000  0.0000000  0.0000000 
 0.6076837  0.0000000  0.0000000  0.0000000 
 0.3919573  0.0000000  0.0000000  0.0000000 
 0.0000000  0.0049515  0.0000000  0.0000000 
 0.0000000  0.5777664  0.0000000  0.0000000 
 0.0000000  0.4846460  0.0000000  0.0000000 
 0.0000000  0.0000000 -0.1215468  0.0000000 
 0.0000000  0.0000000  0.5715227  0.0000000 
 0.0000000  0.0000000  0.5498949  0.0000000 
 0.0000000  0.0000000  0.0000000 -0.3481691 
 0.0000000  0.0000000  0.0000000  0.6290323 
 0.0000000  0.0000000  0.0000000  0.6662832 

   23.50534097   7.169878201   2.766361909

 0.2197679 
 0.6555473 
 0.2865732 

SR:STO-3G
EMSL BASIS SET LIBRARY

  3
    0    1    2
    5    4    1
   15   12    3

  3100.9839510   564.8480978   152.8699389   263.5019007   61.23217493
   19.91460372   25.57886692   7.802369707   3.010396794   2.461032403
   0.908275734   0.401104140  0.4370804803  0.2353408164  0.1039541771

 0.1543289  0.0000000  0.0000000  0.0000000  0.0000000 
 0.5353281  0.0000000  0.0000000  0.0000000  0.0000000 
 0.4446345  0.0000000  0.0000000  0.0000000  0.0000000 
 0.0000000 -0.0999672  0.0000000  0.0000000  0.0000000 
 0.0000000  0.3995128  0.0000000  0.0000000  0.0000000 
 0.0000000  0.7001154  0.0000000  0.0000000  0.0000000 
 0.0000000  0.0000000 -0.2277635  0.0000000  0.0000000 
 0.0000000  0.0000000  0.2175436  0.0000000  0.0000000 
 0.0000000  0.0000000  0.9166769  0.0000000  0.0000000 
 0.0000000  0.0000000  0.0000000 -0.3088441  0.0000000 
 0.0000000  0.0000000  0.0000000  0.0196064  0.0000000 
 0.0000000  0.0000000  0.0000000  1.1310344  0.0000000 
 0.0000000  0.0000000  0.0000000  0.0000000 -0.3842642 
 0.0000000  0.0000000  0.0000000  0.0000000 -0.1972567 
 0.0000000  0.0000000  0.0000000  0.0000000  1.3754955 

   263.5019007   61.23217493   19.91460372   25.57886692   7.802369707
   3.010396794   2.461032403   0.908275734   0.401104140  0.4370804803
  0.2353408164  0.1039541771

 0.1559162  0.0000000  0.0000000  0.0000000 
 0.6076837  0.0000000  0.0000000  0.0000000 
 0.3919573  0.0000000  0.0000000  0.0000000 
 0.0000000  0.0049515  0.0000000  0.0000000 
 0.0000000  0.5777664  0.0000000  0.0000000 
 0.0000000  0.4846460  0.0000000  0.0000000 
 0.0000000  0.0000000 -0.1215468  0.0000000 
 0.0000000  0.0000000  0.5715227  0.0000000 
 0.0000000  0.0000000  0.5498949  0.0000000 
 0.0000000  0.0000000  0.0000000 -0.3481691 
 0.0000000  0.0000000  0.0000000  0.6290323 
 0.0000000  0.0000000  0.0000000  0.6662832 

   25.57886692   7.802369707   3.010396794

 0.2197679 
 0.6555473 
 0.2865732 

Y:STO-3G
EMSL BASIS SET LIBRARY

  3
    0    1    2
    5    4    2
   15   12    6

  3266.0268690   594.9108710   161.0060990   277.9377240    64.5867500
    21.0056160    30.6713260     8.5572220     3.3492390     2.6676880
     0.9845440     0.4347850     0.2074240     0.1116850     0.0493330

 0.1543289  0.0000000  0.0000000  0.0000000  0.0000000 
 0.5353281  0.0000000  0.0000000  0.0000000  0.0000000 
 0.4446345  0.0000000  0.0000000  0.0000000  0.0000000 
 0.0000000 -0.0999672  0.0000000  0.0000000  0.0000000 
 0.0000000  0.3995128  0.0000000  0.0000000  0.0000000 
 0.0000000  0.7001154  0.0000000  0.0000000  0.0000000 
 0.0000000  0.0000000 -0.2277635  0.0000000  0.0000000 
 0.0000000  0.0000000  0.2175436  0.0000000  0.0000000 
 0.0000000  0.0000000  0.9166769  0.0000000  0.0000000 
 0.0000000  0.0000000  0.0000000 -0.3306100  0.0000000 
 0.0000000  0.0000000  0.0000000  0.0576109  0.0000000 
 0.0000000  0.0000000  0.0000000  1.1557874  0.0000000 
 0.0000000  0.0000000  0.0000000  0.0000000 -0.3842642 
 0.0000000  0.0000000  0.0000000  0.0000000 -0.1972567 
 0.0000000  0.0000000  0.0000000  0.0000000  1.3754955 

   277.9377240    64.5867500    21.0056160    30.6713260     8.5572220
     3.3492390     2.6676880     0.9845440     0.4347850     0.2074240
     0.1116850     0.0493330

 0.1559162  0.0000000  0.0000000  0.0000000 
 0.6076837  0.0000000  0.0000000  0.0000000 
 0.3919573  0.0000000  0.0000000  0.0000000 
 0.0000000  0.0049515  0.0000000  0.0000000 
 0.0000000  0.5777664  0.0000000  0.0000000 
 0.0000000  0.4846460  0.0000000  0.0000000 
 0.0000000  0.0000000 -0.1283927  0.0000000 
 0.0000000  0.0000000  0.5852047  0.0000000 
 0.0000000  0.0000000  0.5439442  0.0000000 
 0.0000000  0.0000000  0.0000000 -0.3481691 
 0.0000000  0.0000000  0.0000000  0.6290323 
 0.0000000  0.0000000  0.0000000  0.6662832 

     5.6600430     1.7747150     0.6912950     2.1282120     0.9625940
     0.4728610

 0.2197679  0.0000000 
 0.6555473  0.0000000 
 0.2865732  0.0000000 
 0.0000000  0.1250662 
 0.0000000  0.6686785 
 0.0000000  0.3052468 

ZR:STO-3G
EMSL BASIS SET LIBRARY

  3
    0    1    2
    5    4    2
   15   12    6

  3435.3486770   625.7530498   169.3531958   293.7830292   68.26885797
   22.20315144   30.73293103   9.374523538   3.616982618   2.827607815
   1.101055827  0.4846874856  0.8878301887  0.3457164736  0.1521852428

 0.1543289  0.0000000  0.0000000  0.0000000  0.0000000 
 0.5353281  0.0000000  0.0000000  0.0000000  0.0000000 
 0.4446345  0.0000000  0.0000000  0.0000000  0.0000000 
 0.0000000 -0.0999672  0.0000000  0.0000000  0.0000000 
 0.0000000  0.3995128  0.0000000  0.0000000  0.0000000 
 0.0000000  0.7001154  0.0000000  0.0000000  0.0000000 
 0.0000000  0.0000000 -0.2277635  0.0000000  0.0000000 
 0.0000000  0.0000000  0.2175436  0.0000000  0.0000000 
 0.0000000  0.0000000  0.9166769  0.0000000  0.0000000 
 0.0000000  0.0000000  0.0000000 -0.3306100  0.0000000 
 0.0000000  0.0000000  0.0000000  0.0576109  0.0000000 
 0.0000000  0.0000000  0.0000000  1.1557874  0.0000000 
 0.0000000  0.0000000  0.0000000  0.0000000 -0.3842642 
 0.0000000  0.0000000  0.0000000  0.0000000 -0.1972567 
 0.0000000  0.0000000  0.0000000  0.0000000  1.3754955 

   293.7830292   68.26885797   22.20315144   30.73293103   9.374523538
   3.616982618   2.827607815   1.101055827  0.4846874856  0.8878301887
  0.3457164736  0.1521852428

 0.1559162  0.0000000  0.0000000  0.0000000 
 0.6076837  0.0000000  0.0000000  0.0000000 
 0.3919573  0.0000000  0.0000000  0.0000000 
 0.0000000  0.0049515  0.0000000  0.0000000 
 0.0000000  0.5777664  0.0000000  0.0000000 
 0.0000000  0.4846460  0.0000000  0.0000000 
 0.0000000  0.0000000 -0.1283927  0.0000000 
 0.0000000  0.0000000  0.5852047  0.0000000 
 0.0000000  0.0000000  0.5439442  0.0000000 
 0.0000000  0.0000000  0.0000000 -0.3481691 
 0.0000000  0.0000000  0.0000000  0.6290323 
 0.0000000  0.0000000  0.0000000  0.6662832 

   30.73293103   9.374523538   3.616982618  0.4869939919  0.2622161565
  0.1158254875

 0.2197679  0.0000000 
 0.6555473  0.0000000 
 0.2865732  0.0000000 
 0.0000000  0.1250662 
 0.0000000  0.6686785 
 0.0000000  0.3052468 

NB:STO-3G
EMSL BASIS SET LIBRARY

  3
    0    1    2
    5    4    2
   15   12    6

  3610.7428640   657.7013201   177.9996445   310.0675728   72.05303569
   23.43388348   33.01997858   10.07214594   3.886147028   3.144798430
   1.224568208  0.5390579399  0.4869939919  0.2622161565  0.1158254875

 0.1543289  0.0000000  0.0000000  0.0000000  0.0000000 
 0.5353281  0.0000000  0.0000000  0.0000000  0.0000000 
 0.4446345  0.0000000  0.0000000  0.0000000  0.0000000 
 0.0000000 -0.0999672  0.0000000  0.0000000  0.0000000 
 0.0000000  0.3995128  0.0000000  0.0000000  0.0000000 
 0.0000000  0.7001154  0.0000000  0.0000000  0.0000000 
 0.0000000  0.0000000 -0.2277635  0.0000000  0.0000000 
 0.0000000  0.0000000  0.2175436  0.0000000  0.0000000 
 0.0000000  0.0000000  0.9166769  0.0000000  0.0000000 
 0.0000000  0.0000000  0.0000000 -0.3306100  0.0000000 
 0.0000000  0.0000000  0.0000000  0.0576109  0.0000000 
 0.0000000  0.0000000  0.0000000  1.1557874  0.0000000 
 0.0000000  0.0000000  0.0000000  0.0000000 -0.3842642 
 0.0000000  0.0000000  0.0000000  0.0000000 -0.1972567 
 0.0000000  0.0000000  0.0000000  0.0000000  1.3754955 

   310.0675728   72.05303569   23.43388348   33.01997858   10.07214594
   3.886147028   3.144798430   1.224568208  0.5390579399  0.4869939919
  0.2622161565  0.1158254875

 0.1559162  0.0000000  0.0000000  0.0000000 
 0.6076837  0.0000000  0.0000000  0.0000000 
 0.3919573  0.0000000  0.0000000  0.0000000 
 0.0000000  0.0049515  0.0000000  0.0000000 
 0.0000000  0.5777664  0.0000000  0.0000000 
 0.0000000  0.4846460  0.0000000  0.0000000 
 0.0000000  0.0000000 -0.1283927  0.0000000 
 0.0000000  0.0000000  0.5852047  0.0000000 
 0.0000000  0.0000000  0.5439442  0.0000000 
 0.0000000  0.0000000  0.0000000 -0.3481691 
 0.0000000  0.0000000  0.0000000  0.6290323 
 0.0000000  0.0000000  0.0000000  0.6662832 

   33.01997858   10.07214594   3.886147028   1.344878866  0.5236888594
  0.2305291251

 0.2197679  0.0000000 
 0.6555473  0.0000000 
 0.2865732  0.0000000 
 0.0000000  0.1250662 
 0.0000000  0.6686785 
 0.0000000  0.3052468 

MO:STO-3G
EMSL BASIS SET LIBRARY

  3
    0    1    2
    5    4    2
   15   12    6

  3788.6661150   690.1102623   186.7707691   326.4309567   75.85553420
   24.67057401   35.46948129   10.81932234   4.174430912   3.496895188
   1.361672861  0.5994117456  0.5129625081  0.2761985970  0.1220017773

 0.1543289  0.0000000  0.0000000  0.0000000  0.0000000 
 0.5353281  0.0000000  0.0000000  0.0000000  0.0000000 
 0.4446345  0.0000000  0.0000000  0.0000000  0.0000000 
 0.0000000 -0.0999672  0.0000000  0.0000000  0.0000000 
 0.0000000  0.3995128  0.0000000  0.0000000  0.0000000 
 0.0000000  0.7001154  0.0000000  0.0000000  0.0000000 
 0.0000000  0.0000000 -0.2277635  0.0000000  0.0000000 
 0.0000000  0.0000000  0.2175436  0.0000000  0.0000000 
 0.0000000  0.0000000  0.9166769  0.0000000  0.0000000 
 0.0000000  0.0000000  0.0000000 -0.3306100  0.0000000 
 0.0000000  0.0000000  0.0000000  0.0576109  0.0000000 
 0.0000000  0.0000000  0.0000000  1.1557874  0.0000000 
 0.0000000  0.0000000  0.0000000  0.0000000 -0.3842642 
 0.0000000  0.0000000  0.0000000  0.0000000 -0.1972567 
 0.0000000  0.0000000  0.0000000  0.0000000  1.3754955 

   326.4309567   75.85553420   24.67057401   35.46948129   10.81932234
   4.174430912   3.496895188   1.361672861  0.5994117456  0.5129625081
  0.2761985970  0.1220017773

 0.1559162  0.0000000  0.0000000  0.0000000 
 0.6076837  0.0000000  0.0000000  0.0000000 
 0.3919573  0.0000000  0.0000000  0.0000000 
 0.0000000  0.0049515  0.0000000  0.0000000 
 0.0000000  0.5777664  0.0000000  0.0000000 
 0.0000000  0.4846460  0.0000000  0.0000000 
 0.0000000  0.0000000 -0.1283927  0.0000000 
 0.0000000  0.0000000  0.5852047  0.0000000 
 0.0000000  0.0000000  0.5439442  0.0000000 
 0.0000000  0.0000000  0.0000000 -0.3481691 
 0.0000000  0.0000000  0.0000000  0.6290323 
 0.0000000  0.0000000  0.0000000  0.6662832 

   35.46948129   10.81932234   4.174430912   1.702112315  0.6627937127
  0.2917634240

 0.2197679  0.0000000 
 0.6555473  0.0000000 
 0.2865732  0.0000000 
 0.0000000  0.1250662 
 0.0000000  0.6686785 
 0.0000000  0.3052468 

TC:STO-3G
EMSL BASIS SET LIBRARY

  3
    0    1    2
    5    4    2
   15   12    6

  3970.8682570   723.2986098   195.7528311   343.5846323   79.84167952
   25.96699219   38.08991983   11.61863962   4.482832367   3.829752708
   1.491285854  0.6564677040  0.4616999826  0.2485968963  0.1098096207

 0.1543289  0.0000000  0.0000000  0.0000000  0.0000000 
 0.5353281  0.0000000  0.0000000  0.0000000  0.0000000 
 0.4446345  0.0000000  0.0000000  0.0000000  0.0000000 
 0.0000000 -0.0999672  0.0000000  0.0000000  0.0000000 
 0.0000000  0.3995128  0.0000000  0.0000000  0.0000000 
 0.0000000  0.7001154  0.0000000  0.0000000  0.0000000 
 0.0000000  0.0000000 -0.2277635  0.0000000  0.0000000 
 0.0000000  0.0000000  0.2175436  0.0000000  0.0000000 
 0.0000000  0.0000000  0.9166769  0.0000000  0.0000000 
 0.0000000  0.0000000  0.0000000 -0.3306100  0.0000000 
 0.0000000  0.0000000  0.0000000  0.0576109  0.0000000 
 0.0000000  0.0000000  0.0000000  1.1557874  0.0000000 
 0.0000000  0.0000000  0.0000000  0.0000000 -0.3842642 
 0.0000000  0.0000000  0.0000000  0.0000000 -0.1972567 
 0.0000000  0.0000000  0.0000000  0.0000000  1.3754955 

   343.5846323   79.84167952   25.96699219   38.08991983   11.61863962
   4.482832367   3.829752708   1.491285854  0.6564677040  0.4616999826
  0.2485968963  0.1098096207

 0.1559162  0.0000000  0.0000000  0.0000000 
 0.6076837  0.0000000  0.0000000  0.0000000 
 0.3919573  0.0000000  0.0000000  0.0000000 
 0.0000000  0.0049515  0.0000000  0.0000000 
 0.0000000  0.5777664  0.0000000  0.0000000 
 0.0000000  0.4846460  0.0000000  0.0000000 
 0.0000000  0.0000000 -0.1283927  0.0000000 
 0.0000000  0.0000000  0.5852047  0.0000000 
 0.0000000  0.0000000  0.5439442  0.0000000 
 0.0000000  0.0000000  0.0000000 -0.3481691 
 0.0000000  0.0000000  0.0000000  0.6290323 
 0.0000000  0.0000000  0.0000000  0.6662832 

   38.08991983   11.61863962   4.482832367   2.101373228  0.8182638428
  0.3602017580

 0.2197679  0.0000000 
 0.6555473  0.0000000 
 0.2865732  0.0000000 
 0.0000000  0.1250662 
 0.0000000  0.6686785 
 0.0000000  0.3052468 

RU:STO-3G
EMSL BASIS SET LIBRARY

  3
    0    1    2
    5    4    2
   15   12    6

  4159.2742100   757.6169894   205.0407239   360.7986561   83.84184843
   27.26797127   40.71751678   12.42014044   4.792076302   4.197516371
   1.634491118  0.7195070139  0.4131354848  0.2224479167  0.0982591566

 0.1543289  0.0000000  0.0000000  0.0000000  0.0000000 
 0.5353281  0.0000000  0.0000000  0.0000000  0.0000000 
 0.4446345  0.0000000  0.0000000  0.0000000  0.0000000 
 0.0000000 -0.0999672  0.0000000  0.0000000  0.0000000 
 0.0000000  0.3995128  0.0000000  0.0000000  0.0000000 
 0.0000000  0.7001154  0.0000000  0.0000000  0.0000000 
 0.0000000  0.0000000 -0.2277635  0.0000000  0.0000000 
 0.0000000  0.0000000  0.2175436  0.0000000  0.0000000 
 0.0000000  0.0000000  0.9166769  0.0000000  0.0000000 
 0.0000000  0.0000000  0.0000000 -0.3306100  0.0000000 
 0.0000000  0.0000000  0.0000000  0.0576109  0.0000000 
 0.0000000  0.0000000  0.0000000  1.1557874  0.0000000 
 0.0000000  0.0000000  0.0000000  0.0000000 -0.3842642 
 0.0000000  0.0000000  0.0000000  0.0000000 -0.1972567 
 0.0000000  0.0000000  0.0000000  0.0000000  1.3754955 

   360.7986561   83.84184843   27.26797127   40.71751678   12.42014044
   4.792076302   4.197516371   1.634491118  0.7195070139  0.4131354848
  0.2224479167  0.0982591566

 0.1559162  0.0000000  0.0000000  0.0000000 
 0.6076837  0.0000000  0.0000000  0.0000000 
 0.3919573  0.0000000  0.0000000  0.0000000 
 0.0000000  0.0049515  0.0000000  0.0000000 
 0.0000000  0.5777664  0.0000000  0.0000000 
 0.0000000  0.4846460  0.0000000  0.0000000 
 0.0000000  0.0000000 -0.1283927  0.0000000 
 0.0000000  0.0000000  0.5852047  0.0000000 
 0.0000000  0.0000000  0.5439442  0.0000000 
 0.0000000  0.0000000  0.0000000 -0.3481691 
 0.0000000  0.0000000  0.0000000  0.6290323 
 0.0000000  0.0000000  0.0000000  0.6662832 

   40.71751678   12.42014044   4.792076302   2.390895761  0.9310024167
  0.4098295558

 0.2197679  0.0000000 
 0.6555473  0.0000000 
 0.2865732  0.0000000 
 0.0000000  0.1250662 
 0.0000000  0.6686785 
 0.0000000  0.3052468 

RH:STO-3G
EMSL BASIS SET LIBRARY

  3
    0    1    2
    5    4    2
   15   12    6

  4350.0777940   792.3721005   214.4468133   378.4334264   87.93978981
   28.60074899   43.52179455   13.27553454   5.122113939   4.540857408
   1.768186338  0.7783599789  0.4131354848  0.2224479167  0.0982591566

 0.1543289  0.0000000  0.0000000  0.0000000  0.0000000 
 0.5353281  0.0000000  0.0000000  0.0000000  0.0000000 
 0.4446345  0.0000000  0.0000000  0.0000000  0.0000000 
 0.0000000 -0.0999672  0.0000000  0.0000000  0.0000000 
 0.0000000  0.3995128  0.0000000  0.0000000  0.0000000 
 0.0000000  0.7001154  0.0000000  0.0000000  0.0000000 
 0.0000000  0.0000000 -0.2277635  0.0000000  0.0000000 
 0.0000000  0.0000000  0.2175436  0.0000000  0.0000000 
 0.0000000  0.0000000  0.9166769  0.0000000  0.0000000 
 0.0000000  0.0000000  0.0000000 -0.3306100  0.0000000 
 0.0000000  0.0000000  0.0000000  0.0576109  0.0000000 
 0.0000000  0.0000000  0.0000000  1.1557874  0.0000000 
 0.0000000  0.0000000  0.0000000  0.0000000 -0.3842642 
 0.0000000  0.0000000  0.0000000  0.0000000 -0.1972567 
 0.0000000  0.0000000  0.0000000  0.0000000  1.3754955 

   378.4334264   87.93978981   28.60074899   43.52179455   13.27553454
   5.122113939   4.540857408   1.768186338  0.7783599789  0.4131354848
  0.2224479167  0.0982591566

 0.1559162  0.0000000  0.0000000  0.0000000 
 0.6076837  0.0000000  0.0000000  0.0000000 
 0.3919573  0.0000000  0.0000000  0.0000000 
 0.0000000  0.0049515  0.0000000  0.0000000 
 0.0000000  0.5777664  0.0000000  0.0000000 
 0.0000000  0.4846460  0.0000000  0.0000000 
 0.0000000  0.0000000 -0.1283927  0.0000000 
 0.0000000  0.0000000  0.5852047  0.0000000 
 0.0000000  0.0000000  0.5439442  0.0000000 
 0.0000000  0.0000000  0.0000000 -0.3481691 
 0.0000000  0.0000000  0.0000000  0.6290323 
 0.0000000  0.0000000  0.0000000  0.6662832 

   43.52179455   13.27553454   5.122113939   2.779066094   1.082153932
  0.4763668250

 0.2197679  0.0000000 
 0.6555473  0.0000000 
 0.2865732  0.0000000 
 0.0000000  0.1250662 
 0.0000000  0.6686785 
 0.0000000  0.3052468 

PD:STO-3G
EMSL BASIS SET LIBRARY

  3
    0    1    2
    5    4    2
   15   12    6

  4545.1602690   827.9066168   224.0638402   396.4889433   92.13550365
   29.96532535   46.41945097   14.15941211   5.463141383   4.919104589
   1.915473830  0.8431962954  0.4370804803  0.2353408164  0.1039541771

 0.1543289  0.0000000  0.0000000  0.0000000  0.0000000 
 0.5353281  0.0000000  0.0000000  0.0000000  0.0000000 
 0.4446345  0.0000000  0.0000000  0.0000000  0.0000000 
 0.0000000 -0.0999672  0.0000000  0.0000000  0.0000000 
 0.0000000  0.3995128  0.0000000  0.0000000  0.0000000 
 0.0000000  0.7001154  0.0000000  0.0000000  0.0000000 
 0.0000000  0.0000000 -0.2277635  0.0000000  0.0000000 
 0.0000000  0.0000000  0.2175436  0.0000000  0.0000000 
 0.0000000  0.0000000  0.9166769  0.0000000  0.0000000 
 0.0000000  0.0000000  0.0000000 -0.3306100  0.0000000 
 0.0000000  0.0000000  0.0000000  0.0576109  0.0000000 
 0.0000000  0.0000000  0.0000000  1.1557874  0.0000000 
 0.0000000  0.0000000  0.0000000  0.0000000 -0.3842642 
 0.0000000  0.0000000  0.0000000  0.0000000 -0.1972567 
 0.0000000  0.0000000  0.0000000  0.0000000  1.3754955 

   396.4889433   92.13550365   29.96532535   46.41945097   14.15941211
   5.463141383   4.919104589   1.915473830  0.8431962954  0.4370804803
  0.2353408164  0.1039541771

 0.1559162  0.0000000  0.0000000  0.0000000 
 0.6076837  0.0000000  0.0000000  0.0000000 
 0.3919573  0.0000000  0.0000000  0.0000000 
 0.0000000  0.0049515  0.0000000  0.0000000 
 0.0000000  0.5777664  0.0000000  0.0000000 
 0.0000000  0.4846460  0.0000000  0.0000000 
 0.0000000  0.0000000 -0.1283927  0.0000000 
 0.0000000  0.0000000  0.5852047  0.0000000 
 0.0000000  0.0000000  0.5439442  0.0000000 
 0.0000000  0.0000000  0.0000000 -0.3481691 
 0.0000000  0.0000000  0.0000000  0.6290323 
 0.0000000  0.0000000  0.0000000  0.6662832 

   46.41945097   14.15941211   5.463141383   3.025977448   1.178299934
  0.5186905316

 0.2197679  0.0000000 
 0.6555473  0.0000000 
 0.2865732  0.0000000 
 0.0000000  0.1250662 
 0.0000000  0.6686785 
 0.0000000  0.3052468 

AG:STO-3G
EMSL BASIS SET LIBRARY

  3
    0    1    2
    5    4    2
   15   12    6

  4744.5216340   864.2205383   233.8918045   414.9652069   96.42898995
   31.36170035   49.41048605   15.07177314   5.815158634   5.290230450
   2.059988316  0.9068119281  0.4370804803  0.2353408164  0.1039541771

 0.1543289  0.0000000  0.0000000  0.0000000  0.0000000 
 0.5353281  0.0000000  0.0000000  0.0000000  0.0000000 
 0.4446345  0.0000000  0.0000000  0.0000000  0.0000000 
 0.0000000 -0.0999672  0.0000000  0.0000000  0.0000000 
 0.0000000  0.3995128  0.0000000  0.0000000  0.0000000 
 0.0000000  0.7001154  0.0000000  0.0000000  0.0000000 
 0.0000000  0.0000000 -0.2277635  0.0000000  0.0000000 
 0.0000000  0.0000000  0.2175436  0.0000000  0.0000000 
 0.0000000  0.0000000  0.9166769  0.0000000  0.0000000 
 0.0000000  0.0000000  0.0000000 -0.3306100  0.0000000 
 0.0000000  0.0000000  0.0000000  0.0576109  0.0000000 
 0.0000000  0.0000000  0.0000000  1.1557874  0.0000000 
 0.0000000  0.0000000  0.0000000  0.0000000 -0.3842642 
 0.0000000  0.0000000  0.0000000  0.0000000 -0.1972567 
 0.0000000  0.0000000  0.0000000  0.0000000  1.3754955 

   414.9652069   96.42898995   31.36170035   49.41048605   15.07177314
   5.815158634   5.290230450   2.059988316  0.9068119281  0.4370804803
  0.2353408164  0.1039541771

 0.1559162  0.0000000  0.0000000  0.0000000 
 0.6076837  0.0000000  0.0000000  0.0000000 
 0.3919573  0.0000000  0.0000000  0.0000000 
 0.0000000  0.0049515  0.0000000  0.0000000 
 0.0000000  0.5777664  0.0000000  0.0000000 
 0.0000000  0.4846460  0.0000000  0.0000000 
 0.0000000  0.0000000 -0.1283927  0.0000000 
 0.0000000  0.0000000  0.5852047  0.0000000 
 0.0000000  0.0000000  0.5439442  0.0000000 
 0.0000000  0.0000000  0.0000000 -0.3481691 
 0.0000000  0.0000000  0.0000000  0.6290323 
 0.0000000  0.0000000  0.0000000  0.6662832 

   49.41048605   15.07177314   5.815158634   3.283395668   1.278537254
  0.5628152469

 0.2197679  0.0000000 
 0.6555473  0.0000000 
 0.2865732  0.0000000 
 0.0000000  0.1250662 
 0.0000000  0.6686785 
 0.0000000  0.3052468 

CD:STO-3G
EMSL BASIS SET LIBRARY

  3
    0    1    2
    5    4    2
   15   12    6

  4950.2619050   901.6963856   244.0342313   433.4469385   100.7237469
   32.75848861   52.59279235   16.04247800   6.189686744   5.674851796
   2.209757875  0.9727408566  0.5949150981  0.3203250000  0.1414931855

 0.1543289  0.0000000  0.0000000  0.0000000  0.0000000 
 0.5353281  0.0000000  0.0000000  0.0000000  0.0000000 
 0.4446345  0.0000000  0.0000000  0.0000000  0.0000000 
 0.0000000 -0.0999672  0.0000000  0.0000000  0.0000000 
 0.0000000  0.3995128  0.0000000  0.0000000  0.0000000 
 0.0000000  0.7001154  0.0000000  0.0000000  0.0000000 
 0.0000000  0.0000000 -0.2277635  0.0000000  0.0000000 
 0.0000000  0.0000000  0.2175436  0.0000000  0.0000000 
 0.0000000  0.0000000  0.9166769  0.0000000  0.0000000 
 0.0000000  0.0000000  0.0000000 -0.3306100  0.0000000 
 0.0000000  0.0000000  0.0000000  0.0576109  0.0000000 
 0.0000000  0.0000000  0.0000000  1.1557874  0.0000000 
 0.0000000  0.0000000  0.0000000  0.0000000 -0.3842642 
 0.0000000  0.0000000  0.0000000  0.0000000 -0.1972567 
 0.0000000  0.0000000  0.0000000  0.0000000  1.3754955 

   433.4469385   100.7237469   32.75848861   52.59279235   16.04247800
   6.189686744   5.674851796   2.209757875  0.9727408566  0.5949150981
  0.3203250000  0.1414931855

 0.1559162  0.0000000  0.0000000  0.0000000 
 0.6076837  0.0000000  0.0000000  0.0000000 
 0.3919573  0.0000000  0.0000000  0.0000000 
 0.0000000  0.0049515  0.0000000  0.0000000 
 0.0000000  0.5777664  0.0000000  0.0000000 
 0.0000000  0.4846460  0.0000000  0.0000000 
 0.0000000  0.0000000 -0.1283927  0.0000000 
 0.0000000  0.0000000  0.5852047  0.0000000 
 0.0000000  0.0000000  0.5439442  0.0000000 
 0.0000000  0.0000000  0.0000000 -0.3481691 
 0.0000000  0.0000000  0.0000000  0.6290323 
 0.0000000  0.0000000  0.0000000  0.6662832 

   52.59279235   16.04247800   6.189686744   3.642963976   1.418551290
  0.6244497700

 0.2197679  0.0000000 
 0.6555473  0.0000000 
 0.2865732  0.0000000 
 0.0000000  0.1250662 
 0.0000000  0.6686785 
 0.0000000  0.3052468 

IN:STO-3G
EMSL BASIS SET LIBRARY

  3
    0    1    2
    5    4    2
   15   12    6

  5158.2247140   939.5770707   254.2862231   452.3313223   105.1120716
   34.18570799   55.97539769   17.07428044   6.587788204   5.048549180
   1.965878882  0.8653847237  0.5669230612  0.3052530187  0.1348356264

 0.1543289  0.0000000  0.0000000  0.0000000  0.0000000 
 0.5353281  0.0000000  0.0000000  0.0000000  0.0000000 
 0.4446345  0.0000000  0.0000000  0.0000000  0.0000000 
 0.0000000 -0.0999672  0.0000000  0.0000000  0.0000000 
 0.0000000  0.3995128  0.0000000  0.0000000  0.0000000 
 0.0000000  0.7001154  0.0000000  0.0000000  0.0000000 
 0.0000000  0.0000000 -0.2277635  0.0000000  0.0000000 
 0.0000000  0.0000000  0.2175436  0.0000000  0.0000000 
 0.0000000  0.0000000  0.9166769  0.0000000  0.0000000 
 0.0000000  0.0000000  0.0000000 -0.3306100  0.0000000 
 0.0000000  0.0000000  0.0000000  0.0576109  0.0000000 
 0.0000000  0.0000000  0.0000000  1.1155787  0.0000000 
 0.0000000  0.0000000  0.0000000  0.0000000 -0.3842642 
 0.0000000  0.0000000  0.0000000  0.0000000 -0.1972567 
 0.0000000  0.0000000  0.0000000  0.0000000  1.3754955 

   452.3313223   105.1120716   34.18570799   55.97539769   17.07428044
   6.587788204   5.048549180   1.965878882  0.8653847237  0.5669230612
  0.3052530187  0.1348356264

 0.1559162  0.0000000  0.0000000  0.0000000 
 0.6076837  0.0000000  0.0000000  0.0000000 
 0.3919573  0.0000000  0.0000000  0.0000000 
 0.0000000  0.0049515  0.0000000  0.0000000 
 0.0000000  0.5777664  0.0000000  0.0000000 
 0.0000000  0.4846460  0.0000000  0.0000000 
 0.0000000  0.0000000 -0.1283927  0.0000000 
 0.0000000  0.0000000  0.5852047  0.0000000 
 0.0000000  0.0000000  0.5439442  0.0000000 
 0.0000000  0.0000000  0.0000000 -0.3481691 
 0.0000000  0.0000000  0.0000000  0.6290323 
 0.0000000  0.0000000  0.0000000  0.6662832 

   55.97539769   17.07428044   6.587788204   5.048549180   1.965878882
  0.8653847237

 0.2197679  0.0000000 
 0.6555473  0.0000000 
 0.2865732  0.0000000 
 0.0000000  0.1250662 
 0.0000000  0.6686785 
 0.0000000  0.3052468 

SN:STO-3G
EMSL BASIS SET LIBRARY

  3
    0    1    2
    5    4    2
   15   12    6

  5370.4664130   978.2371611   264.7491522   472.0515322   109.6946243
   35.67609636   59.15141188   18.04306600   6.961575790   5.583138529
   2.174045204  0.9570200509  0.6235816420  0.3357601616  0.1483111678

 0.1543289  0.0000000  0.0000000  0.0000000  0.0000000 
 0.5353281  0.0000000  0.0000000  0.0000000  0.0000000 
 0.4446345  0.0000000  0.0000000  0.0000000  0.0000000 
 0.0000000 -0.0999672  0.0000000  0.0000000  0.0000000 
 0.0000000  0.3995128  0.0000000  0.0000000  0.0000000 
 0.0000000  0.7001154  0.0000000  0.0000000  0.0000000 
 0.0000000  0.0000000 -0.2277635  0.0000000  0.0000000 
 0.0000000  0.0000000  0.2175436  0.0000000  0.0000000 
 0.0000000  0.0000000  0.9166769  0.0000000  0.0000000 
 0.0000000  0.0000000  0.0000000 -0.3306100  0.0000000 
 0.0000000  0.0000000  0.0000000  0.0576109  0.0000000 
 0.0000000  0.0000000  0.0000000  1.1155787  0.0000000 
 0.0000000  0.0000000  0.0000000  0.0000000 -0.3842642 
 0.0000000  0.0000000  0.0000000  0.0000000 -0.1972567 
 0.0000000  0.0000000  0.0000000  0.0000000  1.3754955 

   472.0515322   109.6946243   35.67609636   59.15141188   18.04306600
   6.961575790   5.583138529   2.174045204  0.9570200509  0.6235816420
  0.3357601616  0.1483111678

 0.1559162  0.0000000  0.0000000  0.0000000 
 0.6076837  0.0000000  0.0000000  0.0000000 
 0.3919573  0.0000000  0.0000000  0.0000000 
 0.0000000  0.0049515  0.0000000  0.0000000 
 0.0000000  0.5777664  0.0000000  0.0000000 
 0.0000000  0.4846460  0.0000000  0.0000000 
 0.0000000  0.0000000 -0.1283927  0.0000000 
 0.0000000  0.0000000  0.5852047  0.0000000 
 0.0000000  0.0000000  0.5439442  0.0000000 
 0.0000000  0.0000000  0.0000000 -0.3481691 
 0.0000000  0.0000000  0.0000000  0.6290323 
 0.0000000  0.0000000  0.0000000  0.6662832 

   59.15141188   18.04306600   6.961575790   5.583138529   2.174045204
  0.9570200509

 0.2197679  0.0000000 
 0.6555473  0.0000000 
 0.2865732  0.0000000 
 0.0000000  0.1250662 
 0.0000000  0.6686785 
 0.0000000  0.3052468 

SB:STO-3G
EMSL BASIS SET LIBRARY

  3
    0    1    2
    5    4    2
   15   12    6

  5586.9870020  1017.6766570   275.4230189   492.1924888   114.3749494
   37.19828336   62.52179775   19.07114112   7.358239131   6.120693149
   2.383366187   1.049163663  0.6529226928  0.3515585034  0.1552895732

 0.1543289  0.0000000  0.0000000  0.0000000  0.0000000 
 0.5353281  0.0000000  0.0000000  0.0000000  0.0000000 
 0.4446345  0.0000000  0.0000000  0.0000000  0.0000000 
 0.0000000 -0.0999672  0.0000000  0.0000000  0.0000000 
 0.0000000  0.3995128  0.0000000  0.0000000  0.0000000 
 0.0000000  0.7001154  0.0000000  0.0000000  0.0000000 
 0.0000000  0.0000000 -0.2277635  0.0000000  0.0000000 
 0.0000000  0.0000000  0.2175436  0.0000000  0.0000000 
 0.0000000  0.0000000  0.9166769  0.0000000  0.0000000 
 0.0000000  0.0000000  0.0000000 -0.3306100  0.0000000 
 0.0000000  0.0000000  0.0000000  0.0576109  0.0000000 
 0.0000000  0.0000000  0.0000000  1.1155787  0.0000000 
 0.0000000  0.0000000  0.0000000  0.0000000 -0.3842642 
 0.0000000  0.0000000  0.0000000  0.0000000 -0.1972567 
 0.0000000  0.0000000  0.0000000  0.0000000  1.3754955 

   492.1924888   114.3749494   37.19828336   62.52179775   19.07114112
   7.358239131   6.120693149   2.383366187   1.049163663  0.6529226928
  0.3515585034  0.1552895732

 0.1559162  0.0000000  0.0000000  0.0000000 
 0.6076837  0.0000000  0.0000000  0.0000000 
 0.3919573  0.0000000  0.0000000  0.0000000 
 0.0000000  0.0049515  0.0000000  0.0000000 
 0.0000000  0.5777664  0.0000000  0.0000000 
 0.0000000  0.4846460  0.0000000  0.0000000 
 0.0000000  0.0000000 -0.1283927  0.0000000 
 0.0000000  0.0000000  0.5852047  0.0000000 
 0.0000000  0.0000000  0.5439442  0.0000000 
 0.0000000  0.0000000  0.0000000 -0.3481691 
 0.0000000  0.0000000  0.0000000  0.6290323 
 0.0000000  0.0000000  0.0000000  0.6662832 

   62.52179775   19.07114112   7.358239131   6.120693149   2.383366187
   1.049163663

 0.2197679  0.0000000 
 0.6555473  0.0000000 
 0.2865732  0.0000000 
 0.0000000  0.1250662 
 0.0000000  0.6686785 
 0.0000000  0.3052468 

TE:STO-3G
EMSL BASIS SET LIBRARY

  3
    0    1    2
    5    4    2
   15   12    6

  5810.0615910  1058.3099720   286.4199797   512.7541920   119.1530471
   38.75226900   65.98556227   20.12769970   7.765892279   6.707956921
   2.612043655   1.149828048  0.7012713483  0.3775912653  0.1667887020

 0.1543289  0.0000000  0.0000000  0.0000000  0.0000000 
 0.5353281  0.0000000  0.0000000  0.0000000  0.0000000 
 0.4446345  0.0000000  0.0000000  0.0000000  0.0000000 
 0.0000000 -0.0999672  0.0000000  0.0000000  0.0000000 
 0.0000000  0.3995128  0.0000000  0.0000000  0.0000000 
 0.0000000  0.7001154  0.0000000  0.0000000  0.0000000 
 0.0000000  0.0000000 -0.2277635  0.0000000  0.0000000 
 0.0000000  0.0000000  0.2175436  0.0000000  0.0000000 
 0.0000000  0.0000000  0.9166769  0.0000000  0.0000000 
 0.0000000  0.0000000  0.0000000 -0.3306100  0.0000000 
 0.0000000  0.0000000  0.0000000  0.0576109  0.0000000 
 0.0000000  0.0000000  0.0000000  1.1155787  0.0000000 
 0.0000000  0.0000000  0.0000000  0.0000000 -0.3842642 
 0.0000000  0.0000000  0.0000000  0.0000000 -0.1972567 
 0.0000000  0.0000000  0.0000000  0.0000000  1.3754955 

   512.7541920   119.1530471   38.75226900   65.98556227   20.12769970
   7.765892279   6.707956921   2.612043655   1.149828048  0.7012713483
  0.3775912653  0.1667887020

 0.1559162  0.0000000  0.0000000  0.0000000 
 0.6076837  0.0000000  0.0000000  0.0000000 
 0.3919573  0.0000000  0.0000000  0.0000000 
 0.0000000  0.0049515  0.0000000  0.0000000 
 0.0000000  0.5777664  0.0000000  0.0000000 
 0.0000000  0.4846460  0.0000000  0.0000000 
 0.0000000  0.0000000 -0.1283927  0.0000000 
 0.0000000  0.0000000  0.5852047  0.0000000 
 0.0000000  0.0000000  0.5439442  0.0000000 
 0.0000000  0.0000000  0.0000000 -0.3481691 
 0.0000000  0.0000000  0.0000000  0.6290323 
 0.0000000  0.0000000  0.0000000  0.6662832 

   65.98556227   20.12769970   7.765892279   6.707956921   2.612043655
   1.149828048

 0.2197679  0.0000000 
 0.6555473  0.0000000 
 0.2865732  0.0000000 
 0.0000000  0.1250662 
 0.0000000  0.6686785 
 0.0000000  0.3052468 

I:STO-3G
EMSL BASIS SET LIBRARY

  3
    0    1    2
    5    4    2
   15   12    6

  6035.1836230  1099.3162310   297.5178737   533.7366418   124.0289171
   40.33805328   69.54270545   21.21274175   8.184535234   7.295991196
   2.841021154   1.250624506  0.7900364582  0.4253857892  0.1879003836

 0.1543289  0.0000000  0.0000000  0.0000000  0.0000000 
 0.5353281  0.0000000  0.0000000  0.0000000  0.0000000 
 0.4446345  0.0000000  0.0000000  0.0000000  0.0000000 
 0.0000000 -0.0999672  0.0000000  0.0000000  0.0000000 
 0.0000000  0.3995128  0.0000000  0.0000000  0.0000000 
 0.0000000  0.7001154  0.0000000  0.0000000  0.0000000 
 0.0000000  0.0000000 -0.2277635  0.0000000  0.0000000 
 0.0000000  0.0000000  0.2175436  0.0000000  0.0000000 
 0.0000000  0.0000000  0.9166769  0.0000000  0.0000000 
 0.0000000  0.0000000  0.0000000 -0.3306100  0.0000000 
 0.0000000  0.0000000  0.0000000  0.0576109  0.0000000 
 0.0000000  0.0000000  0.0000000  1.1155787  0.0000000 
 0.0000000  0.0000000  0.0000000  0.0000000 -0.3842642 
 0.0000000  0.0000000  0.0000000  0.0000000 -0.1972567 
 0.0000000  0.0000000  0.0000000  0.0000000  1.3754955 

   533.7366418   124.0289171   40.33805328   69.54270545   21.21274175
   8.184535234   7.295991196   2.841021154   1.250624506  0.7900364582
  0.4253857892  0.1879003836

 0.1559162  0.0000000  0.0000000  0.0000000 
 0.6076837  0.0000000  0.0000000  0.0000000 
 0.3919573  0.0000000  0.0000000  0.0000000 
 0.0000000  0.0049515  0.0000000  0.0000000 
 0.0000000  0.5777664  0.0000000  0.0000000 
 0.0000000  0.4846460  0.0000000  0.0000000 
 0.0000000  0.0000000 -0.1283927  0.0000000 
 0.0000000  0.0000000  0.5852047  0.0000000 
 0.0000000  0.0000000  0.5439442  0.0000000 
 0.0000000  0.0000000  0.0000000 -0.3481691 
 0.0000000  0.0000000  0.0000000  0.6290323 
 0.0000000  0.0000000  0.0000000  0.6662832 

   69.54270545   21.21274175   8.184535234   7.295991196   2.841021154
   1.250624506

 0.2197679  0.0000000 
 0.6555473  0.0000000 
 0.2865732  0.0000000 
 0.0000000  0.1250662 
 0.0000000  0.6686785 
 0.0000000  0.3052468 

