!  STO-3G*  EMSL  Basis Set Exchange Library   3/19/13 6:48 PM
! Elements                             References
! --------                             ----------
!  H - Ne: W.J. Hehre, R.F. Stewart and J.A. Pople, J. Chem. Phys. 2657 (1969).
! Na - Ar: W.J. Hehre, R. Ditchfield, R.F. Stewart, J.A. Pople,
!          J. Chem. Phys.  2769 (1970).
! K,Ca - : W.J. Pietro, B.A. Levy, W.J. Hehre and R.F. Stewart,
! Ga - Kr: J. Am. Chem. Soc. 19, 2225 (1980).
! Sc - Zn: W.J. Pietro and W.J. Hehre, J. Comp. Chem. 4, 241 (1983) + Gaussian.
!  Y - Cd: W.J. Pietro and W.J. Hehre, J. Comp. Chem. 4, 241 (1983). + Gaussian
!   

! Elements                             Reference
! --------                             ----------
! Na - Ar:  J.B. Collins, P.R. Schleyer, J.S. Binkley, J.A. Pople, J. Chem. 
!           Phys. 64, 5142 (1976)
!   


NA:STO-3G*
EMSL BASIS SET LIBRARY

  3
    0    1    2
    3    2    1
    9    6    1

   250.7724300    45.6785110    12.3623880    12.0401930     2.7978819
     0.9099580     1.4787406     0.4125649     0.1614751

 0.1543289  0.0000000  0.0000000 
 0.5353281  0.0000000  0.0000000 
 0.4446345  0.0000000  0.0000000 
 0.0000000 -0.0999672  0.0000000 
 0.0000000  0.3995128  0.0000000 
 0.0000000  0.7001154  0.0000000 
 0.0000000  0.0000000 -0.2196203 
 0.0000000  0.0000000  0.2255954 
 0.0000000  0.0000000  0.9003984 

    12.0401930     2.7978819     0.9099580     1.4787406     0.4125649
     0.1614751

 0.1559162  0.0000000 
 0.6076837  0.0000000 
 0.3919573  0.0000000 
 0.0000000  0.0105876 
 0.0000000  0.5951670 
 0.0000000  0.4620010 

     0.0900000

 1.0000000 

MG:STO-3G*
EMSL BASIS SET LIBRARY

  3
    0    1    2
    3    2    1
    9    6    1

   299.2374000    54.5064700    14.7515800    15.1218200     3.5139870
     1.1428570     1.3954480     0.3893260     0.1523800

 0.1543289  0.0000000  0.0000000 
 0.5353281  0.0000000  0.0000000 
 0.4446345  0.0000000  0.0000000 
 0.0000000 -0.0999672  0.0000000 
 0.0000000  0.3995128  0.0000000 
 0.0000000  0.7001154  0.0000000 
 0.0000000  0.0000000 -0.2196203 
 0.0000000  0.0000000  0.2255954 
 0.0000000  0.0000000  0.9003984 

    15.1218200     3.5139870     1.1428570     1.3954480     0.3893260
     0.1523800

 0.1559162  0.0000000 
 0.6076837  0.0000000 
 0.3919573  0.0000000 
 0.0000000  0.0105876 
 0.0000000  0.5951670 
 0.0000000  0.4620010 

     0.0900000

 1.0000000 

AL:STO-3G*
EMSL BASIS SET LIBRARY

  3
    0    1    2
    3    2    1
    9    6    1

   351.4214767   64.01186067   17.32410761   18.89939621   4.391813233
   1.428353970  1.3954482930  0.3893265318  0.1523797659

 0.1543289  0.0000000  0.0000000 
 0.5353281  0.0000000  0.0000000 
 0.4446345  0.0000000  0.0000000 
 0.0000000 -0.0999672  0.0000000 
 0.0000000  0.3995128  0.0000000 
 0.0000000  0.7001154  0.0000000 
 0.0000000  0.0000000 -0.2196203 
 0.0000000  0.0000000  0.2255954 
 0.0000000  0.0000000  0.9003984 

   18.89939621   4.391813233   1.428353970  1.3954482930  0.3893265318
  0.1523797659

 0.1559162  0.0000000 
 0.6076837  0.0000000 
 0.3919573  0.0000000 
 0.0000000  0.0105876 
 0.0000000  0.5951670 
 0.0000000  0.4620010 

     0.3900000

 1.0000000 

SI:STO-3G*
EMSL BASIS SET LIBRARY

  3
    0    1    2
    3    2    1
    9    6    1

   407.7975514   74.28083305   20.10329229   23.19365606   5.389706871
   1.752899952  1.4787406220  0.4125648801  0.1614750979

 0.1543289  0.0000000  0.0000000 
 0.5353281  0.0000000  0.0000000 
 0.4446345  0.0000000  0.0000000 
 0.0000000 -0.0999672  0.0000000 
 0.0000000  0.3995128  0.0000000 
 0.0000000  0.7001154  0.0000000 
 0.0000000  0.0000000 -0.2196203 
 0.0000000  0.0000000  0.2255954 
 0.0000000  0.0000000  0.9003984 

   23.19365606   5.389706871   1.752899952  1.4787406220  0.4125648801
  0.1614750979

 0.1559162  0.0000000 
 0.6076837  0.0000000 
 0.3919573  0.0000000 
 0.0000000  0.0105876 
 0.0000000  0.5951670 
 0.0000000  0.4620010 

     0.3900000

 1.0000000 

P:STO-3G*
EMSL BASIS SET LIBRARY

  3
    0    1    2
    3    2    1
    9    6    1

   468.3656378   85.31338559   23.08913156   28.03263958   6.514182577
   2.118614352  1.7431032310  0.4863213771  0.1903428909

 0.1543289  0.0000000  0.0000000 
 0.5353281  0.0000000  0.0000000 
 0.4446345  0.0000000  0.0000000 
 0.0000000 -0.0999672  0.0000000 
 0.0000000  0.3995128  0.0000000 
 0.0000000  0.7001154  0.0000000 
 0.0000000  0.0000000 -0.2196203 
 0.0000000  0.0000000  0.2255954 
 0.0000000  0.0000000  0.9003984 

   28.03263958   6.514182577   2.118614352  1.7431032310  0.4863213771
  0.1903428909

 0.1559162  0.0000000 
 0.6076837  0.0000000 
 0.3919573  0.0000000 
 0.0000000  0.0105876 
 0.0000000  0.5951670 
 0.0000000  0.4620010 

     0.3900000

 1.0000000 

S:STO-3G*
EMSL BASIS SET LIBRARY

  3
    0    1    2
    3    2    1
    9    6    1

   533.1257359   97.10951830   26.28162542   33.32975173   7.745117521
   2.518952599  2.0291942740  0.5661400518  0.2215833792

 0.1543289  0.0000000  0.0000000 
 0.5353281  0.0000000  0.0000000 
 0.4446345  0.0000000  0.0000000 
 0.0000000 -0.0999672  0.0000000 
 0.0000000  0.3995128  0.0000000 
 0.0000000  0.7001154  0.0000000 
 0.0000000  0.0000000 -0.2196203 
 0.0000000  0.0000000  0.2255954 
 0.0000000  0.0000000  0.9003984 

   33.32975173   7.745117521   2.518952599  2.0291942740  0.5661400518
  0.2215833792

 0.1559162  0.0000000 
 0.6076837  0.0000000 
 0.3919573  0.0000000 
 0.0000000  0.0105876 
 0.0000000  0.5951670 
 0.0000000  0.4620010 

     0.3900000

 1.0000000 

CL:STO-3G*
EMSL BASIS SET LIBRARY

  3
    0    1    2
    3    2    1
    9    6    1

   601.3456136   109.5358542   29.64467686   38.96041889   9.053563477
   2.944499834  2.1293864950  0.5940934274  0.2325241410

 0.1543289  0.0000000  0.0000000 
 0.5353281  0.0000000  0.0000000 
 0.4446345  0.0000000  0.0000000 
 0.0000000 -0.0999672  0.0000000 
 0.0000000  0.3995128  0.0000000 
 0.0000000  0.7001154  0.0000000 
 0.0000000  0.0000000 -0.2196203 
 0.0000000  0.0000000  0.2255954 
 0.0000000  0.0000000  0.9003984 

   38.96041889   9.053563477   2.944499834  2.1293864950  0.5940934274
  0.2325241410

 0.1559162  0.0000000 
 0.6076837  0.0000000 
 0.3919573  0.0000000 
 0.0000000  0.0105876 
 0.0000000  0.5951670 
 0.0000000  0.4620010 

     0.3900000

 1.0000000 

AR:STO-3G*
EMSL BASIS SET LIBRARY

  3
    0    1    2
    3    2    1
    9    6    1

   674.4465184   122.8512753   33.24834945   45.16424392   10.49519900
   3.413364448  2.6213665180  0.7313546050  0.2862472356

 0.1543289  0.0000000  0.0000000 
 0.5353281  0.0000000  0.0000000 
 0.4446345  0.0000000  0.0000000 
 0.0000000 -0.0999672  0.0000000 
 0.0000000  0.3995128  0.0000000 
 0.0000000  0.7001154  0.0000000 
 0.0000000  0.0000000 -0.2196203 
 0.0000000  0.0000000  0.2255954 
 0.0000000  0.0000000  0.9003984 

   45.16424392   10.49519900   3.413364448  2.6213665180  0.7313546050
  0.2862472356

 0.1559162  0.0000000 
 0.6076837  0.0000000 
 0.3919573  0.0000000 
 0.0000000  0.0105876 
 0.0000000  0.5951670 
 0.0000000  0.4620010 

     0.3900000

 1.0000000 




