!  STO-2G  EMSL  Basis Set Exchange Library   3/19/13 6:47 PM
! Elements                             References
! --------                             ----------
!  H - He: W.J. Hehre, R.F. Stewart and J.A. Pople, J. Chem. Phys. 2657 (1969).
! Li - Ne: 
! Na - Ar: W.J. Hehre, R. Ditchfield, R.F. Stewart, J.A. Pople, J. Chem. Phys.
!  K - Kr: 52, 2769 (1970).
!   


H:STO-2G
EMSL BASIS SET LIBRARY

  1
    0
    1
    2

   1.309756377   0.233135974

 0.4301284 
 0.6789135 

HE:STO-2G
EMSL BASIS SET LIBRARY

  1
    0
    1
    2

     2.4328790     0.4330510

 0.4301280 
 0.6789140 

LI:STO-2G
EMSL BASIS SET LIBRARY

  2
    0    1
    2    1
    4    2

     6.1638450     1.0971610     0.2459160     0.0623710

 0.4301280  0.0000000 
 0.6789140  0.0000000 
 0.0000000  0.0494720 
 0.0000000  0.9637820 

     0.2459160     0.0623710

 0.5115410 
 0.6128200 

BE:STO-2G
EMSL BASIS SET LIBRARY

  2
    0    1
    2    1
    4    2

    11.5356690     2.0533430     0.5081630     0.1288840

 0.4301280  0.0000000 
 0.6789140  0.0000000 
 0.0000000  0.0494720 
 0.0000000  0.9637820 

     0.5081630     0.1288840

 0.5115410 
 0.6128200 

B:STO-2G
EMSL BASIS SET LIBRARY

  2
    0    1
    2    1
    4    2

    18.6568730     3.3209140     0.8645500     0.2192730

 0.4301280  0.0000000 
 0.6789140  0.0000000 
 0.0000000  0.0494720 
 0.0000000  0.9637820 

     0.8645500     0.2192730

 0.5115410 
 0.6128200 

C:STO-2G
EMSL BASIS SET LIBRARY

  2
    0    1
    2    1
    4    2

   27.38503303   4.874522052   1.136748189   0.288309360

 0.4301284  0.0000000 
 0.6789135  0.0000000 
 0.0000000  0.0494717 
 0.0000000  0.9637824 

   1.136748189   0.288309360

 0.5115407 
 0.6128198 

N:STO-2G
EMSL BASIS SET LIBRARY

  2
    0    1
    2    1
    4    2

    37.8964750     6.7455540     1.4610890     0.3705710

 0.4301280  0.0000000 
 0.6789140  0.0000000 
 0.0000000  0.0494720 
 0.0000000  0.9637820 

     1.4610890     0.3705710

 0.5115410 
 0.6128200 

O:STO-2G
EMSL BASIS SET LIBRARY

  2
    0    1
    2    1
    4    2

    49.9809710     8.8965880     1.9452370     0.4933630

 0.4301280  0.0000000 
 0.6789140  0.0000000 
 0.0000000  0.0494720 
 0.0000000  0.9637820 

     1.9452370     0.4933630

 0.5115410 
 0.6128200 

F:STO-2G
EMSL BASIS SET LIBRARY

  2
    0    1
    2    1
    4    2

    63.7352020    11.3448340     2.4985480     0.6336980

 0.4301280  0.0000000 
 0.6789140  0.0000000 
 0.0000000  0.0494720 
 0.0000000  0.9637820 

     2.4985480     0.6336980

 0.5115410 
 0.6128200 

NE:STO-2G
EMSL BASIS SET LIBRARY

  2
    0    1
    2    1
    4    2

    79.1591680    14.0902920     3.1870760     0.8083270

 0.4301280  0.0000000 
 0.6789140  0.0000000 
 0.0000000  0.0494720 
 0.0000000  0.9637820 

     3.1870760     0.8083270

 0.5115410 
 0.6128200 

NA:STO-2G
EMSL BASIS SET LIBRARY

  2
    0    1
    3    2
    6    4

    95.8910160    17.0685520     4.6533520     1.1802130     0.2840050
     0.0974390

 0.4301280  0.0000000  0.0000000 
 0.6789140  0.0000000  0.0000000 
 0.0000000  0.0494720  0.0000000 
 0.0000000  0.9637820  0.0000000 
 0.0000000  0.0000000 -0.2983990 
 0.0000000  0.0000000  1.2279830 

     4.6533520     1.1802130     0.2840050     0.0974390

 0.5115410  0.0000000 
 0.6128200  0.0000000 
 0.0000000  0.3480470 
 0.0000000  0.7222520 

MG:STO-2G
EMSL BASIS SET LIBRARY

  2
    0    1
    3    2
    6    4

   114.4231830    20.3672690     5.8443550     1.4822830     0.3178150
     0.1090390

 0.4301280  0.0000000  0.0000000 
 0.6789140  0.0000000  0.0000000 
 0.0000000  0.0494720  0.0000000 
 0.0000000  0.9637820  0.0000000 
 0.0000000  0.0000000 -0.2983990 
 0.0000000  0.0000000  1.2279830 

     5.8443550     1.4822830     0.3178150     0.1090390

 0.5115410  0.0000000 
 0.6128200  0.0000000 
 0.0000000  0.3480470 
 0.0000000  0.7222520 

AL:STO-2G
EMSL BASIS SET LIBRARY

  2
    0    1
    3    2
    6    4

   134.3774610    23.9191200     7.3043300     1.8525710     0.3747870
     0.1285860

 0.4301280  0.0000000  0.0000000 
 0.6789140  0.0000000  0.0000000 
 0.0000000  0.0494720  0.0000000 
 0.0000000  0.9637820  0.0000000 
 0.0000000  0.0000000 -0.2983990 
 0.0000000  0.0000000  1.2279830 

     7.3043300     1.8525710     0.3747870     0.1285860

 0.5115410  0.0000000 
 0.6128200  0.0000000 
 0.0000000  0.3480470 
 0.0000000  0.7222520 

SI:STO-2G
EMSL BASIS SET LIBRARY

  2
    0    1
    3    2
    6    4

   155.9346910    27.7562960     8.9639960     2.2735060     0.4660350
     0.1598920

 0.4301280  0.0000000  0.0000000 
 0.6789140  0.0000000  0.0000000 
 0.0000000  0.0494720  0.0000000 
 0.0000000  0.9637820  0.0000000 
 0.0000000  0.0000000 -0.2983990 
 0.0000000  0.0000000  1.2279830 

     8.9639960     2.2735060     0.4660350     0.1598920

 0.5115410  0.0000000 
 0.6128200  0.0000000 
 0.0000000  0.3480470 
 0.0000000  0.7222520 

P:STO-2G
EMSL BASIS SET LIBRARY

  2
    0    1
    3    2
    6    4

   179.0948740    31.8787970    10.8341890     2.7478370     0.5872910
     0.2014940

 0.4301280  0.0000000  0.0000000 
 0.6789140  0.0000000  0.0000000 
 0.0000000  0.0494720  0.0000000 
 0.0000000  0.9637820  0.0000000 
 0.0000000  0.0000000 -0.2983990 
 0.0000000  0.0000000  1.2279830 

    10.8341890     2.7478370     0.5872910     0.2014940

 0.5115410  0.0000000 
 0.6128200  0.0000000 
 0.0000000  0.3480470 
 0.0000000  0.7222520 

S:STO-2G
EMSL BASIS SET LIBRARY

  2
    0    1
    3    2
    6    4

   203.8580090    36.2866230    12.8814430     3.2670740     0.7225530
     0.2479010

 0.4301280  0.0000000  0.0000000 
 0.6789140  0.0000000  0.0000000 
 0.0000000  0.0494720  0.0000000 
 0.0000000  0.9637820  0.0000000 
 0.0000000  0.0000000 -0.2983990 
 0.0000000  0.0000000  1.2279830 

    12.8814430     3.2670740     0.7225530     0.2479010

 0.5115410  0.0000000 
 0.6128200  0.0000000 
 0.0000000  0.3480470 
 0.0000000  0.7222520 

CL:STO-2G
EMSL BASIS SET LIBRARY

  2
    0    1
    3    2
    6    4

   229.9441040    40.9299350    15.0576100     3.8190080     0.8883460
     0.3047830

 0.4301280  0.0000000  0.0000000 
 0.6789140  0.0000000  0.0000000 
 0.0000000  0.0494720  0.0000000 
 0.0000000  0.9637820  0.0000000 
 0.0000000  0.0000000 -0.2983990 
 0.0000000  0.0000000  1.2279830 

    15.0576100     3.8190080     0.8883460     0.3047830

 0.5115410  0.0000000 
 0.6128200  0.0000000 
 0.0000000  0.3480470 
 0.0000000  0.7222520 

AR:STO-2G
EMSL BASIS SET LIBRARY

  2
    0    1
    3    2
    6    4

   257.8966190    45.9054680    17.4552940     4.4271240     1.0530930
     0.3613060

 0.4301280  0.0000000  0.0000000 
 0.6789140  0.0000000  0.0000000 
 0.0000000  0.0494720  0.0000000 
 0.0000000  0.9637820  0.0000000 
 0.0000000  0.0000000 -0.2983990 
 0.0000000  0.0000000  1.2279830 

    17.4552940     4.4271240     1.0530930     0.3613060

 0.5115410  0.0000000 
 0.6128200  0.0000000 
 0.0000000  0.3480470 
 0.0000000  0.7222520 

K:STO-2G
EMSL BASIS SET LIBRARY

  2
    0    1
    4    3
    8    6

   295.0121465   52.51201337   20.25259239   5.136592224   1.466966455
   0.503301550   0.254048142   0.102239820

 0.4301284  0.0000000  0.0000000  0.0000000 
 0.6789135  0.0000000  0.0000000  0.0000000 
 0.0000000  0.0494717  0.0000000  0.0000000 
 0.0000000  0.9637824  0.0000000  0.0000000 
 0.0000000  0.0000000 -0.2983986  0.0000000 
 0.0000000  0.0000000  1.2279828  0.0000000 
 0.0000000  0.0000000  0.0000000 -0.6615603 
 0.0000000  0.0000000  0.0000000  1.5107541 

   20.25259239   5.136592224   1.466966455   0.503301550   0.254048142
   0.102239820

 0.5115407  0.0000000  0.0000000 
 0.6128198  0.0000000  0.0000000 
 0.0000000  0.3480471  0.0000000 
 0.0000000  0.7222523  0.0000000 
 0.0000000  0.0000000  0.1309890 
 0.0000000  0.0000000  0.8946431 

CA:STO-2G
EMSL BASIS SET LIBRARY

  2
    0    1
    4    3
    8    6

   326.5671727   58.12879211   23.01915102   5.838264545   1.757469459
   0.602970232   0.229785047   0.092475315

 0.4301284  0.0000000  0.0000000  0.0000000 
 0.6789135  0.0000000  0.0000000  0.0000000 
 0.0000000  0.0494717  0.0000000  0.0000000 
 0.0000000  0.9637824  0.0000000  0.0000000 
 0.0000000  0.0000000 -0.2983986  0.0000000 
 0.0000000  0.0000000  1.2279828  0.0000000 
 0.0000000  0.0000000  0.0000000 -0.6615603 
 0.0000000  0.0000000  0.0000000  1.5107541 

   23.01915102   5.838264545   1.757469459   0.602970232   0.229785047
   0.092475315

 0.5115407  0.0000000  0.0000000 
 0.6128198  0.0000000  0.0000000 
 0.0000000  0.3480471  0.0000000 
 0.0000000  0.7222523  0.0000000 
 0.0000000  0.0000000  0.1309890 
 0.0000000  0.0000000  0.8946431 

SR:STO-2G
EMSL BASIS SET LIBRARY

  3
    0    1    2
    5    4    1
   10    8    2

  1185.7623300   211.0650970   101.8394821   25.82918184   12.54411156
   3.879731996   1.240560967   0.499254706  0.2632280820  0.1273435176

 0.4301284  0.0000000  0.0000000  0.0000000  0.0000000 
 0.6789135  0.0000000  0.0000000  0.0000000  0.0000000 
 0.0000000  0.0494717  0.0000000  0.0000000  0.0000000 
 0.0000000  0.9637824  0.0000000  0.0000000  0.0000000 
 0.0000000  0.0000000 -0.3121716  0.0000000  0.0000000 
 0.0000000  0.0000000  1.2253984  0.0000000  0.0000000 
 0.0000000  0.0000000  0.0000000 -0.6615603  0.0000000 
 0.0000000  0.0000000  0.0000000  1.5107541  0.0000000 
 0.0000000  0.0000000  0.0000000  0.0000000 -1.0936897 
 0.0000000  0.0000000  0.0000000  0.0000000  1.8813746 

   101.8394821   25.82918184   12.54411156   3.879731996   1.240560967
   0.499254706  0.2632280820  0.1273435176

 0.5115407  0.0000000  0.0000000  0.0000000 
 0.6128198  0.0000000  0.0000000  0.0000000 
 0.0000000  0.2940025  0.0000000  0.0000000 
 0.0000000  0.7800415  0.0000000  0.0000000 
 0.0000000  0.0000000  0.1309890  0.0000000 
 0.0000000  0.0000000  0.8946431  0.0000000 
 0.0000000  0.0000000  0.0000000 -0.1047403 
 0.0000000  0.0000000  0.0000000  1.0876267 

   12.54411156   3.879731996

 0.6006042 
 0.5292040 




