!  Stuttgart RSC Segmented/ECP  EMSL  Basis Set Exchange Library   3/19/13 6:53 PM
! Elements                             References
! --------                             ----------
! La - Lu:  X. Cao and M. Dolg, J. Chem. Phys. (to be published)
!   


LA:Stuttgart RSC Segmented/ECP
EMSL BASIS SET LIBRARY

  5
    0    1    2    3    4
   10    8    5    4    3
   14   13   10    8    6

 60228.6130000  7142.4190000  1034.3051000   563.4427000   123.5532000
    34.5544000    24.6330000    11.2660000     2.9062000     1.5433000
     0.5672000     0.2539000     0.0467000     0.0200000

 0.0000030  0.0000000  0.0000000  0.0000000  0.0000000  0.0000000  0.0000000 
 0.0000000  0.0000000  0.0000000 
 0.0000350  0.0000000  0.0000000  0.0000000  0.0000000  0.0000000  0.0000000 
 0.0000000  0.0000000  0.0000000 
 0.0003290  0.0000000  0.0000000  0.0000000  0.0000000  0.0000000  0.0000000 
 0.0000000  0.0000000  0.0000000 
-0.0001060  0.0000000  0.0000000  0.0000000  0.0000000  0.0000000  0.0000000 
 0.0000000  0.0000000  0.0000000 
 0.0032800  0.0000000  0.0000000  0.0000000  0.0000000  0.0000000  0.0000000 
 0.0000000  0.0000000  0.0000000 
 0.0000000  1.0000000  0.0000000  0.0000000  0.0000000  0.0000000  0.0000000 
 0.0000000  0.0000000  0.0000000 
 0.0000000  0.0000000  1.0000000  0.0000000  0.0000000  0.0000000  0.0000000 
 0.0000000  0.0000000  0.0000000 
 0.0000000  0.0000000  0.0000000  1.0000000  0.0000000  0.0000000  0.0000000 
 0.0000000  0.0000000  0.0000000 
 0.0000000  0.0000000  0.0000000  0.0000000  1.0000000  0.0000000  0.0000000 
 0.0000000  0.0000000  0.0000000 
 0.0000000  0.0000000  0.0000000  0.0000000  0.0000000  1.0000000  0.0000000 
 0.0000000  0.0000000  0.0000000 
 0.0000000  0.0000000  0.0000000  0.0000000  0.0000000  0.0000000  1.0000000 
 0.0000000  0.0000000  0.0000000 
 0.0000000  0.0000000  0.0000000  0.0000000  0.0000000  0.0000000  0.0000000 
 1.0000000  0.0000000  0.0000000 
 0.0000000  0.0000000  0.0000000  0.0000000  0.0000000  0.0000000  0.0000000 
 0.0000000  1.0000000  0.0000000 
 0.0000000  0.0000000  0.0000000  0.0000000  0.0000000  0.0000000  0.0000000 
 0.0000000  0.0000000  1.0000000 

  3966.3547000  1143.9280000   446.9977000   229.5466000    27.3267000
    19.4864000    13.9024000     4.2361000     2.2936000     1.1258000
     0.5279000     0.2292000     0.0800000

 0.0000040  0.0000000  0.0000000  0.0000000  0.0000000  0.0000000  0.0000000 
 0.0000000 
 0.0000330  0.0000000  0.0000000  0.0000000  0.0000000  0.0000000  0.0000000 
 0.0000000 
 0.0000340  0.0000000  0.0000000  0.0000000  0.0000000  0.0000000  0.0000000 
 0.0000000 
 0.0003620  0.0000000  0.0000000  0.0000000  0.0000000  0.0000000  0.0000000 
 0.0000000 
-0.0071360  0.0000000  0.0000000  0.0000000  0.0000000  0.0000000  0.0000000 
 0.0000000 
 0.2066540  0.0000000  0.0000000  0.0000000  0.0000000  0.0000000  0.0000000 
 0.0000000 
 0.0000000  1.0000000  0.0000000  0.0000000  0.0000000  0.0000000  0.0000000 
 0.0000000 
 0.0000000  0.0000000  1.0000000  0.0000000  0.0000000  0.0000000  0.0000000 
 0.0000000 
 0.0000000  0.0000000  0.0000000  1.0000000  0.0000000  0.0000000  0.0000000 
 0.0000000 
 0.0000000  0.0000000  0.0000000  0.0000000  1.0000000  0.0000000  0.0000000 
 0.0000000 
 0.0000000  0.0000000  0.0000000  0.0000000  0.0000000  1.0000000  0.0000000 
 0.0000000 
 0.0000000  0.0000000  0.0000000  0.0000000  0.0000000  0.0000000  1.0000000 
 0.0000000 
 0.0000000  0.0000000  0.0000000  0.0000000  0.0000000  0.0000000  0.0000000 
 1.0000000 

   367.7157000   113.5768000    33.5588000    14.4198000     7.3159000
     3.9483000     2.0150000     0.9581000     0.3109000     0.0954000

 0.0000740  0.0000000  0.0000000  0.0000000  0.0000000 
 0.0006120  0.0000000  0.0000000  0.0000000  0.0000000 
 0.0076870  0.0000000  0.0000000  0.0000000  0.0000000 
-0.0765100  0.0000000  0.0000000  0.0000000  0.0000000 
 0.1517540  0.0000000  0.0000000  0.0000000  0.0000000 
 0.4218730  0.0000000  0.0000000  0.0000000  0.0000000 
 0.0000000  1.0000000  0.0000000  0.0000000  0.0000000 
 0.0000000  0.0000000  1.0000000  0.0000000  0.0000000 
 0.0000000  0.0000000  0.0000000  1.0000000  0.0000000 
 0.0000000  0.0000000  0.0000000  0.0000000  1.0000000 

   124.7971000    43.9427000    19.2668000     8.4893000     3.7672000
     1.5902000     0.6098000     0.1973000

 0.0011500  0.0000000  0.0000000  0.0000000 
 0.0143330  0.0000000  0.0000000  0.0000000 
 0.0625940  0.0000000  0.0000000  0.0000000 
 0.1640000  0.0000000  0.0000000  0.0000000 
 0.2858630  0.0000000  0.0000000  0.0000000 
 0.0000000  1.0000000  0.0000000  0.0000000 
 0.0000000  0.0000000  1.0000000  0.0000000 
 0.0000000  0.0000000  0.0000000  1.0000000 

    19.2668000     8.4893000     3.7672000     1.5902000     0.6098000
     0.1973000

-0.0021180  0.0000000  0.0000000 
 0.0267090  0.0000000  0.0000000 
-0.0296670  0.0000000  0.0000000 
 0.2827850  0.0000000  0.0000000 
 0.0000000  1.0000000  0.0000000 
 0.0000000  0.0000000  1.0000000 

CE:Stuttgart RSC Segmented/ECP
EMSL BASIS SET LIBRARY

  5
    0    1    2    3    4
   10    8    5    4    3
   14   13   10    8    6

 66920.6810000  7142.4190000  1149.2279000   626.0474000   137.2813000
    36.6434000    25.9742000    11.8859000     3.0284000     1.5664000
     0.5937000     0.2630000     0.0490000     0.0207000

 0.0000050  0.0000000  0.0000000  0.0000000  0.0000000  0.0000000  0.0000000 
 0.0000000  0.0000000  0.0000000 
 0.0000620  0.0000000  0.0000000  0.0000000  0.0000000  0.0000000  0.0000000 
 0.0000000  0.0000000  0.0000000 
 0.0004080  0.0000000  0.0000000  0.0000000  0.0000000  0.0000000  0.0000000 
 0.0000000  0.0000000  0.0000000 
 0.0000800  0.0000000  0.0000000  0.0000000  0.0000000  0.0000000  0.0000000 
 0.0000000  0.0000000  0.0000000 
 0.0035590  0.0000000  0.0000000  0.0000000  0.0000000  0.0000000  0.0000000 
 0.0000000  0.0000000  0.0000000 
 0.0000000  1.0000000  0.0000000  0.0000000  0.0000000  0.0000000  0.0000000 
 0.0000000  0.0000000  0.0000000 
 0.0000000  0.0000000  1.0000000  0.0000000  0.0000000  0.0000000  0.0000000 
 0.0000000  0.0000000  0.0000000 
 0.0000000  0.0000000  0.0000000  1.0000000  0.0000000  0.0000000  0.0000000 
 0.0000000  0.0000000  0.0000000 
 0.0000000  0.0000000  0.0000000  0.0000000  1.0000000  0.0000000  0.0000000 
 0.0000000  0.0000000  0.0000000 
 0.0000000  0.0000000  0.0000000  0.0000000  0.0000000  1.0000000  0.0000000 
 0.0000000  0.0000000  0.0000000 
 0.0000000  0.0000000  0.0000000  0.0000000  0.0000000  0.0000000  1.0000000 
 0.0000000  0.0000000  0.0000000 
 0.0000000  0.0000000  0.0000000  0.0000000  0.0000000  0.0000000  0.0000000 
 1.0000000  0.0000000  0.0000000 
 0.0000000  0.0000000  0.0000000  0.0000000  0.0000000  0.0000000  0.0000000 
 0.0000000  1.0000000  0.0000000 
 0.0000000  0.0000000  0.0000000  0.0000000  0.0000000  0.0000000  0.0000000 
 0.0000000  0.0000000  1.0000000 

  3813.8026000  1216.9447000   496.6641000   212.5431000    27.6306000
    19.6040000    13.8918000     4.4389000     2.3374000     1.1067000
     0.5287000     0.2305000     0.0800000

 0.0000050  0.0000000  0.0000000  0.0000000  0.0000000  0.0000000  0.0000000 
 0.0000000 
 0.0000510  0.0000000  0.0000000  0.0000000  0.0000000  0.0000000  0.0000000 
 0.0000000 
 0.0000530  0.0000000  0.0000000  0.0000000  0.0000000  0.0000000  0.0000000 
 0.0000000 
 0.0006710  0.0000000  0.0000000  0.0000000  0.0000000  0.0000000  0.0000000 
 0.0000000 
 0.0088050  0.0000000  0.0000000  0.0000000  0.0000000  0.0000000  0.0000000 
 0.0000000 
 0.1508610  0.0000000  0.0000000  0.0000000  0.0000000  0.0000000  0.0000000 
 0.0000000 
 0.0000000  1.0000000  0.0000000  0.0000000  0.0000000  0.0000000  0.0000000 
 0.0000000 
 0.0000000  0.0000000  1.0000000  0.0000000  0.0000000  0.0000000  0.0000000 
 0.0000000 
 0.0000000  0.0000000  0.0000000  1.0000000  0.0000000  0.0000000  0.0000000 
 0.0000000 
 0.0000000  0.0000000  0.0000000  0.0000000  1.0000000  0.0000000  0.0000000 
 0.0000000 
 0.0000000  0.0000000  0.0000000  0.0000000  0.0000000  1.0000000  0.0000000 
 0.0000000 
 0.0000000  0.0000000  0.0000000  0.0000000  0.0000000  0.0000000  1.0000000 
 0.0000000 
 0.0000000  0.0000000  0.0000000  0.0000000  0.0000000  0.0000000  0.0000000 
 1.0000000 

   367.7157000   109.8798000    36.0211000    14.7637000     7.3281000
     3.9441000     2.0202000     0.9649000     0.3273000     0.1032000

 0.0001200  0.0000000  0.0000000  0.0000000  0.0000000 
 0.0009910  0.0000000  0.0000000  0.0000000  0.0000000 
 0.0077780  0.0000000  0.0000000  0.0000000  0.0000000 
-0.0629580  0.0000000  0.0000000  0.0000000  0.0000000 
 0.1803420  0.0000000  0.0000000  0.0000000  0.0000000 
 0.4325290  0.0000000  0.0000000  0.0000000  0.0000000 
 0.0000000  1.0000000  0.0000000  0.0000000  0.0000000 
 0.0000000  0.0000000  1.0000000  0.0000000  0.0000000 
 0.0000000  0.0000000  0.0000000  1.0000000  0.0000000 
 0.0000000  0.0000000  0.0000000  0.0000000  1.0000000 

   123.4821000    43.9881000    19.4518000     8.6013000     3.8049000
     1.6176000     0.6364000     0.2164000

 0.0015660  0.0000000  0.0000000  0.0000000 
 0.0181010  0.0000000  0.0000000  0.0000000 
 0.0761570  0.0000000  0.0000000  0.0000000 
 0.1926830  0.0000000  0.0000000  0.0000000 
 0.3243320  0.0000000  0.0000000  0.0000000 
 0.0000000  1.0000000  0.0000000  0.0000000 
 0.0000000  0.0000000  1.0000000  0.0000000 
 0.0000000  0.0000000  0.0000000  1.0000000 

    19.4518000     8.6013000     3.8049000     1.6176000     0.6364000
     0.2164000

 0.0021990  0.0000000  0.0000000 
 0.0374280  0.0000000  0.0000000 
 0.0303780  0.0000000  0.0000000 
 0.3556640  0.0000000  0.0000000 
 0.0000000  1.0000000  0.0000000 
 0.0000000  0.0000000  1.0000000 

PR:Stuttgart RSC Segmented/ECP
EMSL BASIS SET LIBRARY

  5
    0    1    2    3    4
   10    8    5    4    3
   14   13   10    8    6

 66920.6810000 10906.6250000  2635.4147000   713.9051000   140.0139000
    38.1280000    26.9855000    12.4959000     3.1878000     1.6451000
     0.6185000     0.2731000     0.0506000     0.0212000

 0.0000080  0.0000000  0.0000000  0.0000000  0.0000000  0.0000000  0.0000000 
 0.0000000  0.0000000  0.0000000 
 0.0000500  0.0000000  0.0000000  0.0000000  0.0000000  0.0000000  0.0000000 
 0.0000000  0.0000000  0.0000000 
 0.0002430  0.0000000  0.0000000  0.0000000  0.0000000  0.0000000  0.0000000 
 0.0000000  0.0000000  0.0000000 
 0.0008760  0.0000000  0.0000000  0.0000000  0.0000000  0.0000000  0.0000000 
 0.0000000  0.0000000  0.0000000 
 0.0041760  0.0000000  0.0000000  0.0000000  0.0000000  0.0000000  0.0000000 
 0.0000000  0.0000000  0.0000000 
 0.0000000  1.0000000  0.0000000  0.0000000  0.0000000  0.0000000  0.0000000 
 0.0000000  0.0000000  0.0000000 
 0.0000000  0.0000000  1.0000000  0.0000000  0.0000000  0.0000000  0.0000000 
 0.0000000  0.0000000  0.0000000 
 0.0000000  0.0000000  0.0000000  1.0000000  0.0000000  0.0000000  0.0000000 
 0.0000000  0.0000000  0.0000000 
 0.0000000  0.0000000  0.0000000  0.0000000  1.0000000  0.0000000  0.0000000 
 0.0000000  0.0000000  0.0000000 
 0.0000000  0.0000000  0.0000000  0.0000000  0.0000000  1.0000000  0.0000000 
 0.0000000  0.0000000  0.0000000 
 0.0000000  0.0000000  0.0000000  0.0000000  0.0000000  0.0000000  1.0000000 
 0.0000000  0.0000000  0.0000000 
 0.0000000  0.0000000  0.0000000  0.0000000  0.0000000  0.0000000  0.0000000 
 1.0000000  0.0000000  0.0000000 
 0.0000000  0.0000000  0.0000000  0.0000000  0.0000000  0.0000000  0.0000000 
 0.0000000  1.0000000  0.0000000 
 0.0000000  0.0000000  0.0000000  0.0000000  0.0000000  0.0000000  0.0000000 
 0.0000000  0.0000000  1.0000000 

  3932.0567000  1373.4397000   647.6748000   186.8992000    27.6306000
    19.6040000    13.9224000     4.7240000     2.4648000     1.1588000
     0.5460000     0.2359000     0.0800000

 0.0000110  0.0000000  0.0000000  0.0000000  0.0000000  0.0000000  0.0000000 
 0.0000000 
 0.0000270  0.0000000  0.0000000  0.0000000  0.0000000  0.0000000  0.0000000 
 0.0000000 
 0.0001600  0.0000000  0.0000000  0.0000000  0.0000000  0.0000000  0.0000000 
 0.0000000 
 0.0011580  0.0000000  0.0000000  0.0000000  0.0000000  0.0000000  0.0000000 
 0.0000000 
 0.0252100  0.0000000  0.0000000  0.0000000  0.0000000  0.0000000  0.0000000 
 0.0000000 
 0.1011360  0.0000000  0.0000000  0.0000000  0.0000000  0.0000000  0.0000000 
 0.0000000 
 0.0000000  1.0000000  0.0000000  0.0000000  0.0000000  0.0000000  0.0000000 
 0.0000000 
 0.0000000  0.0000000  1.0000000  0.0000000  0.0000000  0.0000000  0.0000000 
 0.0000000 
 0.0000000  0.0000000  0.0000000  1.0000000  0.0000000  0.0000000  0.0000000 
 0.0000000 
 0.0000000  0.0000000  0.0000000  0.0000000  1.0000000  0.0000000  0.0000000 
 0.0000000 
 0.0000000  0.0000000  0.0000000  0.0000000  0.0000000  1.0000000  0.0000000 
 0.0000000 
 0.0000000  0.0000000  0.0000000  0.0000000  0.0000000  0.0000000  1.0000000 
 0.0000000 
 0.0000000  0.0000000  0.0000000  0.0000000  0.0000000  0.0000000  0.0000000 
 1.0000000 

   355.9615000   107.1414000    37.5562000    15.0859000     7.3832000
     3.9795000     2.0469000     0.9794000     0.3296000     0.1026000

 0.0001930  0.0000000  0.0000000  0.0000000  0.0000000 
 0.0015450  0.0000000  0.0000000  0.0000000  0.0000000 
 0.0090040  0.0000000  0.0000000  0.0000000  0.0000000 
-0.0472960  0.0000000  0.0000000  0.0000000  0.0000000 
 0.2023370  0.0000000  0.0000000  0.0000000  0.0000000 
 0.4353740  0.0000000  0.0000000  0.0000000  0.0000000 
 0.0000000  1.0000000  0.0000000  0.0000000  0.0000000 
 0.0000000  0.0000000  1.0000000  0.0000000  0.0000000 
 0.0000000  0.0000000  0.0000000  1.0000000  0.0000000 
 0.0000000  0.0000000  0.0000000  0.0000000  1.0000000 

   124.5083000    44.5837000    19.8731000     8.9102000     3.9977000
     1.7285000     0.6936000     0.2418000

 0.0018850  0.0000000  0.0000000  0.0000000 
 0.0209490  0.0000000  0.0000000  0.0000000 
 0.0852080  0.0000000  0.0000000  0.0000000 
 0.2053120  0.0000000  0.0000000  0.0000000 
 0.3334030  0.0000000  0.0000000  0.0000000 
 0.0000000  1.0000000  0.0000000  0.0000000 
 0.0000000  0.0000000  1.0000000  0.0000000 
 0.0000000  0.0000000  0.0000000  1.0000000 

    19.8731000     8.9102000     3.9977000     1.7285000     0.6936000
     0.2418000

 0.0058380  0.0000000  0.0000000 
 0.0432480  0.0000000  0.0000000 
 0.0722690  0.0000000  0.0000000 
 0.3478340  0.0000000  0.0000000 
 0.0000000  1.0000000  0.0000000 
 0.0000000  0.0000000  1.0000000 

ND:Stuttgart RSC Segmented/ECP
EMSL BASIS SET LIBRARY

  5
    0    1    2    3    4
   10    8    5    4    3
   14   13   10    8    6

 67945.5900000  9404.4083000  2084.3177000   586.9895000   142.9406000
    39.6722000    28.0878000    13.0569000     3.3514000     1.7247000
     0.6427000     0.2828000     0.0519000     0.0217000

 0.0000150  0.0000000  0.0000000  0.0000000  0.0000000  0.0000000  0.0000000 
 0.0000000  0.0000000  0.0000000 
 0.0001250  0.0000000  0.0000000  0.0000000  0.0000000  0.0000000  0.0000000 
 0.0000000  0.0000000  0.0000000 
 0.0006100  0.0000000  0.0000000  0.0000000  0.0000000  0.0000000  0.0000000 
 0.0000000  0.0000000  0.0000000 
 0.0017730  0.0000000  0.0000000  0.0000000  0.0000000  0.0000000  0.0000000 
 0.0000000  0.0000000  0.0000000 
 0.0053920  0.0000000  0.0000000  0.0000000  0.0000000  0.0000000  0.0000000 
 0.0000000  0.0000000  0.0000000 
 0.0000000  1.0000000  0.0000000  0.0000000  0.0000000  0.0000000  0.0000000 
 0.0000000  0.0000000  0.0000000 
 0.0000000  0.0000000  1.0000000  0.0000000  0.0000000  0.0000000  0.0000000 
 0.0000000  0.0000000  0.0000000 
 0.0000000  0.0000000  0.0000000  1.0000000  0.0000000  0.0000000  0.0000000 
 0.0000000  0.0000000  0.0000000 
 0.0000000  0.0000000  0.0000000  0.0000000  1.0000000  0.0000000  0.0000000 
 0.0000000  0.0000000  0.0000000 
 0.0000000  0.0000000  0.0000000  0.0000000  0.0000000  1.0000000  0.0000000 
 0.0000000  0.0000000  0.0000000 
 0.0000000  0.0000000  0.0000000  0.0000000  0.0000000  0.0000000  1.0000000 
 0.0000000  0.0000000  0.0000000 
 0.0000000  0.0000000  0.0000000  0.0000000  0.0000000  0.0000000  0.0000000 
 1.0000000  0.0000000  0.0000000 
 0.0000000  0.0000000  0.0000000  0.0000000  0.0000000  0.0000000  0.0000000 
 0.0000000  1.0000000  0.0000000 
 0.0000000  0.0000000  0.0000000  0.0000000  0.0000000  0.0000000  0.0000000 
 0.0000000  0.0000000  1.0000000 

  4017.4813000  1360.6192000   507.1508000   159.6952000    27.6306000
    19.6040000    13.9096000     4.9395000     2.5449000     1.1810000
     0.5552000     0.2395000     0.0800000

 0.0000160  0.0000000  0.0000000  0.0000000  0.0000000  0.0000000  0.0000000 
 0.0000000 
 0.0000630  0.0000000  0.0000000  0.0000000  0.0000000  0.0000000  0.0000000 
 0.0000000 
 0.0003630  0.0000000  0.0000000  0.0000000  0.0000000  0.0000000  0.0000000 
 0.0000000 
 0.0019690  0.0000000  0.0000000  0.0000000  0.0000000  0.0000000  0.0000000 
 0.0000000 
 0.0424400  0.0000000  0.0000000  0.0000000  0.0000000  0.0000000  0.0000000 
 0.0000000 
 0.0459530  0.0000000  0.0000000  0.0000000  0.0000000  0.0000000  0.0000000 
 0.0000000 
 0.0000000  1.0000000  0.0000000  0.0000000  0.0000000  0.0000000  0.0000000 
 0.0000000 
 0.0000000  0.0000000  1.0000000  0.0000000  0.0000000  0.0000000  0.0000000 
 0.0000000 
 0.0000000  0.0000000  0.0000000  1.0000000  0.0000000  0.0000000  0.0000000 
 0.0000000 
 0.0000000  0.0000000  0.0000000  0.0000000  1.0000000  0.0000000  0.0000000 
 0.0000000 
 0.0000000  0.0000000  0.0000000  0.0000000  0.0000000  1.0000000  0.0000000 
 0.0000000 
 0.0000000  0.0000000  0.0000000  0.0000000  0.0000000  0.0000000  1.0000000 
 0.0000000 
 0.0000000  0.0000000  0.0000000  0.0000000  0.0000000  0.0000000  0.0000000 
 1.0000000 

   350.9612000   105.9621000    38.4704000    15.4826000     7.4260000
     3.9996000     2.0642000     0.9898000     0.3370000     0.1051000

 0.0002820  0.0000000  0.0000000  0.0000000  0.0000000 
 0.0022220  0.0000000  0.0000000  0.0000000  0.0000000 
 0.0110160  0.0000000  0.0000000  0.0000000  0.0000000 
-0.0318040  0.0000000  0.0000000  0.0000000  0.0000000 
 0.2239940  0.0000000  0.0000000  0.0000000  0.0000000 
 0.4368740  0.0000000  0.0000000  0.0000000  0.0000000 
 0.0000000  1.0000000  0.0000000  0.0000000  0.0000000 
 0.0000000  0.0000000  1.0000000  0.0000000  0.0000000 
 0.0000000  0.0000000  0.0000000  1.0000000  0.0000000 
 0.0000000  0.0000000  0.0000000  0.0000000  1.0000000 

   126.0845000    45.1679000    20.1700000     9.0999000     4.1085000
     1.7914000     0.7258000     0.2562000

 0.0021720  0.0000000  0.0000000  0.0000000 
 0.0235850  0.0000000  0.0000000  0.0000000 
 0.0941420  0.0000000  0.0000000  0.0000000 
 0.2174560  0.0000000  0.0000000  0.0000000 
 0.3396120  0.0000000  0.0000000  0.0000000 
 0.0000000  1.0000000  0.0000000  0.0000000 
 0.0000000  0.0000000  1.0000000  0.0000000 
 0.0000000  0.0000000  0.0000000  1.0000000 

    20.1700000     9.0999000     4.1085000     1.7914000     0.7258000
     0.2562000

 0.0103580  0.0000000  0.0000000 
 0.0586190  0.0000000  0.0000000 
 0.1144350  0.0000000  0.0000000 
 0.4114890  0.0000000  0.0000000 
 0.0000000  1.0000000  0.0000000 
 0.0000000  0.0000000  1.0000000 

PM:Stuttgart RSC Segmented/ECP
EMSL BASIS SET LIBRARY

  5
    0    1    2    3    4
   10    8    5    4    3
   14   13   10    8    6

 69642.7150000 10512.9760000  2302.5578000   604.1762000   155.7623000
    43.0852000    27.8744000    13.7395000     3.4869000     1.7860000
     0.6659000     0.2919000     0.0530000     0.0221000

 0.0000290  0.0000000  0.0000000  0.0000000  0.0000000  0.0000000  0.0000000 
 0.0000000  0.0000000  0.0000000 
 0.0002170  0.0000000  0.0000000  0.0000000  0.0000000  0.0000000  0.0000000 
 0.0000000  0.0000000  0.0000000 
 0.0011360  0.0000000  0.0000000  0.0000000  0.0000000  0.0000000  0.0000000 
 0.0000000  0.0000000  0.0000000 
 0.0036880  0.0000000  0.0000000  0.0000000  0.0000000  0.0000000  0.0000000 
 0.0000000  0.0000000  0.0000000 
 0.0077630  0.0000000  0.0000000  0.0000000  0.0000000  0.0000000  0.0000000 
 0.0000000  0.0000000  0.0000000 
 0.0000000  1.0000000  0.0000000  0.0000000  0.0000000  0.0000000  0.0000000 
 0.0000000  0.0000000  0.0000000 
 0.0000000  0.0000000  1.0000000  0.0000000  0.0000000  0.0000000  0.0000000 
 0.0000000  0.0000000  0.0000000 
 0.0000000  0.0000000  0.0000000  1.0000000  0.0000000  0.0000000  0.0000000 
 0.0000000  0.0000000  0.0000000 
 0.0000000  0.0000000  0.0000000  0.0000000  1.0000000  0.0000000  0.0000000 
 0.0000000  0.0000000  0.0000000 
 0.0000000  0.0000000  0.0000000  0.0000000  0.0000000  1.0000000  0.0000000 
 0.0000000  0.0000000  0.0000000 
 0.0000000  0.0000000  0.0000000  0.0000000  0.0000000  0.0000000  1.0000000 
 0.0000000  0.0000000  0.0000000 
 0.0000000  0.0000000  0.0000000  0.0000000  0.0000000  0.0000000  0.0000000 
 1.0000000  0.0000000  0.0000000 
 0.0000000  0.0000000  0.0000000  0.0000000  0.0000000  0.0000000  0.0000000 
 0.0000000  1.0000000  0.0000000 
 0.0000000  0.0000000  0.0000000  0.0000000  0.0000000  0.0000000  0.0000000 
 0.0000000  0.0000000  1.0000000 

  4008.9171000  1250.0432000   457.0766000   151.2780000    28.1906000
    20.0127000    14.2233000     5.1620000     2.6424000     1.2172000
     0.5691000     0.2444000     0.0800000

 0.0000210  0.0000000  0.0000000  0.0000000  0.0000000  0.0000000  0.0000000 
 0.0000000 
 0.0001030  0.0000000  0.0000000  0.0000000  0.0000000  0.0000000  0.0000000 
 0.0000000 
 0.0005350  0.0000000  0.0000000  0.0000000  0.0000000  0.0000000  0.0000000 
 0.0000000 
 0.0025510  0.0000000  0.0000000  0.0000000  0.0000000  0.0000000  0.0000000 
 0.0000000 
 0.0527300  0.0000000  0.0000000  0.0000000  0.0000000  0.0000000  0.0000000 
 0.0000000 
 0.0147250  0.0000000  0.0000000  0.0000000  0.0000000  0.0000000  0.0000000 
 0.0000000 
 0.0000000  1.0000000  0.0000000  0.0000000  0.0000000  0.0000000  0.0000000 
 0.0000000 
 0.0000000  0.0000000  1.0000000  0.0000000  0.0000000  0.0000000  0.0000000 
 0.0000000 
 0.0000000  0.0000000  0.0000000  1.0000000  0.0000000  0.0000000  0.0000000 
 0.0000000 
 0.0000000  0.0000000  0.0000000  0.0000000  1.0000000  0.0000000  0.0000000 
 0.0000000 
 0.0000000  0.0000000  0.0000000  0.0000000  0.0000000  1.0000000  0.0000000 
 0.0000000 
 0.0000000  0.0000000  0.0000000  0.0000000  0.0000000  0.0000000  1.0000000 
 0.0000000 
 0.0000000  0.0000000  0.0000000  0.0000000  0.0000000  0.0000000  0.0000000 
 1.0000000 

   341.8060000   102.9418000    38.2234000    16.1246000     7.4243000
     4.0177000     2.0884000     1.0041000     0.3437000     0.1072000

 0.0004350  0.0000000  0.0000000  0.0000000  0.0000000 
 0.0034200  0.0000000  0.0000000  0.0000000  0.0000000 
 0.0149910  0.0000000  0.0000000  0.0000000  0.0000000 
-0.0114130  0.0000000  0.0000000  0.0000000  0.0000000 
 0.2427630  0.0000000  0.0000000  0.0000000  0.0000000 
 0.4313090  0.0000000  0.0000000  0.0000000  0.0000000 
 0.0000000  1.0000000  0.0000000  0.0000000  0.0000000 
 0.0000000  0.0000000  1.0000000  0.0000000  0.0000000 
 0.0000000  0.0000000  0.0000000  1.0000000  0.0000000 
 0.0000000  0.0000000  0.0000000  0.0000000  1.0000000 

   126.6516000    45.6672000    20.4949000     9.3103000     4.2351000
     1.8604000     0.7585000     0.2692000

 0.0026100  0.0000000  0.0000000  0.0000000 
 0.0273310  0.0000000  0.0000000  0.0000000 
 0.1029340  0.0000000  0.0000000  0.0000000 
 0.2272740  0.0000000  0.0000000  0.0000000 
 0.3431310  0.0000000  0.0000000  0.0000000 
 0.0000000  1.0000000  0.0000000  0.0000000 
 0.0000000  0.0000000  1.0000000  0.0000000 
 0.0000000  0.0000000  0.0000000  1.0000000 

    20.4949000     9.3103000     4.2351000     1.8604000     0.7585000
     0.2692000

 0.0119510  0.0000000  0.0000000 
 0.0561730  0.0000000  0.0000000 
 0.1183800  0.0000000  0.0000000 
 0.3390650  0.0000000  0.0000000 
 0.0000000  1.0000000  0.0000000 
 0.0000000  0.0000000  1.0000000 

SM:Stuttgart RSC Segmented/ECP
EMSL BASIS SET LIBRARY

  5
    0    1    2    3    4
   10    8    5    4    3
   14   13   10    8    6

 70078.1710000 10598.3840000  2413.8660000   677.4031000   208.5073000
    39.3663000    27.9875000    14.3426000     3.6128000     1.8452000
     0.6875000     0.3001000     0.0539000     0.0224000

 0.0000970  0.0000000  0.0000000  0.0000000  0.0000000  0.0000000  0.0000000 
 0.0000000  0.0000000  0.0000000 
 0.0007300  0.0000000  0.0000000  0.0000000  0.0000000  0.0000000  0.0000000 
 0.0000000  0.0000000  0.0000000 
 0.0035230  0.0000000  0.0000000  0.0000000  0.0000000  0.0000000  0.0000000 
 0.0000000  0.0000000  0.0000000 
 0.0108730  0.0000000  0.0000000  0.0000000  0.0000000  0.0000000  0.0000000 
 0.0000000  0.0000000  0.0000000 
 0.0178240  0.0000000  0.0000000  0.0000000  0.0000000  0.0000000  0.0000000 
 0.0000000  0.0000000  0.0000000 
 0.0000000  1.0000000  0.0000000  0.0000000  0.0000000  0.0000000  0.0000000 
 0.0000000  0.0000000  0.0000000 
 0.0000000  0.0000000  1.0000000  0.0000000  0.0000000  0.0000000  0.0000000 
 0.0000000  0.0000000  0.0000000 
 0.0000000  0.0000000  0.0000000  1.0000000  0.0000000  0.0000000  0.0000000 
 0.0000000  0.0000000  0.0000000 
 0.0000000  0.0000000  0.0000000  0.0000000  1.0000000  0.0000000  0.0000000 
 0.0000000  0.0000000  0.0000000 
 0.0000000  0.0000000  0.0000000  0.0000000  0.0000000  1.0000000  0.0000000 
 0.0000000  0.0000000  0.0000000 
 0.0000000  0.0000000  0.0000000  0.0000000  0.0000000  0.0000000  1.0000000 
 0.0000000  0.0000000  0.0000000 
 0.0000000  0.0000000  0.0000000  0.0000000  0.0000000  0.0000000  0.0000000 
 1.0000000  0.0000000  0.0000000 
 0.0000000  0.0000000  0.0000000  0.0000000  0.0000000  0.0000000  0.0000000 
 0.0000000  1.0000000  0.0000000 
 0.0000000  0.0000000  0.0000000  0.0000000  0.0000000  0.0000000  0.0000000 
 0.0000000  0.0000000  1.0000000 

  3990.1950000  1108.0621000   385.8132000   134.9763000    28.6199000
    20.3175000    14.3899000     5.3093000     2.6908000     1.2202000
     0.5726000     0.2467000     0.0800000

 0.0000330  0.0000000  0.0000000  0.0000000  0.0000000  0.0000000  0.0000000 
 0.0000000 
 0.0002050  0.0000000  0.0000000  0.0000000  0.0000000  0.0000000  0.0000000 
 0.0000000 
 0.0009830  0.0000000  0.0000000  0.0000000  0.0000000  0.0000000  0.0000000 
 0.0000000 
 0.0038820  0.0000000  0.0000000  0.0000000  0.0000000  0.0000000  0.0000000 
 0.0000000 
 0.0640560  0.0000000  0.0000000  0.0000000  0.0000000  0.0000000  0.0000000 
 0.0000000 
-0.0226840  0.0000000  0.0000000  0.0000000  0.0000000  0.0000000  0.0000000 
 0.0000000 
 0.0000000  1.0000000  0.0000000  0.0000000  0.0000000  0.0000000  0.0000000 
 0.0000000 
 0.0000000  0.0000000  1.0000000  0.0000000  0.0000000  0.0000000  0.0000000 
 0.0000000 
 0.0000000  0.0000000  0.0000000  1.0000000  0.0000000  0.0000000  0.0000000 
 0.0000000 
 0.0000000  0.0000000  0.0000000  0.0000000  1.0000000  0.0000000  0.0000000 
 0.0000000 
 0.0000000  0.0000000  0.0000000  0.0000000  0.0000000  1.0000000  0.0000000 
 0.0000000 
 0.0000000  0.0000000  0.0000000  0.0000000  0.0000000  0.0000000  1.0000000 
 0.0000000 
 0.0000000  0.0000000  0.0000000  0.0000000  0.0000000  0.0000000  0.0000000 
 1.0000000 

   398.0154000   115.5466000    41.8937000    20.7743000     7.5304000
     4.0454000     2.1012000     1.0105000     0.3475000     0.1083000

 0.0004330  0.0000000  0.0000000  0.0000000  0.0000000 
 0.0038520  0.0000000  0.0000000  0.0000000  0.0000000 
 0.0173240  0.0000000  0.0000000  0.0000000  0.0000000 
 0.0057430  0.0000000  0.0000000  0.0000000  0.0000000 
 0.2599830  0.0000000  0.0000000  0.0000000  0.0000000 
 0.4314780  0.0000000  0.0000000  0.0000000  0.0000000 
 0.0000000  1.0000000  0.0000000  0.0000000  0.0000000 
 0.0000000  0.0000000  1.0000000  0.0000000  0.0000000 
 0.0000000  0.0000000  0.0000000  1.0000000  0.0000000 
 0.0000000  0.0000000  0.0000000  0.0000000  1.0000000 

   127.1863000    45.9396000    20.6234000     9.3855000     4.2790000
     1.8883000     0.7748000     0.2776000

 0.0030500  0.0000000  0.0000000  0.0000000 
 0.0311450  0.0000000  0.0000000  0.0000000 
 0.1136240  0.0000000  0.0000000  0.0000000 
 0.2401280  0.0000000  0.0000000  0.0000000 
 0.3476520  0.0000000  0.0000000  0.0000000 
 0.0000000  1.0000000  0.0000000  0.0000000 
 0.0000000  0.0000000  1.0000000  0.0000000 
 0.0000000  0.0000000  0.0000000  1.0000000 

    20.6234000     9.3855000     4.2790000     1.8883000     0.7748000
     0.2776000

 0.0164050  0.0000000  0.0000000 
 0.0675510  0.0000000  0.0000000 
 0.1454720  0.0000000  0.0000000 
 0.3532230  0.0000000  0.0000000 
 0.0000000  1.0000000  0.0000000 
 0.0000000  0.0000000  1.0000000 

EU:Stuttgart RSC Segmented/ECP
EMSL BASIS SET LIBRARY

  5
    0    1    2    3    4
   10    8    5    4    3
   14   13   10    8    6

 70059.4200000 10776.2350000  2482.4901000   702.1526000   216.7926000
    41.4950000    29.4969000    15.0309000     3.7772000     1.9219000
     0.7131000     0.3097000     0.0549000     0.0227000

 0.0000970  0.0000000  0.0000000  0.0000000  0.0000000  0.0000000  0.0000000 
 0.0000000  0.0000000  0.0000000 
 0.0007070  0.0000000  0.0000000  0.0000000  0.0000000  0.0000000  0.0000000 
 0.0000000  0.0000000  0.0000000 
 0.0033620  0.0000000  0.0000000  0.0000000  0.0000000  0.0000000  0.0000000 
 0.0000000  0.0000000  0.0000000 
 0.0102060  0.0000000  0.0000000  0.0000000  0.0000000  0.0000000  0.0000000 
 0.0000000  0.0000000  0.0000000 
 0.0165970  0.0000000  0.0000000  0.0000000  0.0000000  0.0000000  0.0000000 
 0.0000000  0.0000000  0.0000000 
 0.0000000  1.0000000  0.0000000  0.0000000  0.0000000  0.0000000  0.0000000 
 0.0000000  0.0000000  0.0000000 
 0.0000000  0.0000000  1.0000000  0.0000000  0.0000000  0.0000000  0.0000000 
 0.0000000  0.0000000  0.0000000 
 0.0000000  0.0000000  0.0000000  1.0000000  0.0000000  0.0000000  0.0000000 
 0.0000000  0.0000000  0.0000000 
 0.0000000  0.0000000  0.0000000  0.0000000  1.0000000  0.0000000  0.0000000 
 0.0000000  0.0000000  0.0000000 
 0.0000000  0.0000000  0.0000000  0.0000000  0.0000000  1.0000000  0.0000000 
 0.0000000  0.0000000  0.0000000 
 0.0000000  0.0000000  0.0000000  0.0000000  0.0000000  0.0000000  1.0000000 
 0.0000000  0.0000000  0.0000000 
 0.0000000  0.0000000  0.0000000  0.0000000  0.0000000  0.0000000  0.0000000 
 1.0000000  0.0000000  0.0000000 
 0.0000000  0.0000000  0.0000000  0.0000000  0.0000000  0.0000000  0.0000000 
 0.0000000  1.0000000  0.0000000 
 0.0000000  0.0000000  0.0000000  0.0000000  0.0000000  0.0000000  0.0000000 
 0.0000000  0.0000000  1.0000000 

  4058.0207000  1023.3259000   339.3852000   122.3485000    29.0558000
    20.6269000    14.6179000     5.4444000     2.7414000     1.2283000
     0.5769000     0.2489000     0.0800000

 0.0000480  0.0000000  0.0000000  0.0000000  0.0000000  0.0000000  0.0000000 
 0.0000000 
 0.0003570  0.0000000  0.0000000  0.0000000  0.0000000  0.0000000  0.0000000 
 0.0000000 
 0.0016870  0.0000000  0.0000000  0.0000000  0.0000000  0.0000000  0.0000000 
 0.0000000 
 0.0056930  0.0000000  0.0000000  0.0000000  0.0000000  0.0000000  0.0000000 
 0.0000000 
 0.0723980  0.0000000  0.0000000  0.0000000  0.0000000  0.0000000  0.0000000 
 0.0000000 
-0.0468070  0.0000000  0.0000000  0.0000000  0.0000000  0.0000000  0.0000000 
 0.0000000 
 0.0000000  1.0000000  0.0000000  0.0000000  0.0000000  0.0000000  0.0000000 
 0.0000000 
 0.0000000  0.0000000  1.0000000  0.0000000  0.0000000  0.0000000  0.0000000 
 0.0000000 
 0.0000000  0.0000000  0.0000000  1.0000000  0.0000000  0.0000000  0.0000000 
 0.0000000 
 0.0000000  0.0000000  0.0000000  0.0000000  1.0000000  0.0000000  0.0000000 
 0.0000000 
 0.0000000  0.0000000  0.0000000  0.0000000  0.0000000  1.0000000  0.0000000 
 0.0000000 
 0.0000000  0.0000000  0.0000000  0.0000000  0.0000000  0.0000000  1.0000000 
 0.0000000 
 0.0000000  0.0000000  0.0000000  0.0000000  0.0000000  0.0000000  0.0000000 
 1.0000000 

   389.0841000   117.7602000    44.9869000    22.8599000     7.8331000
     4.1134000     2.0999000     1.0043000     0.3422000     0.1051000

 0.0005340  0.0000000  0.0000000  0.0000000  0.0000000 
 0.0042580  0.0000000  0.0000000  0.0000000  0.0000000 
 0.0171600  0.0000000  0.0000000  0.0000000  0.0000000 
 0.0124270  0.0000000  0.0000000  0.0000000  0.0000000 
 0.2704160  0.0000000  0.0000000  0.0000000  0.0000000 
 0.4452720  0.0000000  0.0000000  0.0000000  0.0000000 
 0.0000000  1.0000000  0.0000000  0.0000000  0.0000000 
 0.0000000  0.0000000  1.0000000  0.0000000  0.0000000 
 0.0000000  0.0000000  0.0000000  1.0000000  0.0000000 
 0.0000000  0.0000000  0.0000000  0.0000000  1.0000000 

   128.2341000    46.2685000    20.7366000     9.4479000     4.3149000
     1.9121000     0.7897000     0.2859000

 0.0034240  0.0000000  0.0000000  0.0000000 
 0.0343130  0.0000000  0.0000000  0.0000000 
 0.1231940  0.0000000  0.0000000  0.0000000 
 0.2518240  0.0000000  0.0000000  0.0000000 
 0.3512920  0.0000000  0.0000000  0.0000000 
 0.0000000  1.0000000  0.0000000  0.0000000 
 0.0000000  0.0000000  1.0000000  0.0000000 
 0.0000000  0.0000000  0.0000000  1.0000000 

    20.7366000     9.4479000     4.3149000     1.9121000     0.7897000
     0.2859000

 0.0265160  0.0000000  0.0000000 
 0.0990660  0.0000000  0.0000000 
 0.2133780  0.0000000  0.0000000 
 0.4537130  0.0000000  0.0000000 
 0.0000000  1.0000000  0.0000000 
 0.0000000  0.0000000  1.0000000 

GD:Stuttgart RSC Segmented/ECP
EMSL BASIS SET LIBRARY

  5
    0    1    2    3    4
   10    8    5    4    3
   14   13   10    8    6

 70672.9820000 10580.4200000  2467.2196000   710.3055000   223.6934000
    42.8845000    30.5952000    15.7923000     3.9598000     2.0077000
     0.7494000     0.3241000     0.0578000     0.0237000

 0.0001350  0.0000000  0.0000000  0.0000000  0.0000000  0.0000000  0.0000000 
 0.0000000  0.0000000  0.0000000 
 0.0010060  0.0000000  0.0000000  0.0000000  0.0000000  0.0000000  0.0000000 
 0.0000000  0.0000000  0.0000000 
 0.0046050  0.0000000  0.0000000  0.0000000  0.0000000  0.0000000  0.0000000 
 0.0000000  0.0000000  0.0000000 
 0.0135770  0.0000000  0.0000000  0.0000000  0.0000000  0.0000000  0.0000000 
 0.0000000  0.0000000  0.0000000 
 0.0209150  0.0000000  0.0000000  0.0000000  0.0000000  0.0000000  0.0000000 
 0.0000000  0.0000000  0.0000000 
 0.0000000  1.0000000  0.0000000  0.0000000  0.0000000  0.0000000  0.0000000 
 0.0000000  0.0000000  0.0000000 
 0.0000000  0.0000000  1.0000000  0.0000000  0.0000000  0.0000000  0.0000000 
 0.0000000  0.0000000  0.0000000 
 0.0000000  0.0000000  0.0000000  1.0000000  0.0000000  0.0000000  0.0000000 
 0.0000000  0.0000000  0.0000000 
 0.0000000  0.0000000  0.0000000  0.0000000  1.0000000  0.0000000  0.0000000 
 0.0000000  0.0000000  0.0000000 
 0.0000000  0.0000000  0.0000000  0.0000000  0.0000000  1.0000000  0.0000000 
 0.0000000  0.0000000  0.0000000 
 0.0000000  0.0000000  0.0000000  0.0000000  0.0000000  0.0000000  1.0000000 
 0.0000000  0.0000000  0.0000000 
 0.0000000  0.0000000  0.0000000  0.0000000  0.0000000  0.0000000  0.0000000 
 1.0000000  0.0000000  0.0000000 
 0.0000000  0.0000000  0.0000000  0.0000000  0.0000000  0.0000000  0.0000000 
 0.0000000  1.0000000  0.0000000 
 0.0000000  0.0000000  0.0000000  0.0000000  0.0000000  0.0000000  0.0000000 
 0.0000000  0.0000000  1.0000000 

  4319.8879000  1015.3970000   323.7258000   116.2394000    29.2018000
    20.8353000    14.8568000     5.5541000     2.7918000     1.2482000
     0.5843000     0.2512000     0.0800000

 0.0000580  0.0000000  0.0000000  0.0000000  0.0000000  0.0000000  0.0000000 
 0.0000000 
 0.0004930  0.0000000  0.0000000  0.0000000  0.0000000  0.0000000  0.0000000 
 0.0000000 
 0.0023880  0.0000000  0.0000000  0.0000000  0.0000000  0.0000000  0.0000000 
 0.0000000 
 0.0075040  0.0000000  0.0000000  0.0000000  0.0000000  0.0000000  0.0000000 
 0.0000000 
 0.0811450  0.0000000  0.0000000  0.0000000  0.0000000  0.0000000  0.0000000 
 0.0000000 
-0.0661540  0.0000000  0.0000000  0.0000000  0.0000000  0.0000000  0.0000000 
 0.0000000 
 0.0000000  1.0000000  0.0000000  0.0000000  0.0000000  0.0000000  0.0000000 
 0.0000000 
 0.0000000  0.0000000  1.0000000  0.0000000  0.0000000  0.0000000  0.0000000 
 0.0000000 
 0.0000000  0.0000000  0.0000000  1.0000000  0.0000000  0.0000000  0.0000000 
 0.0000000 
 0.0000000  0.0000000  0.0000000  0.0000000  1.0000000  0.0000000  0.0000000 
 0.0000000 
 0.0000000  0.0000000  0.0000000  0.0000000  0.0000000  1.0000000  0.0000000 
 0.0000000 
 0.0000000  0.0000000  0.0000000  0.0000000  0.0000000  0.0000000  1.0000000 
 0.0000000 
 0.0000000  0.0000000  0.0000000  0.0000000  0.0000000  0.0000000  0.0000000 
 1.0000000 

   406.0994000   122.4205000    46.3679000    20.7289000     7.9773000
     4.1175000     2.0783000     0.9888000     0.3389000     0.1037000

 0.0006550  0.0000000  0.0000000  0.0000000  0.0000000 
 0.0053410  0.0000000  0.0000000  0.0000000  0.0000000 
 0.0221800  0.0000000  0.0000000  0.0000000  0.0000000 
 0.0296300  0.0000000  0.0000000  0.0000000  0.0000000 
 0.2882700  0.0000000  0.0000000  0.0000000  0.0000000 
 0.4496780  0.0000000  0.0000000  0.0000000  0.0000000 
 0.0000000  1.0000000  0.0000000  0.0000000  0.0000000 
 0.0000000  0.0000000  1.0000000  0.0000000  0.0000000 
 0.0000000  0.0000000  0.0000000  1.0000000  0.0000000 
 0.0000000  0.0000000  0.0000000  0.0000000  1.0000000 

   128.7052000    46.5647000    20.8882000     9.5233000     4.3476000
     1.9241000     0.7926000     0.2855000

 0.0039700  0.0000000  0.0000000  0.0000000 
 0.0387350  0.0000000  0.0000000  0.0000000 
 0.1339580  0.0000000  0.0000000  0.0000000 
 0.2628350  0.0000000  0.0000000  0.0000000 
 0.3539110  0.0000000  0.0000000  0.0000000 
 0.0000000  1.0000000  0.0000000  0.0000000 
 0.0000000  0.0000000  1.0000000  0.0000000 
 0.0000000  0.0000000  0.0000000  1.0000000 

    20.8882000     9.5233000     4.3476000     1.9241000     0.7926000
     0.2855000

 0.0270730  0.0000000  0.0000000 
 0.0941740  0.0000000  0.0000000 
 0.2052010  0.0000000  0.0000000 
 0.4039790  0.0000000  0.0000000 
 0.0000000  1.0000000  0.0000000 
 0.0000000  0.0000000  1.0000000 

TB:Stuttgart RSC Segmented/ECP
EMSL BASIS SET LIBRARY

  5
    0    1    2    3    4
   10    8    5    4    3
   14   13   10    8    6

 72672.9820000 10989.4670000  2527.1175000   721.0102000   226.9182000
    46.0846000    30.5157000    15.7632000     4.0394000     2.0660000
     0.7496000     0.3239000     0.0561000     0.0231000

 0.0001450  0.0000000  0.0000000  0.0000000  0.0000000  0.0000000  0.0000000 
 0.0000000  0.0000000  0.0000000 
 0.0010810  0.0000000  0.0000000  0.0000000  0.0000000  0.0000000  0.0000000 
 0.0000000  0.0000000  0.0000000 
 0.0050610  0.0000000  0.0000000  0.0000000  0.0000000  0.0000000  0.0000000 
 0.0000000  0.0000000  0.0000000 
 0.0147270  0.0000000  0.0000000  0.0000000  0.0000000  0.0000000  0.0000000 
 0.0000000  0.0000000  0.0000000 
 0.0220290  0.0000000  0.0000000  0.0000000  0.0000000  0.0000000  0.0000000 
 0.0000000  0.0000000  0.0000000 
 0.0000000  1.0000000  0.0000000  0.0000000  0.0000000  0.0000000  0.0000000 
 0.0000000  0.0000000  0.0000000 
 0.0000000  0.0000000  1.0000000  0.0000000  0.0000000  0.0000000  0.0000000 
 0.0000000  0.0000000  0.0000000 
 0.0000000  0.0000000  0.0000000  1.0000000  0.0000000  0.0000000  0.0000000 
 0.0000000  0.0000000  0.0000000 
 0.0000000  0.0000000  0.0000000  0.0000000  1.0000000  0.0000000  0.0000000 
 0.0000000  0.0000000  0.0000000 
 0.0000000  0.0000000  0.0000000  0.0000000  0.0000000  1.0000000  0.0000000 
 0.0000000  0.0000000  0.0000000 
 0.0000000  0.0000000  0.0000000  0.0000000  0.0000000  0.0000000  1.0000000 
 0.0000000  0.0000000  0.0000000 
 0.0000000  0.0000000  0.0000000  0.0000000  0.0000000  0.0000000  0.0000000 
 1.0000000  0.0000000  0.0000000 
 0.0000000  0.0000000  0.0000000  0.0000000  0.0000000  0.0000000  0.0000000 
 0.0000000  1.0000000  0.0000000 
 0.0000000  0.0000000  0.0000000  0.0000000  0.0000000  0.0000000  0.0000000 
 0.0000000  0.0000000  1.0000000 

  4392.6675000  1041.2891000   334.5007000   120.9811000    32.2707000
    22.8378000    16.2183000     5.7987000     2.8898000     1.2536000
     0.5914000     0.2560000     0.0800000

 0.0000700  0.0000000  0.0000000  0.0000000  0.0000000  0.0000000  0.0000000 
 0.0000000 
 0.0005860  0.0000000  0.0000000  0.0000000  0.0000000  0.0000000  0.0000000 
 0.0000000 
 0.0027880  0.0000000  0.0000000  0.0000000  0.0000000  0.0000000  0.0000000 
 0.0000000 
 0.0087100  0.0000000  0.0000000  0.0000000  0.0000000  0.0000000  0.0000000 
 0.0000000 
 0.0659420  0.0000000  0.0000000  0.0000000  0.0000000  0.0000000  0.0000000 
 0.0000000 
-0.0222870  0.0000000  0.0000000  0.0000000  0.0000000  0.0000000  0.0000000 
 0.0000000 
 0.0000000  1.0000000  0.0000000  0.0000000  0.0000000  0.0000000  0.0000000 
 0.0000000 
 0.0000000  0.0000000  1.0000000  0.0000000  0.0000000  0.0000000  0.0000000 
 0.0000000 
 0.0000000  0.0000000  0.0000000  1.0000000  0.0000000  0.0000000  0.0000000 
 0.0000000 
 0.0000000  0.0000000  0.0000000  0.0000000  1.0000000  0.0000000  0.0000000 
 0.0000000 
 0.0000000  0.0000000  0.0000000  0.0000000  0.0000000  1.0000000  0.0000000 
 0.0000000 
 0.0000000  0.0000000  0.0000000  0.0000000  0.0000000  0.0000000  1.0000000 
 0.0000000 
 0.0000000  0.0000000  0.0000000  0.0000000  0.0000000  0.0000000  0.0000000 
 1.0000000 

   410.8307000   123.8355000    47.0131000    20.2989000     8.0138000
     4.0855000     2.0516000     0.9838000     0.3420000     0.1058000

 0.0008490  0.0000000  0.0000000  0.0000000  0.0000000 
 0.0069370  0.0000000  0.0000000  0.0000000  0.0000000 
 0.0285330  0.0000000  0.0000000  0.0000000  0.0000000 
 0.0503420  0.0000000  0.0000000  0.0000000  0.0000000 
 0.3016330  0.0000000  0.0000000  0.0000000  0.0000000 
 0.4481780  0.0000000  0.0000000  0.0000000  0.0000000 
 0.0000000  1.0000000  0.0000000  0.0000000  0.0000000 
 0.0000000  0.0000000  1.0000000  0.0000000  0.0000000 
 0.0000000  0.0000000  0.0000000  1.0000000  0.0000000 
 0.0000000  0.0000000  0.0000000  0.0000000  1.0000000 

   128.9666000    46.7861000    21.0021000     9.5773000     4.3716000
     1.9343000     0.7960000     0.2866000

 0.0045880  0.0000000  0.0000000  0.0000000 
 0.0435630  0.0000000  0.0000000  0.0000000 
 0.1448800  0.0000000  0.0000000  0.0000000 
 0.2724300  0.0000000  0.0000000  0.0000000 
 0.3536520  0.0000000  0.0000000  0.0000000 
 0.0000000  1.0000000  0.0000000  0.0000000 
 0.0000000  0.0000000  1.0000000  0.0000000 
 0.0000000  0.0000000  0.0000000  1.0000000 

    21.0021000     9.5773000     4.3716000     1.9343000     0.7960000
     0.2866000

 0.0330820  0.0000000  0.0000000 
 0.1074750  0.0000000  0.0000000 
 0.2322780  0.0000000  0.0000000 
 0.4238970  0.0000000  0.0000000 
 0.0000000  1.0000000  0.0000000 
 0.0000000  0.0000000  1.0000000 

DY:Stuttgart RSC Segmented/ECP
EMSL BASIS SET LIBRARY

  5
    0    1    2    3    4
   10    8    5    4    3
   14   13   10    8    6

 78529.7430000 11854.6990000  2719.9807000   772.4036000   242.0320000
    48.3562000    31.8806000    16.8609000     4.2155000     2.1287000
     0.7889000     0.3383000     0.0581000     0.0238000

 0.0001380  0.0000000  0.0000000  0.0000000  0.0000000  0.0000000  0.0000000 
 0.0000000  0.0000000  0.0000000 
 0.0010330  0.0000000  0.0000000  0.0000000  0.0000000  0.0000000  0.0000000 
 0.0000000  0.0000000  0.0000000 
 0.0048610  0.0000000  0.0000000  0.0000000  0.0000000  0.0000000  0.0000000 
 0.0000000  0.0000000  0.0000000 
 0.0143400  0.0000000  0.0000000  0.0000000  0.0000000  0.0000000  0.0000000 
 0.0000000  0.0000000  0.0000000 
 0.0216200  0.0000000  0.0000000  0.0000000  0.0000000  0.0000000  0.0000000 
 0.0000000  0.0000000  0.0000000 
 0.0000000  1.0000000  0.0000000  0.0000000  0.0000000  0.0000000  0.0000000 
 0.0000000  0.0000000  0.0000000 
 0.0000000  0.0000000  1.0000000  0.0000000  0.0000000  0.0000000  0.0000000 
 0.0000000  0.0000000  0.0000000 
 0.0000000  0.0000000  0.0000000  1.0000000  0.0000000  0.0000000  0.0000000 
 0.0000000  0.0000000  0.0000000 
 0.0000000  0.0000000  0.0000000  0.0000000  1.0000000  0.0000000  0.0000000 
 0.0000000  0.0000000  0.0000000 
 0.0000000  0.0000000  0.0000000  0.0000000  0.0000000  1.0000000  0.0000000 
 0.0000000  0.0000000  0.0000000 
 0.0000000  0.0000000  0.0000000  0.0000000  0.0000000  0.0000000  1.0000000 
 0.0000000  0.0000000  0.0000000 
 0.0000000  0.0000000  0.0000000  0.0000000  0.0000000  0.0000000  0.0000000 
 1.0000000  0.0000000  0.0000000 
 0.0000000  0.0000000  0.0000000  0.0000000  0.0000000  0.0000000  0.0000000 
 0.0000000  1.0000000  0.0000000 
 0.0000000  0.0000000  0.0000000  0.0000000  0.0000000  0.0000000  0.0000000 
 0.0000000  0.0000000  1.0000000 

  4069.1626000   962.2598000   308.6009000   112.4099000    32.2707000
    22.8378000    16.3088000     5.8807000     2.9213000     1.2585000
     0.5926000     0.2569000     0.0800000

 0.0001190  0.0000000  0.0000000  0.0000000  0.0000000  0.0000000  0.0000000 
 0.0000000 
 0.0009870  0.0000000  0.0000000  0.0000000  0.0000000  0.0000000  0.0000000 
 0.0000000 
 0.0046080  0.0000000  0.0000000  0.0000000  0.0000000  0.0000000  0.0000000 
 0.0000000 
 0.0133620  0.0000000  0.0000000  0.0000000  0.0000000  0.0000000  0.0000000 
 0.0000000 
 0.0764440  0.0000000  0.0000000  0.0000000  0.0000000  0.0000000  0.0000000 
 0.0000000 
-0.0398610  0.0000000  0.0000000  0.0000000  0.0000000  0.0000000  0.0000000 
 0.0000000 
 0.0000000  1.0000000  0.0000000  0.0000000  0.0000000  0.0000000  0.0000000 
 0.0000000 
 0.0000000  0.0000000  1.0000000  0.0000000  0.0000000  0.0000000  0.0000000 
 0.0000000 
 0.0000000  0.0000000  0.0000000  1.0000000  0.0000000  0.0000000  0.0000000 
 0.0000000 
 0.0000000  0.0000000  0.0000000  0.0000000  1.0000000  0.0000000  0.0000000 
 0.0000000 
 0.0000000  0.0000000  0.0000000  0.0000000  0.0000000  1.0000000  0.0000000 
 0.0000000 
 0.0000000  0.0000000  0.0000000  0.0000000  0.0000000  0.0000000  1.0000000 
 0.0000000 
 0.0000000  0.0000000  0.0000000  0.0000000  0.0000000  0.0000000  0.0000000 
 1.0000000 

   409.8032000   123.7104000    47.0976000    20.1202000     8.1571000
     4.1474000     2.0825000     0.9998000     0.3202000     0.0913000

 0.0010460  0.0000000  0.0000000  0.0000000  0.0000000 
 0.0084480  0.0000000  0.0000000  0.0000000  0.0000000 
 0.0339450  0.0000000  0.0000000  0.0000000  0.0000000 
 0.0633130  0.0000000  0.0000000  0.0000000  0.0000000 
 0.3105420  0.0000000  0.0000000  0.0000000  0.0000000 
 0.4432760  0.0000000  0.0000000  0.0000000  0.0000000 
 0.0000000  1.0000000  0.0000000  0.0000000  0.0000000 
 0.0000000  0.0000000  1.0000000  0.0000000  0.0000000 
 0.0000000  0.0000000  0.0000000  1.0000000  0.0000000 
 0.0000000  0.0000000  0.0000000  0.0000000  1.0000000 

   129.6274000    47.1727000    21.1586000     9.6381000     4.3953000
     1.9426000     0.7980000     0.2866000

 0.0052520  0.0000000  0.0000000  0.0000000 
 0.0484900  0.0000000  0.0000000  0.0000000 
 0.1547520  0.0000000  0.0000000  0.0000000 
 0.2811700  0.0000000  0.0000000  0.0000000 
 0.3538280  0.0000000  0.0000000  0.0000000 
 0.0000000  1.0000000  0.0000000  0.0000000 
 0.0000000  0.0000000  1.0000000  0.0000000 
 0.0000000  0.0000000  0.0000000  1.0000000 

    21.1586000     9.6381000     4.3953000     1.9426000     0.7980000
     0.2866000

 0.0409200  0.0000000  0.0000000 
 0.1254970  0.0000000  0.0000000 
 0.2683970  0.0000000  0.0000000 
 0.4515950  0.0000000  0.0000000 
 0.0000000  1.0000000  0.0000000 
 0.0000000  0.0000000  1.0000000 

HO:Stuttgart RSC Segmented/ECP
EMSL BASIS SET LIBRARY

  5
    0    1    2    3    4
   10    8    5    4    3
   14   13   10    8    6

 86373.9550000 13014.2000000  2974.2417000   840.7710000   258.1223000
    49.7648000    35.5463000    18.1290000     4.4456000     2.2170000
     0.8329000     0.3544000     0.0597000     0.0244000

 0.0000780  0.0000000  0.0000000  0.0000000  0.0000000  0.0000000  0.0000000 
 0.0000000  0.0000000  0.0000000 
 0.0005880  0.0000000  0.0000000  0.0000000  0.0000000  0.0000000  0.0000000 
 0.0000000  0.0000000  0.0000000 
 0.0028010  0.0000000  0.0000000  0.0000000  0.0000000  0.0000000  0.0000000 
 0.0000000  0.0000000  0.0000000 
 0.0083640  0.0000000  0.0000000  0.0000000  0.0000000  0.0000000  0.0000000 
 0.0000000  0.0000000  0.0000000 
 0.0134190  0.0000000  0.0000000  0.0000000  0.0000000  0.0000000  0.0000000 
 0.0000000  0.0000000  0.0000000 
 0.0000000  1.0000000  0.0000000  0.0000000  0.0000000  0.0000000  0.0000000 
 0.0000000  0.0000000  0.0000000 
 0.0000000  0.0000000  1.0000000  0.0000000  0.0000000  0.0000000  0.0000000 
 0.0000000  0.0000000  0.0000000 
 0.0000000  0.0000000  0.0000000  1.0000000  0.0000000  0.0000000  0.0000000 
 0.0000000  0.0000000  0.0000000 
 0.0000000  0.0000000  0.0000000  0.0000000  1.0000000  0.0000000  0.0000000 
 0.0000000  0.0000000  0.0000000 
 0.0000000  0.0000000  0.0000000  0.0000000  0.0000000  1.0000000  0.0000000 
 0.0000000  0.0000000  0.0000000 
 0.0000000  0.0000000  0.0000000  0.0000000  0.0000000  0.0000000  1.0000000 
 0.0000000  0.0000000  0.0000000 
 0.0000000  0.0000000  0.0000000  0.0000000  0.0000000  0.0000000  0.0000000 
 1.0000000  0.0000000  0.0000000 
 0.0000000  0.0000000  0.0000000  0.0000000  0.0000000  0.0000000  0.0000000 
 0.0000000  1.0000000  0.0000000 
 0.0000000  0.0000000  0.0000000  0.0000000  0.0000000  0.0000000  0.0000000 
 0.0000000  0.0000000  1.0000000 

  4325.3814000  1002.3283000   312.0385000   110.7381000    32.1423000
    20.4345000    14.4416000     6.0350000     3.0020000     1.3324000
     0.6127000     0.2627000     0.0800000

 0.0001410  0.0000000  0.0000000  0.0000000  0.0000000  0.0000000  0.0000000 
 0.0000000 
 0.0012200  0.0000000  0.0000000  0.0000000  0.0000000  0.0000000  0.0000000 
 0.0000000 
 0.0060510  0.0000000  0.0000000  0.0000000  0.0000000  0.0000000  0.0000000 
 0.0000000 
 0.0173430  0.0000000  0.0000000  0.0000000  0.0000000  0.0000000  0.0000000 
 0.0000000 
 0.0894980  0.0000000  0.0000000  0.0000000  0.0000000  0.0000000  0.0000000 
 0.0000000 
-0.1382630  0.0000000  0.0000000  0.0000000  0.0000000  0.0000000  0.0000000 
 0.0000000 
 0.0000000  1.0000000  0.0000000  0.0000000  0.0000000  0.0000000  0.0000000 
 0.0000000 
 0.0000000  0.0000000  1.0000000  0.0000000  0.0000000  0.0000000  0.0000000 
 0.0000000 
 0.0000000  0.0000000  0.0000000  1.0000000  0.0000000  0.0000000  0.0000000 
 0.0000000 
 0.0000000  0.0000000  0.0000000  0.0000000  1.0000000  0.0000000  0.0000000 
 0.0000000 
 0.0000000  0.0000000  0.0000000  0.0000000  0.0000000  1.0000000  0.0000000 
 0.0000000 
 0.0000000  0.0000000  0.0000000  0.0000000  0.0000000  0.0000000  1.0000000 
 0.0000000 
 0.0000000  0.0000000  0.0000000  0.0000000  0.0000000  0.0000000  0.0000000 
 1.0000000 

   454.4404000   137.4123000    52.6936000    22.6037000     8.7808000
     4.3752000     2.1022000     0.9073000     0.3172000     0.0975000

 0.0010650  0.0000000  0.0000000  0.0000000  0.0000000 
 0.0087540  0.0000000  0.0000000  0.0000000  0.0000000 
 0.0358960  0.0000000  0.0000000  0.0000000  0.0000000 
 0.0768480  0.0000000  0.0000000  0.0000000  0.0000000 
 0.2922730  0.0000000  0.0000000  0.0000000  0.0000000 
 0.4570920  0.0000000  0.0000000  0.0000000  0.0000000 
 0.0000000  1.0000000  0.0000000  0.0000000  0.0000000 
 0.0000000  0.0000000  1.0000000  0.0000000  0.0000000 
 0.0000000  0.0000000  0.0000000  1.0000000  0.0000000 
 0.0000000  0.0000000  0.0000000  0.0000000  1.0000000 

   136.4678000    49.5692000    22.2471000    10.1359000     4.6186000
     2.0375000     0.8343000     0.2979000

 0.0052300  0.0000000  0.0000000  0.0000000 
 0.0484490  0.0000000  0.0000000  0.0000000 
 0.1562080  0.0000000  0.0000000  0.0000000 
 0.2823840  0.0000000  0.0000000  0.0000000 
 0.3538810  0.0000000  0.0000000  0.0000000 
 0.0000000  1.0000000  0.0000000  0.0000000 
 0.0000000  0.0000000  1.0000000  0.0000000 
 0.0000000  0.0000000  0.0000000  1.0000000 

    22.2471000    10.1359000     4.6186000     2.0375000     0.8343000
     0.2979000

 0.0461140  0.0000000  0.0000000 
 0.1407940  0.0000000  0.0000000 
 0.3015210  0.0000000  0.0000000 
 0.4798700  0.0000000  0.0000000 
 0.0000000  1.0000000  0.0000000 
 0.0000000  0.0000000  1.0000000 

ER:Stuttgart RSC Segmented/ECP
EMSL BASIS SET LIBRARY

  5
    0    1    2    3    4
   10    8    5    4    3
   14   13   10    8    6

 89904.8350000 13532.8740000  3087.3042000   870.1876000   263.4262000
    52.4141000    37.4387000    18.9300000     4.6293000     2.3028000
     0.8646000     0.3661000     0.0605000     0.0247000

 0.0000630  0.0000000  0.0000000  0.0000000  0.0000000  0.0000000  0.0000000 
 0.0000000  0.0000000  0.0000000 
 0.0004730  0.0000000  0.0000000  0.0000000  0.0000000  0.0000000  0.0000000 
 0.0000000  0.0000000  0.0000000 
 0.0022540  0.0000000  0.0000000  0.0000000  0.0000000  0.0000000  0.0000000 
 0.0000000  0.0000000  0.0000000 
 0.0067060  0.0000000  0.0000000  0.0000000  0.0000000  0.0000000  0.0000000 
 0.0000000  0.0000000  0.0000000 
 0.0108820  0.0000000  0.0000000  0.0000000  0.0000000  0.0000000  0.0000000 
 0.0000000  0.0000000  0.0000000 
 0.0000000  1.0000000  0.0000000  0.0000000  0.0000000  0.0000000  0.0000000 
 0.0000000  0.0000000  0.0000000 
 0.0000000  0.0000000  1.0000000  0.0000000  0.0000000  0.0000000  0.0000000 
 0.0000000  0.0000000  0.0000000 
 0.0000000  0.0000000  0.0000000  1.0000000  0.0000000  0.0000000  0.0000000 
 0.0000000  0.0000000  0.0000000 
 0.0000000  0.0000000  0.0000000  0.0000000  1.0000000  0.0000000  0.0000000 
 0.0000000  0.0000000  0.0000000 
 0.0000000  0.0000000  0.0000000  0.0000000  0.0000000  1.0000000  0.0000000 
 0.0000000  0.0000000  0.0000000 
 0.0000000  0.0000000  0.0000000  0.0000000  0.0000000  0.0000000  1.0000000 
 0.0000000  0.0000000  0.0000000 
 0.0000000  0.0000000  0.0000000  0.0000000  0.0000000  0.0000000  0.0000000 
 1.0000000  0.0000000  0.0000000 
 0.0000000  0.0000000  0.0000000  0.0000000  0.0000000  0.0000000  0.0000000 
 0.0000000  1.0000000  0.0000000 
 0.0000000  0.0000000  0.0000000  0.0000000  0.0000000  0.0000000  0.0000000 
 0.0000000  0.0000000  1.0000000 

  3801.9737000   896.7217000   286.4247000   104.4943000    31.1565000
    20.3323000    14.4517000     6.0524000     3.0043000     1.3278000
     0.6093000     0.2629000     0.0800000

 0.0002010  0.0000000  0.0000000  0.0000000  0.0000000  0.0000000  0.0000000 
 0.0000000 
 0.0016420  0.0000000  0.0000000  0.0000000  0.0000000  0.0000000  0.0000000 
 0.0000000 
 0.0074820  0.0000000  0.0000000  0.0000000  0.0000000  0.0000000  0.0000000 
 0.0000000 
 0.0193030  0.0000000  0.0000000  0.0000000  0.0000000  0.0000000  0.0000000 
 0.0000000 
 0.1082750  0.0000000  0.0000000  0.0000000  0.0000000  0.0000000  0.0000000 
 0.0000000 
-0.2083700  0.0000000  0.0000000  0.0000000  0.0000000  0.0000000  0.0000000 
 0.0000000 
 0.0000000  1.0000000  0.0000000  0.0000000  0.0000000  0.0000000  0.0000000 
 0.0000000 
 0.0000000  0.0000000  1.0000000  0.0000000  0.0000000  0.0000000  0.0000000 
 0.0000000 
 0.0000000  0.0000000  0.0000000  1.0000000  0.0000000  0.0000000  0.0000000 
 0.0000000 
 0.0000000  0.0000000  0.0000000  0.0000000  1.0000000  0.0000000  0.0000000 
 0.0000000 
 0.0000000  0.0000000  0.0000000  0.0000000  0.0000000  1.0000000  0.0000000 
 0.0000000 
 0.0000000  0.0000000  0.0000000  0.0000000  0.0000000  0.0000000  1.0000000 
 0.0000000 
 0.0000000  0.0000000  0.0000000  0.0000000  0.0000000  0.0000000  0.0000000 
 1.0000000 

   456.0008000   138.1523000    53.2044000    22.6815000     8.9971000
     4.4298000     2.1154000     0.9092000     0.3110000     0.0933000

 0.0014180  0.0000000  0.0000000  0.0000000  0.0000000 
 0.0115860  0.0000000  0.0000000  0.0000000  0.0000000 
 0.0468490  0.0000000  0.0000000  0.0000000  0.0000000 
 0.1040830  0.0000000  0.0000000  0.0000000  0.0000000 
 0.2884340  0.0000000  0.0000000  0.0000000  0.0000000 
 0.4498330  0.0000000  0.0000000  0.0000000  0.0000000 
 0.0000000  1.0000000  0.0000000  0.0000000  0.0000000 
 0.0000000  0.0000000  1.0000000  0.0000000  0.0000000 
 0.0000000  0.0000000  0.0000000  1.0000000  0.0000000 
 0.0000000  0.0000000  0.0000000  0.0000000  1.0000000 

   137.9575000    49.6732000    22.2754000    10.2123000     4.6589000
     2.0551000     0.8406000     0.2996000

 0.0052180  0.0000000  0.0000000  0.0000000 
 0.0480470  0.0000000  0.0000000  0.0000000 
 0.1636340  0.0000000  0.0000000  0.0000000 
 0.2894830  0.0000000  0.0000000  0.0000000 
 0.3537420  0.0000000  0.0000000  0.0000000 
 0.0000000  1.0000000  0.0000000  0.0000000 
 0.0000000  0.0000000  1.0000000  0.0000000 
 0.0000000  0.0000000  0.0000000  1.0000000 

    22.2754000    10.2123000     4.6589000     2.0551000     0.8406000
     0.2996000

 0.0515640  0.0000000  0.0000000 
 0.1509490  0.0000000  0.0000000 
 0.3175040  0.0000000  0.0000000 
 0.4668440  0.0000000  0.0000000 
 0.0000000  1.0000000  0.0000000 
 0.0000000  0.0000000  1.0000000 

TM:Stuttgart RSC Segmented/ECP
EMSL BASIS SET LIBRARY

  5
    0    1    2    3    4
   10    8    5    4    3
   14   13   10    8    6

 91965.7410000 13821.7180000  3143.9393000   882.0348000   261.8382000
    55.3108000    39.5077000    19.6251000     4.8195000     2.3954000
     0.8926000     0.3765000     0.0615000     0.0250000

 0.0000560  0.0000000  0.0000000  0.0000000  0.0000000  0.0000000  0.0000000 
 0.0000000  0.0000000  0.0000000 
 0.0004200  0.0000000  0.0000000  0.0000000  0.0000000  0.0000000  0.0000000 
 0.0000000  0.0000000  0.0000000 
 0.0020100  0.0000000  0.0000000  0.0000000  0.0000000  0.0000000  0.0000000 
 0.0000000  0.0000000  0.0000000 
 0.0059310  0.0000000  0.0000000  0.0000000  0.0000000  0.0000000  0.0000000 
 0.0000000  0.0000000  0.0000000 
 0.0096710  0.0000000  0.0000000  0.0000000  0.0000000  0.0000000  0.0000000 
 0.0000000  0.0000000  0.0000000 
 0.0000000  1.0000000  0.0000000  0.0000000  0.0000000  0.0000000  0.0000000 
 0.0000000  0.0000000  0.0000000 
 0.0000000  0.0000000  1.0000000  0.0000000  0.0000000  0.0000000  0.0000000 
 0.0000000  0.0000000  0.0000000 
 0.0000000  0.0000000  0.0000000  1.0000000  0.0000000  0.0000000  0.0000000 
 0.0000000  0.0000000  0.0000000 
 0.0000000  0.0000000  0.0000000  0.0000000  1.0000000  0.0000000  0.0000000 
 0.0000000  0.0000000  0.0000000 
 0.0000000  0.0000000  0.0000000  0.0000000  0.0000000  1.0000000  0.0000000 
 0.0000000  0.0000000  0.0000000 
 0.0000000  0.0000000  0.0000000  0.0000000  0.0000000  0.0000000  1.0000000 
 0.0000000  0.0000000  0.0000000 
 0.0000000  0.0000000  0.0000000  0.0000000  0.0000000  0.0000000  0.0000000 
 1.0000000  0.0000000  0.0000000 
 0.0000000  0.0000000  0.0000000  0.0000000  0.0000000  0.0000000  0.0000000 
 0.0000000  1.0000000  0.0000000 
 0.0000000  0.0000000  0.0000000  0.0000000  0.0000000  0.0000000  0.0000000 
 0.0000000  0.0000000  1.0000000 

  3687.3299000   875.1093000   282.4068000   104.3190000    32.9474000
    20.0536000    14.3240000     6.1425000     3.0429000     1.3438000
     0.6140000     0.2649000     0.0800000

 0.0002820  0.0000000  0.0000000  0.0000000  0.0000000  0.0000000  0.0000000 
 0.0000000 
 0.0022560  0.0000000  0.0000000  0.0000000  0.0000000  0.0000000  0.0000000 
 0.0000000 
 0.0099620  0.0000000  0.0000000  0.0000000  0.0000000  0.0000000  0.0000000 
 0.0000000 
 0.0247760  0.0000000  0.0000000  0.0000000  0.0000000  0.0000000  0.0000000 
 0.0000000 
 0.0981640  0.0000000  0.0000000  0.0000000  0.0000000  0.0000000  0.0000000 
 0.0000000 
-0.1952780  0.0000000  0.0000000  0.0000000  0.0000000  0.0000000  0.0000000 
 0.0000000 
 0.0000000  1.0000000  0.0000000  0.0000000  0.0000000  0.0000000  0.0000000 
 0.0000000 
 0.0000000  0.0000000  1.0000000  0.0000000  0.0000000  0.0000000  0.0000000 
 0.0000000 
 0.0000000  0.0000000  0.0000000  1.0000000  0.0000000  0.0000000  0.0000000 
 0.0000000 
 0.0000000  0.0000000  0.0000000  0.0000000  1.0000000  0.0000000  0.0000000 
 0.0000000 
 0.0000000  0.0000000  0.0000000  0.0000000  0.0000000  1.0000000  0.0000000 
 0.0000000 
 0.0000000  0.0000000  0.0000000  0.0000000  0.0000000  0.0000000  1.0000000 
 0.0000000 
 0.0000000  0.0000000  0.0000000  0.0000000  0.0000000  0.0000000  0.0000000 
 1.0000000 

   462.7563000   140.2688000    54.0389000    22.9937000     9.1744000
     4.4985000     2.1434000     0.9195000     0.3131000     0.0934000

 0.0015900  0.0000000  0.0000000  0.0000000  0.0000000 
 0.0128920  0.0000000  0.0000000  0.0000000  0.0000000 
 0.0514160  0.0000000  0.0000000  0.0000000  0.0000000 
 0.1127030  0.0000000  0.0000000  0.0000000  0.0000000 
 0.2947910  0.0000000  0.0000000  0.0000000  0.0000000 
 0.4463680  0.0000000  0.0000000  0.0000000  0.0000000 
 0.0000000  1.0000000  0.0000000  0.0000000  0.0000000 
 0.0000000  0.0000000  1.0000000  0.0000000  0.0000000 
 0.0000000  0.0000000  0.0000000  1.0000000  0.0000000 
 0.0000000  0.0000000  0.0000000  0.0000000  1.0000000 

   139.4592000    50.4688000    22.6469000    10.3467000     4.7136000
     2.0773000     0.8490000     0.3023000

 0.0059800  0.0000000  0.0000000  0.0000000 
 0.0537360  0.0000000  0.0000000  0.0000000 
 0.1723870  0.0000000  0.0000000  0.0000000 
 0.2955520  0.0000000  0.0000000  0.0000000 
 0.3524380  0.0000000  0.0000000  0.0000000 
 0.0000000  1.0000000  0.0000000  0.0000000 
 0.0000000  0.0000000  1.0000000  0.0000000 
 0.0000000  0.0000000  0.0000000  1.0000000 

    22.6469000    10.3467000     4.7136000     2.0773000     0.8490000
     0.3023000

 0.0599650  0.0000000  0.0000000 
 0.1682440  0.0000000  0.0000000 
 0.3429470  0.0000000  0.0000000 
 0.4689910  0.0000000  0.0000000 
 0.0000000  1.0000000  0.0000000 
 0.0000000  0.0000000  1.0000000 

YB:Stuttgart RSC Segmented/ECP
EMSL BASIS SET LIBRARY

  5
    0    1    2    3    4
   10    8    5    4    3
   14   13   10    8    6

 91972.9030000 13787.3710000  3123.6135000   871.4754000   250.4630000
    58.2827000    41.6305000    20.2164000     4.9972000     2.4822000
     0.9179000     0.3853000     0.0614000     0.0250000

 0.0000510  0.0000000  0.0000000  0.0000000  0.0000000  0.0000000  0.0000000 
 0.0000000  0.0000000  0.0000000 
 0.0003860  0.0000000  0.0000000  0.0000000  0.0000000  0.0000000  0.0000000 
 0.0000000  0.0000000  0.0000000 
 0.0018440  0.0000000  0.0000000  0.0000000  0.0000000  0.0000000  0.0000000 
 0.0000000  0.0000000  0.0000000 
 0.0053560  0.0000000  0.0000000  0.0000000  0.0000000  0.0000000  0.0000000 
 0.0000000  0.0000000  0.0000000 
 0.0088590  0.0000000  0.0000000  0.0000000  0.0000000  0.0000000  0.0000000 
 0.0000000  0.0000000  0.0000000 
 0.0000000  1.0000000  0.0000000  0.0000000  0.0000000  0.0000000  0.0000000 
 0.0000000  0.0000000  0.0000000 
 0.0000000  0.0000000  1.0000000  0.0000000  0.0000000  0.0000000  0.0000000 
 0.0000000  0.0000000  0.0000000 
 0.0000000  0.0000000  0.0000000  1.0000000  0.0000000  0.0000000  0.0000000 
 0.0000000  0.0000000  0.0000000 
 0.0000000  0.0000000  0.0000000  0.0000000  1.0000000  0.0000000  0.0000000 
 0.0000000  0.0000000  0.0000000 
 0.0000000  0.0000000  0.0000000  0.0000000  0.0000000  1.0000000  0.0000000 
 0.0000000  0.0000000  0.0000000 
 0.0000000  0.0000000  0.0000000  0.0000000  0.0000000  0.0000000  1.0000000 
 0.0000000  0.0000000  0.0000000 
 0.0000000  0.0000000  0.0000000  0.0000000  0.0000000  0.0000000  0.0000000 
 1.0000000  0.0000000  0.0000000 
 0.0000000  0.0000000  0.0000000  0.0000000  0.0000000  0.0000000  0.0000000 
 0.0000000  1.0000000  0.0000000 
 0.0000000  0.0000000  0.0000000  0.0000000  0.0000000  0.0000000  0.0000000 
 0.0000000  0.0000000  1.0000000 

  3731.9621000   888.0224000   287.9351000   107.1471000    35.3252000
    19.8028000    14.1449000     6.2844000     3.1145000     1.3827000
     0.6273000     0.2703000     0.0800000

 0.0003320  0.0000000  0.0000000  0.0000000  0.0000000  0.0000000  0.0000000 
 0.0000000 
 0.0026300  0.0000000  0.0000000  0.0000000  0.0000000  0.0000000  0.0000000 
 0.0000000 
 0.0114440  0.0000000  0.0000000  0.0000000  0.0000000  0.0000000  0.0000000 
 0.0000000 
 0.0277850  0.0000000  0.0000000  0.0000000  0.0000000  0.0000000  0.0000000 
 0.0000000 
 0.0889280  0.0000000  0.0000000  0.0000000  0.0000000  0.0000000  0.0000000 
 0.0000000 
-0.2024920  0.0000000  0.0000000  0.0000000  0.0000000  0.0000000  0.0000000 
 0.0000000 
 0.0000000  1.0000000  0.0000000  0.0000000  0.0000000  0.0000000  0.0000000 
 0.0000000 
 0.0000000  0.0000000  1.0000000  0.0000000  0.0000000  0.0000000  0.0000000 
 0.0000000 
 0.0000000  0.0000000  0.0000000  1.0000000  0.0000000  0.0000000  0.0000000 
 0.0000000 
 0.0000000  0.0000000  0.0000000  0.0000000  1.0000000  0.0000000  0.0000000 
 0.0000000 
 0.0000000  0.0000000  0.0000000  0.0000000  0.0000000  1.0000000  0.0000000 
 0.0000000 
 0.0000000  0.0000000  0.0000000  0.0000000  0.0000000  0.0000000  1.0000000 
 0.0000000 
 0.0000000  0.0000000  0.0000000  0.0000000  0.0000000  0.0000000  0.0000000 
 1.0000000 

   469.7606000   142.6128000    55.1267000    23.4415000     9.4951000
     4.5792000     2.1646000     0.9238000     0.3107000     0.0914000

 0.0019840  0.0000000  0.0000000  0.0000000  0.0000000 
 0.0160130  0.0000000  0.0000000  0.0000000  0.0000000 
 0.0631530  0.0000000  0.0000000  0.0000000  0.0000000 
 0.1378000  0.0000000  0.0000000  0.0000000  0.0000000 
 0.2854980  0.0000000  0.0000000  0.0000000  0.0000000 
 0.4383090  0.0000000  0.0000000  0.0000000  0.0000000 
 0.0000000  1.0000000  0.0000000  0.0000000  0.0000000 
 0.0000000  0.0000000  1.0000000  0.0000000  0.0000000 
 0.0000000  0.0000000  0.0000000  1.0000000  0.0000000 
 0.0000000  0.0000000  0.0000000  0.0000000  1.0000000 

   142.0293000    51.0862000    22.8741000    10.5025000     4.7872000
     2.1088000     0.8609000     0.3060000

 0.0059570  0.0000000  0.0000000  0.0000000 
 0.0531800  0.0000000  0.0000000  0.0000000 
 0.1780760  0.0000000  0.0000000  0.0000000 
 0.3006000  0.0000000  0.0000000  0.0000000 
 0.3503420  0.0000000  0.0000000  0.0000000 
 0.0000000  1.0000000  0.0000000  0.0000000 
 0.0000000  0.0000000  1.0000000  0.0000000 
 0.0000000  0.0000000  0.0000000  1.0000000 

    22.8741000    10.5025000     4.7872000     2.1088000     0.8609000
     0.3060000

 0.0642830  0.0000000  0.0000000 
 0.1740060  0.0000000  0.0000000 
 0.3434780  0.0000000  0.0000000 
 0.4308010  0.0000000  0.0000000 
 0.0000000  1.0000000  0.0000000 
 0.0000000  0.0000000  1.0000000 

LU:Stuttgart RSC Segmented/ECP
EMSL BASIS SET LIBRARY

  5
    0    1    2    3    4
   10    8    5    4    3
   14   13   10    8    6

 95169.7670000 15488.4030000  3776.2335000  1079.0501000   268.9538000
    63.4679000    45.1332000    21.4568000     5.3483000     2.6778000
     1.0287000     0.4408000     0.0791000     0.0313000

 0.0000220  0.0000000  0.0000000  0.0000000  0.0000000  0.0000000  0.0000000 
 0.0000000  0.0000000  0.0000000 
 0.0001450  0.0000000  0.0000000  0.0000000  0.0000000  0.0000000  0.0000000 
 0.0000000  0.0000000  0.0000000 
 0.0006510  0.0000000  0.0000000  0.0000000  0.0000000  0.0000000  0.0000000 
 0.0000000  0.0000000  0.0000000 
 0.0020380  0.0000000  0.0000000  0.0000000  0.0000000  0.0000000  0.0000000 
 0.0000000  0.0000000  0.0000000 
 0.0051270  0.0000000  0.0000000  0.0000000  0.0000000  0.0000000  0.0000000 
 0.0000000  0.0000000  0.0000000 
 0.0000000  1.0000000  0.0000000  0.0000000  0.0000000  0.0000000  0.0000000 
 0.0000000  0.0000000  0.0000000 
 0.0000000  0.0000000  1.0000000  0.0000000  0.0000000  0.0000000  0.0000000 
 0.0000000  0.0000000  0.0000000 
 0.0000000  0.0000000  0.0000000  1.0000000  0.0000000  0.0000000  0.0000000 
 0.0000000  0.0000000  0.0000000 
 0.0000000  0.0000000  0.0000000  0.0000000  1.0000000  0.0000000  0.0000000 
 0.0000000  0.0000000  0.0000000 
 0.0000000  0.0000000  0.0000000  0.0000000  0.0000000  1.0000000  0.0000000 
 0.0000000  0.0000000  0.0000000 
 0.0000000  0.0000000  0.0000000  0.0000000  0.0000000  0.0000000  1.0000000 
 0.0000000  0.0000000  0.0000000 
 0.0000000  0.0000000  0.0000000  0.0000000  0.0000000  0.0000000  0.0000000 
 1.0000000  0.0000000  0.0000000 
 0.0000000  0.0000000  0.0000000  0.0000000  0.0000000  0.0000000  0.0000000 
 0.0000000  1.0000000  0.0000000 
 0.0000000  0.0000000  0.0000000  0.0000000  0.0000000  0.0000000  0.0000000 
 0.0000000  0.0000000  1.0000000 

  4043.9748000   958.8771000   309.1220000   114.2203000    37.1091000
    20.4579000    14.5932000     6.5275000     3.2448000     1.4504000
     0.6635000     0.2858000     0.0800000

 0.0002940  0.0000000  0.0000000  0.0000000  0.0000000  0.0000000  0.0000000 
 0.0000000 
 0.0023530  0.0000000  0.0000000  0.0000000  0.0000000  0.0000000  0.0000000 
 0.0000000 
 0.0104410  0.0000000  0.0000000  0.0000000  0.0000000  0.0000000  0.0000000 
 0.0000000 
 0.0258280  0.0000000  0.0000000  0.0000000  0.0000000  0.0000000  0.0000000 
 0.0000000 
 0.0850470  0.0000000  0.0000000  0.0000000  0.0000000  0.0000000  0.0000000 
 0.0000000 
-0.2003710  0.0000000  0.0000000  0.0000000  0.0000000  0.0000000  0.0000000 
 0.0000000 
 0.0000000  1.0000000  0.0000000  0.0000000  0.0000000  0.0000000  0.0000000 
 0.0000000 
 0.0000000  0.0000000  1.0000000  0.0000000  0.0000000  0.0000000  0.0000000 
 0.0000000 
 0.0000000  0.0000000  0.0000000  1.0000000  0.0000000  0.0000000  0.0000000 
 0.0000000 
 0.0000000  0.0000000  0.0000000  0.0000000  1.0000000  0.0000000  0.0000000 
 0.0000000 
 0.0000000  0.0000000  0.0000000  0.0000000  0.0000000  1.0000000  0.0000000 
 0.0000000 
 0.0000000  0.0000000  0.0000000  0.0000000  0.0000000  0.0000000  1.0000000 
 0.0000000 
 0.0000000  0.0000000  0.0000000  0.0000000  0.0000000  0.0000000  0.0000000 
 1.0000000 

   484.5275000   146.6655000    56.3779000    23.6711000     9.4401000
     4.3712000     1.9580000     0.7272000     0.2460000     0.0744000

 0.0022860  0.0000000  0.0000000  0.0000000  0.0000000 
 0.0186290  0.0000000  0.0000000  0.0000000  0.0000000 
 0.0740880  0.0000000  0.0000000  0.0000000  0.0000000 
 0.1615540  0.0000000  0.0000000  0.0000000  0.0000000 
 0.3080910  0.0000000  0.0000000  0.0000000  0.0000000 
 0.4483340  0.0000000  0.0000000  0.0000000  0.0000000 
 0.0000000  1.0000000  0.0000000  0.0000000  0.0000000 
 0.0000000  0.0000000  1.0000000  0.0000000  0.0000000 
 0.0000000  0.0000000  0.0000000  1.0000000  0.0000000 
 0.0000000  0.0000000  0.0000000  0.0000000  1.0000000 

   175.1559000    62.8909000    28.3624000    13.2478000     6.1440000
     2.7623000     1.1574000     0.4244000

 0.0041020  0.0000000  0.0000000  0.0000000 
 0.0390860  0.0000000  0.0000000  0.0000000 
 0.1470440  0.0000000  0.0000000  0.0000000 
 0.2710920  0.0000000  0.0000000  0.0000000 
 0.3456650  0.0000000  0.0000000  0.0000000 
 0.0000000  1.0000000  0.0000000  0.0000000 
 0.0000000  0.0000000  1.0000000  0.0000000 
 0.0000000  0.0000000  0.0000000  1.0000000 

    28.3624000    13.2478000     6.1440000     2.7623000     1.1574000
     0.4244000

 0.0479050  0.0000000  0.0000000 
 0.1501280  0.0000000  0.0000000 
 0.3229110  0.0000000  0.0000000 
 0.4444940  0.0000000  0.0000000 
 0.0000000  1.0000000  0.0000000 
 0.0000000  0.0000000  1.0000000 

! ELEMENTS                      REFERENCES
! ---------                       ----------
! 



!
!  Effective core Potentials 
!  ------------------------- 
*
LA:ECP-28
# ECP from Stuttgart RSC 1997 ECP       - 28 CORE ELECTRONS
*
    NCORE = 28     LMAX =5
h-ul
   0.000000000    2   1.000000000
s-ul
 585.201953000    2  19.441418000
p-ul
 330.109510000    2  16.016353000
d-ul
 186.058232000    2  15.128259000
f-ul
 -49.433352000    2  23.103875000
g-ul
 -20.123020000    2  15.639020000
*
CE:ECP-28
# ECP from Stuttgart RSC 1997 ECP       - 28 CORE ELECTRONS
*
    NCORE = 28     LMAX =5
h-ul
   0.000000000    2   1.000000000
s-ul
 580.083457000    2  20.137829000
p-ul
 310.302833000    2  15.998482000
d-ul
 167.813944000    2  14.974187000
f-ul
 -49.390229000    2  23.402455000
g-ul
 -21.331879000    2  16.570553000
*
PR:ECP-28
# ECP from Stuttgart RSC 1997 ECP       - 28 CORE ELECTRONS
*
    NCORE = 28     LMAX =5
h-ul
   0.000000000    2   1.000000000
s-ul
 577.573122000    2  20.766278000
p-ul
 295.785846000    2  16.078448000
d-ul
 150.867055000    2  14.705089000
f-ul
 -48.736766000    2  23.378969000
g-ul
 -22.329488000    2  17.447138000
*
ND:ECP-28
# ECP from Stuttgart RSC 1997 ECP       - 28 CORE ELECTRONS
*
    NCORE = 28     LMAX =5
h-ul
   0.000000000    2   1.000000000
s-ul
 574.370980000    2  21.352267000
p-ul
 280.946440000    2  16.119265000
d-ul
 138.670627000    2  14.494103000
f-ul
 -47.522668000    2  23.183860000
g-ul
 -23.344587000    2  18.344174000
*
PM:ECP-28
# ECP from Stuttgart RSC 1997 ECP       - 28 CORE ELECTRONS
*
    NCORE = 28     LMAX =5
h-ul
   0.000000000    2   1.000000000
s-ul
 575.395749000    2  21.942865000
p-ul
 281.704514000    2  16.555161000
d-ul
 123.524737000    2  13.960308000
f-ul
 -50.741511000    2  24.033546000
g-ul
 -24.372510000    2  19.260245000
*
SM:ECP-28
# ECP from Stuttgart RSC 1997 ECP       - 28 CORE ELECTRONS
*
    NCORE = 28     LMAX =5
h-ul
   0.000000000    2   1.000000000
s-ul
 572.985332000    2  22.344471000
p-ul
 272.359145000    2  16.694590000
d-ul
 115.293900000    2  13.727705000
f-ul
 -51.108392000    2  24.059092000
g-ul
 -25.421885000    2  20.197249000
*
EU:ECP-28
# ECP from Stuttgart RSC 1997 ECP       - 28 CORE ELECTRONS
*
    NCORE = 28     LMAX =5
h-ul
   0.000000000    2   1.000000000
s-ul
 607.659331000    2  23.471384000
p-ul
 264.385476000    2  16.772479000
d-ul
 115.381375000    2  13.981343000
f-ul
 -49.400794000    2  23.962888000
g-ul
 -26.748273000    2  21.232458000
*
GD:ECP-28
# ECP from Stuttgart RSC 1997 ECP       - 28 CORE ELECTRONS
*
    NCORE = 28     LMAX =5
h-ul
   0.000000000    2   1.000000000
s-ul
 637.200869000    2  24.602151000
p-ul
 261.689601000    2  16.889250000
d-ul
 106.856533000    2  13.643358000
f-ul
 -50.683590000    2  24.126917000
g-ul
 -27.579630000    2  22.131887000
*
TB:ECP-28
# ECP from Stuttgart RSC 1997 ECP       - 28 CORE ELECTRONS
*
    NCORE = 28     LMAX =5
h-ul
   0.000000000    2   1.000000000
s-ul
 668.597155000    2  24.952956000
p-ul
 266.980475000    2  17.610899000
d-ul
  97.506596000    2  12.976009000
f-ul
 -52.175757000    2  24.248869000
g-ul
 -28.694268000    2  23.130672000
*
DY:ECP-28
# ECP from Stuttgart RSC 1997 ECP       - 28 CORE ELECTRONS
*
    NCORE = 28     LMAX =5
h-ul
   0.000000000    2   1.000000000
s-ul
 705.671221000    2  26.429586000
p-ul
 254.866989000    2  17.317034000
d-ul
  95.045187000    2  12.913599000
f-ul
 -54.574093000    2  24.907878000
g-ul
 -29.828277000    2  24.148753000
*
HO:ECP-28
# ECP from Stuttgart RSC 1997 ECP       - 28 CORE ELECTRONS
*
    NCORE = 28     LMAX =5
h-ul
   0.000000000    2   1.000000000
s-ul
 755.703136000    2  28.397257000
p-ul
 253.551998000    2  17.438633000
d-ul
  89.635677000    2  12.434212000
f-ul
 -55.482036000    2  25.387010000
g-ul
 -30.991125000    2  25.188501000
*
ER:ECP-28
# ECP from Stuttgart RSC 1997 ECP       - 28 CORE ELECTRONS
*
    NCORE = 28     LMAX =5
h-ul
   0.000000000    2   1.000000000
s-ul
 800.952876000    2  29.798592000
p-ul
 262.019869000    2  18.114237000
d-ul
  80.170552000    2  11.369587000
f-ul
 -42.336285000    2  21.821233000
g-ul
 -32.185278000    2  26.250735000
*
TM:ECP-28
# ECP from Stuttgart RSC 1997 ECP       - 28 CORE ELECTRONS
*
    NCORE = 28     LMAX =5
h-ul
   0.000000000    2   1.000000000
s-ul
 845.510743000    2  31.144122000
p-ul
 258.585239000    2  18.092353000
d-ul
  80.729059000    2  11.469159000
f-ul
 -48.701266000    2  23.605544000
g-ul
 -33.395496000    2  27.329781000
*
YB:ECP-28
# ECP from Stuttgart RSC 1997 ECP       - 28 CORE ELECTRONS
*
    NCORE = 28     LMAX =5
h-ul
   0.000000000    2   1.000000000
s-ul
 891.013777000    2  32.424484000
p-ul
 264.036953000    2  18.656232000
d-ul
  73.923919000    2  10.490222000
f-ul
 -39.592173000    2  20.774183000
g-ul
 -34.638638000    2  28.431028000
*
LU:ECP-28
# ECP from Stuttgart RSC 1997 ECP       - 28 CORE ELECTRONS
*
    NCORE = 28     LMAX =5
h-ul
   0.000000000    2   1.000000000
s-ul
 989.995584000    2  35.162097000
p-ul
 278.865652000    2  19.464402000
d-ul
  71.009178000    2  10.006865000
f-ul
 -47.405890000    2  23.517932000
g-ul
 -35.557146000    2  29.412238000
*


