!  SV + Double Rydberg (Dunning-Hay)  EMSL  Basis Set Exchange Library   3/19/13 6:55 PM
! T.H. DUNNING JR. AND P.J. HAY, IN METHODS OF ELECTRONIC STRUCTURE THEORY, 
!  VOL. 2, H.F. SCHAEFER III, ED., PLENUM PRESS (1977).
!   

! T.H. DUNNING, JR. AND P.J. HARRISON, IN MODERN THEORETICAL CHEMISTRY, VOL.2 
!  ED. H.F. SCHAEFER III (PLENUM PRESS, NEW YORK, 1977).
!   


B:SV + Double Rydberg (Dunning-Hay)
EMSL BASIS SET LIBRARY

  3
    0    1    2
    5    4    2
   12    7    2

  2788.0000000   419.0000000    96.4700000    28.0700000     9.3760000
     3.4060000     1.3060000     3.4060000     0.3245000     0.1022000
     0.0190000     0.0047000

 0.0012880  0.0000000  0.0000000  0.0000000  0.0000000 
 0.0098350  0.0000000  0.0000000  0.0000000  0.0000000 
 0.0476480  0.0000000  0.0000000  0.0000000  0.0000000 
 0.1600690  0.0000000  0.0000000  0.0000000  0.0000000 
 0.3628940  0.0000000  0.0000000  0.0000000  0.0000000 
 0.4335820  0.0000000  0.0000000  0.0000000  0.0000000 
 0.1400820  0.0000000  0.0000000  0.0000000  0.0000000 
 0.0000000 -0.1793300  0.0000000  0.0000000  0.0000000 
 0.0000000  1.0625940  0.0000000  0.0000000  0.0000000 
 0.0000000  0.0000000  1.0000000  0.0000000  0.0000000 
 0.0000000  0.0000000  0.0000000  1.0000000  0.0000000 
 0.0000000  0.0000000  0.0000000  0.0000000  1.0000000 

    11.3400000     2.4360000     0.6836000     0.2134000     0.0701100
     0.0150000     0.0041000

 0.0179880  0.0000000  0.0000000  0.0000000 
 0.1103430  0.0000000  0.0000000  0.0000000 
 0.3830720  0.0000000  0.0000000  0.0000000 
 0.6478950  0.0000000  0.0000000  0.0000000 
 0.0000000  1.0000000  0.0000000  0.0000000 
 0.0000000  0.0000000  1.0000000  0.0000000 
 0.0000000  0.0000000  0.0000000  1.0000000 

     0.0150000     0.0032000

 1.0000000  0.0000000 
 0.0000000  1.0000000 

C:SV + Double Rydberg (Dunning-Hay)
EMSL BASIS SET LIBRARY

  3
    0    1    2
    5    4    2
   12    7    2

  4233.0000000   634.9000000   146.1000000    42.5000000    14.1900000
     5.1480000     1.9670000     5.1480000     0.4962000     0.1533000
     0.0230000     0.0055000

 0.0012200  0.0000000  0.0000000  0.0000000  0.0000000 
 0.0093420  0.0000000  0.0000000  0.0000000  0.0000000 
 0.0454520  0.0000000  0.0000000  0.0000000  0.0000000 
 0.1546570  0.0000000  0.0000000  0.0000000  0.0000000 
 0.3588660  0.0000000  0.0000000  0.0000000  0.0000000 
 0.4386320  0.0000000  0.0000000  0.0000000  0.0000000 
 0.1459180  0.0000000  0.0000000  0.0000000  0.0000000 
 0.0000000 -0.1683670  0.0000000  0.0000000  0.0000000 
 0.0000000  1.0600910  0.0000000  0.0000000  0.0000000 
 0.0000000  0.0000000  1.0000000  0.0000000  0.0000000 
 0.0000000  0.0000000  0.0000000  1.0000000  0.0000000 
 0.0000000  0.0000000  0.0000000  0.0000000  1.0000000 

    18.1600000     3.9860000     1.1430000     0.3594000     0.1146000
     0.0210000     0.0049000

 0.0185390  0.0000000  0.0000000  0.0000000 
 0.1154360  0.0000000  0.0000000  0.0000000 
 0.3861880  0.0000000  0.0000000  0.0000000 
 0.6401140  0.0000000  0.0000000  0.0000000 
 0.0000000  1.0000000  0.0000000  0.0000000 
 0.0000000  0.0000000  1.0000000  0.0000000 
 0.0000000  0.0000000  0.0000000  1.0000000 

     0.0150000     0.0032000

 1.0000000  0.0000000 
 0.0000000  1.0000000 

N:SV + Double Rydberg (Dunning-Hay)
EMSL BASIS SET LIBRARY

  3
    0    1    2
    5    4    2
   12    7    2

  5909.0000000   887.5000000   204.7000000    59.8400000    20.0000000
     7.1930000     2.6860000     7.1930000     0.7000000     0.2133000
     0.0280000     0.0066000

 0.0011900  0.0000000  0.0000000  0.0000000  0.0000000 
 0.0090990  0.0000000  0.0000000  0.0000000  0.0000000 
 0.0441450  0.0000000  0.0000000  0.0000000  0.0000000 
 0.1504640  0.0000000  0.0000000  0.0000000  0.0000000 
 0.3567410  0.0000000  0.0000000  0.0000000  0.0000000 
 0.4465330  0.0000000  0.0000000  0.0000000  0.0000000 
 0.1456030  0.0000000  0.0000000  0.0000000  0.0000000 
 0.0000000 -0.1604050  0.0000000  0.0000000  0.0000000 
 0.0000000  1.0582150  0.0000000  0.0000000  0.0000000 
 0.0000000  0.0000000  1.0000000  0.0000000  0.0000000 
 0.0000000  0.0000000  0.0000000  1.0000000  0.0000000 
 0.0000000  0.0000000  0.0000000  0.0000000  1.0000000 

    26.7900000     5.9560000     1.7070000     0.5314000     0.1654000
     0.0250000     0.0051000

 0.0182540  0.0000000  0.0000000  0.0000000 
 0.1164610  0.0000000  0.0000000  0.0000000 
 0.3901780  0.0000000  0.0000000  0.0000000 
 0.6371020  0.0000000  0.0000000  0.0000000 
 0.0000000  1.0000000  0.0000000  0.0000000 
 0.0000000  0.0000000  1.0000000  0.0000000 
 0.0000000  0.0000000  0.0000000  1.0000000 

     0.0150000     0.0032000

 1.0000000  0.0000000 
 0.0000000  1.0000000 

O:SV + Double Rydberg (Dunning-Hay)
EMSL BASIS SET LIBRARY

  3
    0    1    2
    5    4    2
   12    7    2

  7817.0000000  1176.0000000   273.2000000    81.1700000    27.1800000
     9.5320000     3.4140000     9.5320000     0.9398000     0.2846000
     0.0320000     0.0066000

 0.0011760  0.0000000  0.0000000  0.0000000  0.0000000 
 0.0089680  0.0000000  0.0000000  0.0000000  0.0000000 
 0.0428680  0.0000000  0.0000000  0.0000000  0.0000000 
 0.1439300  0.0000000  0.0000000  0.0000000  0.0000000 
 0.3556300  0.0000000  0.0000000  0.0000000  0.0000000 
 0.4612480  0.0000000  0.0000000  0.0000000  0.0000000 
 0.1402060  0.0000000  0.0000000  0.0000000  0.0000000 
 0.0000000 -0.1541530  0.0000000  0.0000000  0.0000000 
 0.0000000  1.0569140  0.0000000  0.0000000  0.0000000 
 0.0000000  0.0000000  1.0000000  0.0000000  0.0000000 
 0.0000000  0.0000000  0.0000000  1.0000000  0.0000000 
 0.0000000  0.0000000  0.0000000  0.0000000  1.0000000 

    35.1800000     7.9040000     2.3050000     0.7171000     0.2137000
     0.0280000     0.0054000

 0.0195800  0.0000000  0.0000000  0.0000000 
 0.1242000  0.0000000  0.0000000  0.0000000 
 0.3947140  0.0000000  0.0000000  0.0000000 
 0.6273760  0.0000000  0.0000000  0.0000000 
 0.0000000  1.0000000  0.0000000  0.0000000 
 0.0000000  0.0000000  1.0000000  0.0000000 
 0.0000000  0.0000000  0.0000000  1.0000000 

     0.0150000     0.0032000

 1.0000000  0.0000000 
 0.0000000  1.0000000 

F:SV + Double Rydberg (Dunning-Hay)
EMSL BASIS SET LIBRARY

  3
    0    1    2
    5    4    2
   12    7    2

  9995.0000000  1506.0000000   350.3000000   104.1000000    34.8400000
    12.2200000     4.3690000    12.2200000     1.2080000     0.3634000
     0.0360000     0.0066000

 0.0011660  0.0000000  0.0000000  0.0000000  0.0000000 
 0.0088760  0.0000000  0.0000000  0.0000000  0.0000000 
 0.0423800  0.0000000  0.0000000  0.0000000  0.0000000 
 0.1429290  0.0000000  0.0000000  0.0000000  0.0000000 
 0.3553720  0.0000000  0.0000000  0.0000000  0.0000000 
 0.4620850  0.0000000  0.0000000  0.0000000  0.0000000 
 0.1408480  0.0000000  0.0000000  0.0000000  0.0000000 
 0.0000000 -0.1484520  0.0000000  0.0000000  0.0000000 
 0.0000000  1.0552700  0.0000000  0.0000000  0.0000000 
 0.0000000  0.0000000  1.0000000  0.0000000  0.0000000 
 0.0000000  0.0000000  0.0000000  1.0000000  0.0000000 
 0.0000000  0.0000000  0.0000000  0.0000000  1.0000000 

    44.3600000    10.0800000     2.9960000     0.9383000     0.2733000
     0.0290000     0.0054000

 0.0208760  0.0000000  0.0000000  0.0000000 
 0.1301070  0.0000000  0.0000000  0.0000000 
 0.3961660  0.0000000  0.0000000  0.0000000 
 0.6204040  0.0000000  0.0000000  0.0000000 
 0.0000000  1.0000000  0.0000000  0.0000000 
 0.0000000  0.0000000  1.0000000  0.0000000 
 0.0000000  0.0000000  0.0000000  1.0000000 

     0.0150000     0.0032000

 1.0000000  0.0000000 
 0.0000000  1.0000000 

NE:SV + Double Rydberg (Dunning-Hay)
EMSL BASIS SET LIBRARY

  3
    0    1    2
    5    4    2
   12    7    2

 12100.0000000  1821.0000000   432.8000000   132.5000000    43.7700000
    14.9100000     5.1270000    14.9100000     1.4910000     0.4468000
     0.0400000     0.0066000

 0.0012000  0.0000000  0.0000000  0.0000000  0.0000000 
 0.0090920  0.0000000  0.0000000  0.0000000  0.0000000 
 0.0413050  0.0000000  0.0000000  0.0000000  0.0000000 
 0.1378670  0.0000000  0.0000000  0.0000000  0.0000000 
 0.3624330  0.0000000  0.0000000  0.0000000  0.0000000 
 0.4722470  0.0000000  0.0000000  0.0000000  0.0000000 
 0.1300350  0.0000000  0.0000000  0.0000000  0.0000000 
 0.0000000 -0.1408100  0.0000000  0.0000000  0.0000000 
 0.0000000  1.0533270  0.0000000  0.0000000  0.0000000 
 0.0000000  0.0000000  1.0000000  0.0000000  0.0000000 
 0.0000000  0.0000000  0.0000000  1.0000000  0.0000000 
 0.0000000  0.0000000  0.0000000  0.0000000  1.0000000 

    56.4500000    12.9200000     3.8650000     1.2030000     0.3444000
     0.0300000     0.0054000

 0.0208750  0.0000000  0.0000000  0.0000000 
 0.1300320  0.0000000  0.0000000  0.0000000 
 0.3956790  0.0000000  0.0000000  0.0000000 
 0.6214500  0.0000000  0.0000000  0.0000000 
 0.0000000  1.0000000  0.0000000  0.0000000 
 0.0000000  0.0000000  1.0000000  0.0000000 
 0.0000000  0.0000000  0.0000000  1.0000000 

     0.0150000     0.0032000

 1.0000000  0.0000000 
 0.0000000  1.0000000 




