!  SVP (Dunning-Hay)  EMSL  Basis Set Exchange Library   3/19/13 6:56 PM
! T.H. DUNNING JR. AND P.J. HAY, IN METHODS OF ELECTRONIC STRUCTURE THEORY, 
!  VOL. 2, H.F. SCHAEFER III, ED., PLENUM PRESS (1977).
!   

!  H - F: T.H. DUNNING JR. AND P.J. HAY, IN METHODS OF ELECTRONIC STRUCTURE 
!               THEORY VOL. 2, H.F. SCHAEFER III, ED., PLENUM PRESS (1977). 
!   Si - Cl:    E. MAGNUSSON AND H.F. SCHAEFER III, JCP 83, 5721 (1985).
!   


H:SVP (Dunning-Hay)
EMSL BASIS SET LIBRARY

  2
    0    1
    2    1
    4    1

    19.2384000     2.8987000     0.6535000     0.1776000

 0.0328280  0.0000000 
 0.2312040  0.0000000 
 0.8172260  0.0000000 
 0.0000000  1.0000000 

     1.0000000

 1.0000000 

LI:SVP (Dunning-Hay)
EMSL BASIS SET LIBRARY

  3
    0    1    2
    3    2    1
   10    4    1

   921.3000000   138.7000000    31.9400000     9.3530000     3.1580000
     1.1570000     0.4446000     0.4446000     0.0766600     0.0286400

 0.0013670  0.0000000  0.0000000 
 0.0104250  0.0000000  0.0000000 
 0.0498590  0.0000000  0.0000000 
 0.1607010  0.0000000  0.0000000 
 0.3446040  0.0000000  0.0000000 
 0.4251970  0.0000000  0.0000000 
 0.1694680  0.0000000  0.0000000 
 0.0000000 -0.2223110  0.0000000 
 0.0000000  1.1164770  0.0000000 
 0.0000000  0.0000000  1.0000000 

     1.4880000     0.2667000     0.0720100     0.0237000

 0.0387700  0.0000000 
 0.2362570  0.0000000 
 0.8304480  0.0000000 
 0.0000000  1.0000000 

     0.2000000

 1.0000000 

BE:SVP (Dunning-Hay)
EMSL BASIS SET LIBRARY

  3
    0    1    2
    3    2    1
   10    5    1

  1741.0000000   262.1000000    60.3300000    17.6200000     5.9330000
     2.1850000     0.8590000     2.1850000     0.1806000     0.0583500

 0.0013050  0.0000000  0.0000000 
 0.0099550  0.0000000  0.0000000 
 0.0480310  0.0000000  0.0000000 
 0.1585770  0.0000000  0.0000000 
 0.3513250  0.0000000  0.0000000 
 0.4270060  0.0000000  0.0000000 
 0.1604900  0.0000000  0.0000000 
 0.0000000 -0.1852940  0.0000000 
 0.0000000  1.0570140  0.0000000 
 0.0000000  0.0000000  1.0000000 

     6.7100000     1.4420000     0.4103000     0.1397000     0.0492200

 0.0163780  0.0000000 
 0.0915530  0.0000000 
 0.3414690  0.0000000 
 0.6854280  0.0000000 
 0.0000000  1.0000000 

     0.4000000

 1.0000000 

B:SVP (Dunning-Hay)
EMSL BASIS SET LIBRARY

  3
    0    1    2
    3    2    1
   10    5    1

  2788.0000000   419.0000000    96.4700000    28.0700000     9.3760000
     3.4060000     1.3060000     3.4060000     0.3245000     0.1022000

 0.0012880  0.0000000  0.0000000 
 0.0098350  0.0000000  0.0000000 
 0.0476480  0.0000000  0.0000000 
 0.1600690  0.0000000  0.0000000 
 0.3628940  0.0000000  0.0000000 
 0.4335820  0.0000000  0.0000000 
 0.1400820  0.0000000  0.0000000 
 0.0000000 -0.1793300  0.0000000 
 0.0000000  1.0625940  0.0000000 
 0.0000000  0.0000000  1.0000000 

    11.3400000     2.4360000     0.6836000     0.2134000     0.0701100

 0.0179880  0.0000000 
 0.1103430  0.0000000 
 0.3830720  0.0000000 
 0.6478950  0.0000000 
 0.0000000  1.0000000 

     0.7000000

 1.0000000 

C:SVP (Dunning-Hay)
EMSL BASIS SET LIBRARY

  3
    0    1    2
    3    2    1
   10    5    1

  4233.0000000   634.9000000   146.1000000    42.5000000    14.1900000
     5.1480000     1.9670000     5.1480000     0.4962000     0.1533000

 0.0012200  0.0000000  0.0000000 
 0.0093420  0.0000000  0.0000000 
 0.0454520  0.0000000  0.0000000 
 0.1546570  0.0000000  0.0000000 
 0.3588660  0.0000000  0.0000000 
 0.4386320  0.0000000  0.0000000 
 0.1459180  0.0000000  0.0000000 
 0.0000000 -0.1683670  0.0000000 
 0.0000000  1.0600910  0.0000000 
 0.0000000  0.0000000  1.0000000 

    18.1600000     3.9860000     1.1430000     0.3594000     0.1146000

 0.0185390  0.0000000 
 0.1154360  0.0000000 
 0.3861880  0.0000000 
 0.6401140  0.0000000 
 0.0000000  1.0000000 

     0.7500000

 1.0000000 

N:SVP (Dunning-Hay)
EMSL BASIS SET LIBRARY

  3
    0    1    2
    3    2    1
   10    5    1

  5909.0000000   887.5000000   204.7000000    59.8400000    20.0000000
     7.1930000     2.6860000     7.1930000     0.7000000     0.2133000

 0.0011900  0.0000000  0.0000000 
 0.0090990  0.0000000  0.0000000 
 0.0441450  0.0000000  0.0000000 
 0.1504640  0.0000000  0.0000000 
 0.3567410  0.0000000  0.0000000 
 0.4465330  0.0000000  0.0000000 
 0.1456030  0.0000000  0.0000000 
 0.0000000 -0.1604050  0.0000000 
 0.0000000  1.0582150  0.0000000 
 0.0000000  0.0000000  1.0000000 

    26.7900000     5.9560000     1.7070000     0.5314000     0.1654000

 0.0182540  0.0000000 
 0.1164610  0.0000000 
 0.3901780  0.0000000 
 0.6371020  0.0000000 
 0.0000000  1.0000000 

     0.8000000

 1.0000000 

O:SVP (Dunning-Hay)
EMSL BASIS SET LIBRARY

  3
    0    1    2
    3    2    1
   10    5    1

  7817.0000000  1176.0000000   273.2000000    81.1700000    27.1800000
     9.5320000     3.4140000     9.5320000     0.9398000     0.2846000

 0.0011760  0.0000000  0.0000000 
 0.0089680  0.0000000  0.0000000 
 0.0428680  0.0000000  0.0000000 
 0.1439300  0.0000000  0.0000000 
 0.3556300  0.0000000  0.0000000 
 0.4612480  0.0000000  0.0000000 
 0.1402060  0.0000000  0.0000000 
 0.0000000 -0.1541530  0.0000000 
 0.0000000  1.0569140  0.0000000 
 0.0000000  0.0000000  1.0000000 

    35.1800000     7.9040000     2.3050000     0.7171000     0.2137000

 0.0195800  0.0000000 
 0.1242000  0.0000000 
 0.3947140  0.0000000 
 0.6273760  0.0000000 
 0.0000000  1.0000000 

     0.8500000

 1.0000000 

F:SVP (Dunning-Hay)
EMSL BASIS SET LIBRARY

  3
    0    1    2
    3    2    1
   10    5    1

  9995.0000000  1506.0000000   350.3000000   104.1000000    34.8400000
    12.2200000     4.3690000    12.2200000     1.2080000     0.3634000

 0.0011660  0.0000000  0.0000000 
 0.0088760  0.0000000  0.0000000 
 0.0423800  0.0000000  0.0000000 
 0.1429290  0.0000000  0.0000000 
 0.3553720  0.0000000  0.0000000 
 0.4620850  0.0000000  0.0000000 
 0.1408480  0.0000000  0.0000000 
 0.0000000 -0.1484520  0.0000000 
 0.0000000  1.0552700  0.0000000 
 0.0000000  0.0000000  1.0000000 

    44.3600000    10.0800000     2.9960000     0.9383000     0.2733000

 0.0208760  0.0000000 
 0.1301070  0.0000000 
 0.3961660  0.0000000 
 0.6204040  0.0000000 
 0.0000000  1.0000000 

     0.9000000

 1.0000000 

NE:SVP (Dunning-Hay)
EMSL BASIS SET LIBRARY

  3
    0    1    2
    3    2    1
   10    5    1

 12100.0000000  1821.0000000   432.8000000   132.5000000    43.7700000
    14.9100000     5.1270000    14.9100000     1.4910000     0.4468000

 0.0012000  0.0000000  0.0000000 
 0.0090920  0.0000000  0.0000000 
 0.0413050  0.0000000  0.0000000 
 0.1378670  0.0000000  0.0000000 
 0.3624330  0.0000000  0.0000000 
 0.4722470  0.0000000  0.0000000 
 0.1300350  0.0000000  0.0000000 
 0.0000000 -0.1408100  0.0000000 
 0.0000000  1.0533270  0.0000000 
 0.0000000  0.0000000  1.0000000 

    56.4500000    12.9200000     3.8650000     1.2030000     0.3444000

 0.0208750  0.0000000 
 0.1300320  0.0000000 
 0.3956790  0.0000000 
 0.6214500  0.0000000 
 0.0000000  1.0000000 

     0.9500000

 1.0000000 




