!  TZ (Dunning)  EMSL  Basis Set Exchange Library   6/9/11 8:50 PM
! !
! 



H:TZ (Dunning)
EMSL BASIS SET LIBRARY

  1
    0
    3
    5

    74.6900000    11.2300000     2.5460000     0.7130000     0.2249000

 0.0253740  0.0000000  0.0000000 
 0.1896840  0.0000000  0.0000000 
 0.8529330  0.0000000  0.0000000 
 0.0000000  1.0000000  0.0000000 
 0.0000000  0.0000000  1.0000000 

LI:TZ (Dunning)
EMSL BASIS SET LIBRARY

  1
    0
    4
   10

  1783.0000000   267.1000000    60.0700000    16.7800000     5.4030000
     1.9060000     0.2634000     0.7179000     0.0771600     0.0285400

 0.0008240  0.0000000  0.0000000  0.0000000 
 0.0064030  0.0000000  0.0000000  0.0000000 
 0.0332390  0.0000000  0.0000000  0.0000000 
 0.1266210  0.0000000  0.0000000  0.0000000 
 0.3377490  0.0000000  0.0000000  0.0000000 
 0.5756690  0.0000000  0.0000000  0.0000000 
 0.0623110  0.0000000  0.0000000  0.0000000 
 0.0000000  1.0000000  0.0000000  0.0000000 
 0.0000000  0.0000000  1.0000000  0.0000000 
 0.0000000  0.0000000  0.0000000  1.0000000 

BE:TZ (Dunning)
EMSL BASIS SET LIBRARY

  1
    0
    5
   11

  3630.0000000   532.3000000   117.8000000    32.6600000    10.4800000
     3.6680000     3.6680000     1.3540000     0.3890000     0.1502000
     0.0524100

 0.0008390  0.0000000  0.0000000  0.0000000  0.0000000 
 0.0067350  0.0000000  0.0000000  0.0000000  0.0000000 
 0.0357260  0.0000000  0.0000000  0.0000000  0.0000000 
 0.1386350  0.0000000  0.0000000  0.0000000  0.0000000 
 0.3853990  0.0000000  0.0000000  0.0000000  0.0000000 
 0.5476880  0.0000000  0.0000000  0.0000000  0.0000000 
 0.0000000  0.2134060  0.0000000  0.0000000  0.0000000 
 0.0000000  0.8146920  0.0000000  0.0000000  0.0000000 
 0.0000000  0.0000000  1.0000000  0.0000000  0.0000000 
 0.0000000  0.0000000  0.0000000  1.0000000  0.0000000 
 0.0000000  0.0000000  0.0000000  0.0000000  1.0000000 

B:TZ (Dunning)
EMSL BASIS SET LIBRARY

  2
    0    1
    5    3
   11    6

  6250.0000000   916.1000000   202.2000000    55.8300000    17.8600000
     6.2530000     6.2530000     2.3120000     0.6824000     0.2604000
     0.0894000

 0.0007980  0.0000000  0.0000000  0.0000000  0.0000000 
 0.0064100  0.0000000  0.0000000  0.0000000  0.0000000 
 0.0342990  0.0000000  0.0000000  0.0000000  0.0000000 
 0.1354870  0.0000000  0.0000000  0.0000000  0.0000000 
 0.3885320  0.0000000  0.0000000  0.0000000  0.0000000 
 0.5477580  0.0000000  0.0000000  0.0000000  0.0000000 
 0.0000000  0.2326430  0.0000000  0.0000000  0.0000000 
 0.0000000  0.7972190  0.0000000  0.0000000  0.0000000 
 0.0000000  0.0000000  1.0000000  0.0000000  0.0000000 
 0.0000000  0.0000000  0.0000000  1.0000000  0.0000000 
 0.0000000  0.0000000  0.0000000  0.0000000  1.0000000 

    15.4600000     3.4830000     1.0660000     0.3928000     0.1503000
     0.0572200

 0.0168220  0.0000000  0.0000000 
 0.1008780  0.0000000  0.0000000 
 0.3368950  0.0000000  0.0000000 
 0.6723170  0.0000000  0.0000000 
 0.0000000  1.0000000  0.0000000 
 0.0000000  0.0000000  1.0000000 

C:TZ (Dunning)
EMSL BASIS SET LIBRARY

  2
    0    1
    5    3
   11    6

  9471.0000000  1398.0000000   307.5000000    84.5400000    26.9100000
     9.4090000     9.4090000     3.5000000     1.0680000     0.4002000
     0.1351000

 0.0007760  0.0000000  0.0000000  0.0000000  0.0000000 
 0.0062180  0.0000000  0.0000000  0.0000000  0.0000000 
 0.0335750  0.0000000  0.0000000  0.0000000  0.0000000 
 0.1342780  0.0000000  0.0000000  0.0000000  0.0000000 
 0.3936680  0.0000000  0.0000000  0.0000000  0.0000000 
 0.5441690  0.0000000  0.0000000  0.0000000  0.0000000 
 0.0000000  0.2480750  0.0000000  0.0000000  0.0000000 
 0.0000000  0.7828440  0.0000000  0.0000000  0.0000000 
 0.0000000  0.0000000  1.0000000  0.0000000  0.0000000 
 0.0000000  0.0000000  0.0000000  1.0000000  0.0000000 
 0.0000000  0.0000000  0.0000000  0.0000000  1.0000000 

    25.3700000     5.7760000     1.7870000     0.6577000     0.2480000
     0.0910600

 0.0162950  0.0000000  0.0000000 
 0.1020980  0.0000000  0.0000000 
 0.3402280  0.0000000  0.0000000 
 0.6682690  0.0000000  0.0000000 
 0.0000000  1.0000000  0.0000000 
 0.0000000  0.0000000  1.0000000 

N:TZ (Dunning)
EMSL BASIS SET LIBRARY

  2
    0    1
    5    3
   11    6

 13520.0000000  1999.0000000   440.0000000   120.9000000    38.4700000
    13.4600000    13.4600000     4.9930000     1.5690000     0.5800000
     0.1923000

 0.0007600  0.0000000  0.0000000  0.0000000  0.0000000 
 0.0060760  0.0000000  0.0000000  0.0000000  0.0000000 
 0.0328470  0.0000000  0.0000000  0.0000000  0.0000000 
 0.1323960  0.0000000  0.0000000  0.0000000  0.0000000 
 0.3932610  0.0000000  0.0000000  0.0000000  0.0000000 
 0.5463390  0.0000000  0.0000000  0.0000000  0.0000000 
 0.0000000  0.2520360  0.0000000  0.0000000  0.0000000 
 0.0000000  0.7793850  0.0000000  0.0000000  0.0000000 
 0.0000000  0.0000000  1.0000000  0.0000000  0.0000000 
 0.0000000  0.0000000  0.0000000  1.0000000  0.0000000 
 0.0000000  0.0000000  0.0000000  0.0000000  1.0000000 

    35.9100000     8.4800000     2.7060000     0.9921000     0.3727000
     0.1346000

 0.0169160  0.0000000  0.0000000 
 0.1022000  0.0000000  0.0000000 
 0.3381340  0.0000000  0.0000000 
 0.6692810  0.0000000  0.0000000 
 0.0000000  1.0000000  0.0000000 
 0.0000000  0.0000000  1.0000000 

O:TZ (Dunning)
EMSL BASIS SET LIBRARY

  2
    0    1
    5    3
   11    6

 18050.0000000  2660.0000000   585.7000000   160.9000000    51.1600000
    17.9000000    17.9000000     6.6390000     2.0770000     0.7736000
     0.2558000

 0.0007570  0.0000000  0.0000000  0.0000000  0.0000000 
 0.0060660  0.0000000  0.0000000  0.0000000  0.0000000 
 0.0327820  0.0000000  0.0000000  0.0000000  0.0000000 
 0.1326090  0.0000000  0.0000000  0.0000000  0.0000000 
 0.3968390  0.0000000  0.0000000  0.0000000  0.0000000 
 0.5425720  0.0000000  0.0000000  0.0000000  0.0000000 
 0.0000000  0.2624900  0.0000000  0.0000000  0.0000000 
 0.0000000  0.7698280  0.0000000  0.0000000  0.0000000 
 0.0000000  0.0000000  1.0000000  0.0000000  0.0000000 
 0.0000000  0.0000000  0.0000000  1.0000000  0.0000000 
 0.0000000  0.0000000  0.0000000  0.0000000  1.0000000 

    49.8300000    11.4900000     3.6090000     1.3210000     0.4821000
     0.1651000

 0.0163580  0.0000000  0.0000000 
 0.1064530  0.0000000  0.0000000 
 0.3493020  0.0000000  0.0000000 
 0.6571830  0.0000000  0.0000000 
 0.0000000  1.0000000  0.0000000 
 0.0000000  0.0000000  1.0000000 

F:TZ (Dunning)
EMSL BASIS SET LIBRARY

  2
    0    1
    5    3
   11    6

 23340.0000000  3431.0000000   757.7000000   209.2000000    66.7300000
    23.3700000    23.3700000     8.6240000     2.6920000     1.0090000
     0.3312000

 0.0007570  0.0000000  0.0000000  0.0000000  0.0000000 
 0.0060810  0.0000000  0.0000000  0.0000000  0.0000000 
 0.0326360  0.0000000  0.0000000  0.0000000  0.0000000 
 0.1317040  0.0000000  0.0000000  0.0000000  0.0000000 
 0.3962400  0.0000000  0.0000000  0.0000000  0.0000000 
 0.5436720  0.0000000  0.0000000  0.0000000  0.0000000 
 0.0000000  0.2648930  0.0000000  0.0000000  0.0000000 
 0.0000000  0.7679250  0.0000000  0.0000000  0.0000000 
 0.0000000  0.0000000  1.0000000  0.0000000  0.0000000 
 0.0000000  0.0000000  0.0000000  1.0000000  0.0000000 
 0.0000000  0.0000000  0.0000000  0.0000000  1.0000000 

    65.6600000    15.2200000     4.7880000     1.7320000     0.6206000
     0.2070000

 0.0160370  0.0000000  0.0000000 
 0.1056970  0.0000000  0.0000000 
 0.3502270  0.0000000  0.0000000 
 0.6581950  0.0000000  0.0000000 
 0.0000000  1.0000000  0.0000000 
 0.0000000  0.0000000  1.0000000 

NE:TZ (Dunning)
EMSL BASIS SET LIBRARY

  2
    0    1
    5    3
   11    6

 28660.0000000  4263.0000000   946.8000000   261.5000000    83.3400000
    29.1700000    29.1700000    10.7600000     3.3430000     1.2410000
     0.4063000

 0.0007670  0.0000000  0.0000000  0.0000000  0.0000000 
 0.0060680  0.0000000  0.0000000  0.0000000  0.0000000 
 0.0324740  0.0000000  0.0000000  0.0000000  0.0000000 
 0.1314680  0.0000000  0.0000000  0.0000000  0.0000000 
 0.3977230  0.0000000  0.0000000  0.0000000  0.0000000 
 0.5424910  0.0000000  0.0000000  0.0000000  0.0000000 
 0.0000000  0.2690650  0.0000000  0.0000000  0.0000000 
 0.0000000  0.7641210  0.0000000  0.0000000  0.0000000 
 0.0000000  0.0000000  1.0000000  0.0000000  0.0000000 
 0.0000000  0.0000000  0.0000000  1.0000000  0.0000000 
 0.0000000  0.0000000  0.0000000  0.0000000  1.0000000 

    84.8400000    19.7100000     6.2190000     2.2110000     0.7853000
     0.2566000

 0.0155500  0.0000000  0.0000000 
 0.1030110  0.0000000  0.0000000 
 0.3492150  0.0000000  0.0000000 
 0.6628390  0.0000000  0.0000000 
 0.0000000  1.0000000  0.0000000 
 0.0000000  0.0000000  1.0000000 





